Freq[Hz]	[dBV]	Phase[Deg]
10.00	-63.71	-70.12
10.04	-63.41	-68.07
10.08	-63.10	-66.00
10.11	-62.78	-63.92
10.15	-62.46	-61.82
10.19	-62.14	-59.71
10.23	-61.81	-57.60
10.27	-61.47	-55.47
10.31	-61.14	-53.34
10.34	-60.79	-51.20
10.38	-60.45	-49.06
10.42	-60.10	-46.91
10.46	-59.75	-44.77
10.50	-59.39	-42.62
10.54	-59.03	-40.48
10.58	-58.67	-38.34
10.62	-58.31	-36.21
10.66	-57.95	-34.09
10.70	-57.58	-31.98
10.74	-57.21	-29.88
10.78	-56.85	-27.79
10.82	-56.48	-25.72
10.86	-56.11	-23.66
10.90	-55.75	-21.63
10.95	-55.38	-19.62
10.99	-55.02	-17.63
11.03	-54.65	-15.67
11.07	-54.29	-13.74
11.11	-53.93	-11.84
11.15	-53.58	-9.97
11.20	-53.23	-8.14
11.24	-52.88	-6.35
11.28	-52.53	-4.60
11.32	-52.19	-2.89
11.37	-51.86	-1.23
11.41	-51.53	0.38
11.45	-51.21	1.95
11.50	-50.89	3.45
11.54	-50.58	4.90
11.58	-50.28	6.29
11.63	-49.98	7.62
11.67	-49.70	8.88
11.71	-49.42	10.08
11.76	-49.15	11.20
11.80	-48.90	12.25
11.85	-48.65	13.23
11.89	-48.41	14.13
11.94	-48.18	14.97
11.98	-47.96	15.74
12.03	-47.75	16.44
12.07	-47.55	17.08
12.12	-47.36	17.65
12.16	-47.18	18.15
12.21	-47.00	18.59
12.26	-46.83	18.96
12.30	-46.68	19.28
12.35	-46.53	19.53
12.39	-46.39	19.72
12.44	-46.25	19.85
12.49	-46.13	19.92
12.54	-46.01	19.94
12.58	-45.90	19.90
12.63	-45.79	19.81
12.68	-45.70	19.66
12.73	-45.61	19.46
12.77	-45.53	19.21
12.82	-45.45	18.92
12.87	-45.38	18.57
12.92	-45.32	18.18
12.97	-45.26	17.74
13.02	-45.21	17.26
13.07	-45.16	16.74
13.12	-45.12	16.18
13.16	-45.08	15.58
13.21	-45.05	14.94
13.26	-45.03	14.27
13.31	-45.01	13.57
13.36	-44.99	12.83
13.41	-44.97	12.07
13.47	-44.96	11.28
13.52	-44.96	10.46
13.57	-44.95	9.62
13.62	-44.95	8.76
13.67	-44.95	7.88
13.72	-44.95	6.99
13.77	-44.96	6.08
13.83	-44.97	5.15
13.88	-44.97	4.22
13.93	-44.98	3.28
13.98	-44.99	2.34
14.04	-45.00	1.39
14.09	-45.01	0.45
14.14	-45.02	-0.49
14.19	-45.02	-1.43
14.25	-45.03	-2.36
14.30	-45.03	-3.27
14.36	-45.04	-4.17
14.41	-45.03	-5.06
14.46	-45.03	-5.92
14.52	-45.02	-6.76
14.57	-45.01	-7.58
14.63	-45.00	-8.36
14.68	-44.98	-9.11
14.74	-44.96	-9.83
14.80	-44.93	-10.51
14.85	-44.89	-11.17
14.91	-44.85	-11.78
14.96	-44.81	-12.37
15.02	-44.76	-12.92
15.08	-44.71	-13.45
15.13	-44.65	-13.94
15.19	-44.59	-14.41
15.25	-44.53	-14.84
15.31	-44.46	-15.25
15.36	-44.39	-15.63
15.42	-44.31	-15.98
15.48	-44.23	-16.31
15.54	-44.15	-16.61
15.60	-44.06	-16.88
15.66	-43.97	-17.14
15.71	-43.88	-17.37
15.77	-43.78	-17.58
15.83	-43.68	-17.76
15.89	-43.57	-17.93
15.95	-43.47	-18.07
16.01	-43.36	-18.20
16.07	-43.25	-18.31
16.13	-43.13	-18.41
16.19	-43.02	-18.49
16.26	-42.90	-18.55
16.32	-42.78	-18.60
16.38	-42.65	-18.64
16.44	-42.53	-18.66
16.50	-42.40	-18.68
16.56	-42.27	-18.69
16.63	-42.14	-18.69
16.69	-42.01	-18.68
16.75	-41.88	-18.67
16.82	-41.75	-18.65
16.88	-41.62	-18.63
16.94	-41.48	-18.61
17.01	-41.35	-18.59
17.07	-41.22	-18.57
17.14	-41.08	-18.55
17.20	-40.95	-18.54
17.27	-40.82	-18.53
17.33	-40.68	-18.53
17.40	-40.55	-18.54
17.46	-40.42	-18.56
17.53	-40.29	-18.59
17.59	-40.17	-18.64
17.66	-40.04	-18.70
17.73	-39.92	-18.78
17.79	-39.79	-18.86
17.86	-39.67	-18.97
17.93	-39.55	-19.09
18.00	-39.44	-19.22
18.06	-39.32	-19.36
18.13	-39.21	-19.52
18.20	-39.09	-19.69
18.27	-38.98	-19.87
18.34	-38.87	-20.06
18.41	-38.76	-20.27
18.48	-38.65	-20.49
18.55	-38.54	-20.71
18.62	-38.43	-20.95
18.69	-38.33	-21.20
18.76	-38.22	-21.46
18.83	-38.12	-21.72
18.90	-38.01	-22.00
18.97	-37.91	-22.28
19.04	-37.80	-22.58
19.11	-37.70	-22.87
19.19	-37.60	-23.18
19.26	-37.50	-23.49
19.33	-37.39	-23.81
19.40	-37.29	-24.14
19.48	-37.19	-24.47
19.55	-37.09	-24.80
19.62	-36.98	-25.14
19.70	-36.88	-25.48
19.77	-36.78	-25.82
19.85	-36.67	-26.17
19.92	-36.57	-26.52
20.00	-36.47	-26.87
20.07	-36.36	-27.22
20.15	-36.25	-27.56
20.22	-36.14	-27.91
20.30	-36.03	-28.26
20.38	-35.92	-28.60
20.45	-35.81	-28.94
20.53	-35.70	-29.28
20.61	-35.58	-29.61
20.69	-35.47	-29.94
20.77	-35.35	-30.27
20.84	-35.23	-30.59
20.92	-35.11	-30.91
21.00	-34.98	-31.23
21.08	-34.86	-31.55
21.16	-34.73	-31.86
21.24	-34.61	-32.18
21.32	-34.48	-32.49
21.40	-34.35	-32.81
21.48	-34.22	-33.12
21.56	-34.08	-33.43
21.64	-33.95	-33.75
21.73	-33.81	-34.07
21.81	-33.67	-34.39
21.89	-33.54	-34.71
21.97	-33.40	-35.04
22.06	-33.26	-35.37
22.14	-33.11	-35.70
22.22	-32.97	-36.04
22.31	-32.83	-36.39
22.39	-32.68	-36.74
22.47	-32.53	-37.10
22.56	-32.39	-37.46
22.64	-32.24	-37.83
22.73	-32.09	-38.22
22.82	-31.94	-38.61
22.90	-31.78	-39.01
22.99	-31.63	-39.42
23.07	-31.48	-39.84
23.16	-31.32	-40.27
23.25	-31.17	-40.72
23.34	-31.01	-41.18
23.43	-30.86	-41.65
23.51	-30.70	-42.14
23.60	-30.54	-42.65
23.69	-30.38	-43.17
23.78	-30.22	-43.70
23.87	-30.06	-44.26
23.96	-29.90	-44.83
24.05	-29.74	-45.41
24.14	-29.58	-46.02
24.23	-29.42	-46.64
24.32	-29.26	-47.29
24.42	-29.10	-47.95
24.51	-28.94	-48.64
24.60	-28.78	-49.34
24.69	-28.62	-50.07
24.79	-28.46	-50.81
24.88	-28.29	-51.58
24.97	-28.13	-52.38
25.07	-27.97	-53.20
25.16	-27.81	-54.04
25.26	-27.65	-54.90
25.35	-27.49	-55.80
25.45	-27.33	-56.72
25.54	-27.17	-57.66
25.64	-27.02	-58.63
25.74	-26.86	-59.63
25.84	-26.70	-60.66
25.93	-26.55	-61.72
26.03	-26.39	-62.81
26.13	-26.24	-63.93
26.23	-26.08	-65.09
26.33	-25.93	-66.27
26.43	-25.78	-67.49
26.53	-25.63	-68.74
26.63	-25.49	-70.02
26.73	-25.34	-71.34
26.83	-25.20	-72.68
26.93	-25.06	-74.05
27.03	-24.92	-75.45
27.13	-24.78	-76.87
27.23	-24.65	-78.32
27.34	-24.52	-79.80
27.44	-24.39	-81.29
27.54	-24.27	-82.81
27.65	-24.15	-84.35
27.75	-24.03	-85.90
27.86	-23.92	-87.48
27.96	-23.81	-89.06
28.07	-23.71	-90.66
28.17	-23.61	-92.28
28.28	-23.52	-93.90
28.39	-23.43	-95.54
28.49	-23.35	-97.18
28.60	-23.28	-98.83
28.71	-23.21	-100.48
28.82	-23.15	-102.13
28.93	-23.10	-103.79
29.03	-23.05	-105.44
29.14	-23.01	-107.09
29.25	-22.98	-108.74
29.36	-22.96	-110.38
29.48	-22.95	-112.01
29.59	-22.94	-113.63
29.70	-22.94	-115.24
29.81	-22.95	-116.84
29.92	-22.97	-118.43
30.04	-22.99	-120.01
30.15	-23.02	-121.57
30.26	-23.06	-123.12
30.38	-23.10	-124.65
30.49	-23.15	-126.16
30.61	-23.20	-127.66
30.72	-23.26	-129.13
30.84	-23.32	-130.59
30.95	-23.39	-132.02
31.07	-23.46	-133.43
31.19	-23.53	-134.81
31.31	-23.61	-136.18
31.42	-23.69	-137.51
31.54	-23.78	-138.81
31.66	-23.86	-140.09
31.78	-23.95	-141.34
31.90	-24.03	-142.55
32.02	-24.12	-143.73
32.14	-24.21	-144.88
32.26	-24.30	-145.99
32.39	-24.38	-147.06
32.51	-24.47	-148.09
32.63	-24.56	-149.10
32.75	-24.64	-150.06
32.88	-24.73	-151.00
33.00	-24.81	-151.90
33.13	-24.89	-152.76
33.25	-24.97	-153.60
33.38	-25.06	-154.41
33.50	-25.14	-155.19
33.63	-25.22	-155.94
33.76	-25.29	-156.67
33.88	-25.37	-157.37
34.01	-25.45	-158.05
34.14	-25.52	-158.70
34.27	-25.60	-159.33
34.40	-25.67	-159.95
34.53	-25.74	-160.54
34.66	-25.82	-161.11
34.79	-25.89	-161.67
34.92	-25.96	-162.21
35.05	-26.02	-162.74
35.18	-26.09	-163.26
35.32	-26.16	-163.77
35.45	-26.22	-164.26
35.58	-26.29	-164.75
35.72	-26.35	-165.22
35.85	-26.41	-165.69
35.99	-26.47	-166.14
36.12	-26.53	-166.59
36.26	-26.58	-167.03
36.40	-26.64	-167.46
36.53	-26.70	-167.89
36.67	-26.75	-168.30
36.81	-26.80	-168.71
36.95	-26.85	-169.11
37.09	-26.90	-169.51
37.23	-26.95	-169.90
37.37	-27.00	-170.29
37.51	-27.05	-170.67
37.65	-27.09	-171.05
37.79	-27.14	-171.43
37.94	-27.18	-171.80
38.08	-27.23	-172.17
38.22	-27.27	-172.54
38.37	-27.31	-172.90
38.51	-27.34	-173.27
38.66	-27.38	-173.63
38.80	-27.42	-173.99
38.95	-27.46	-174.35
39.10	-27.49	-174.70
39.24	-27.52	-175.05
39.39	-27.56	-175.40
39.54	-27.59	-175.75
39.69	-27.62	-176.09
39.84	-27.65	-176.43
39.99	-27.68	-176.77
40.14	-27.71	-177.11
40.29	-27.74	-177.44
40.45	-27.76	-177.76
40.60	-27.79	-178.09
40.75	-27.82	-178.41
40.90	-27.84	-178.72
41.06	-27.87	-179.03
41.21	-27.89	-179.34
41.37	-27.92	-179.64
41.53	-27.94	-179.94
41.68	-27.96	179.76
41.84	-27.98	179.47
42.00	-28.01	179.19
42.16	-28.03	178.90
42.32	-28.05	178.62
42.47	-28.07	178.34
42.63	-28.09	178.07
42.80	-28.10	177.80
42.96	-28.12	177.53
43.12	-28.13	177.26
43.28	-28.15	177.00
43.45	-28.16	176.74
43.61	-28.17	176.47
43.77	-28.19	176.22
43.94	-28.19	175.96
44.10	-28.20	175.70
44.27	-28.21	175.45
44.44	-28.22	175.19
44.61	-28.22	174.94
44.77	-28.22	174.69
44.94	-28.23	174.43
45.11	-28.23	174.18
45.28	-28.23	173.93
45.45	-28.23	173.67
45.63	-28.22	173.41
45.80	-28.22	173.16
45.97	-28.22	172.90
46.14	-28.21	172.64
46.32	-28.21	172.37
46.49	-28.20	172.11
46.67	-28.19	171.84
46.84	-28.18	171.57
47.02	-28.17	171.29
47.20	-28.16	171.01
47.38	-28.15	170.73
47.56	-28.14	170.44
47.74	-28.13	170.15
47.92	-28.12	169.86
48.10	-28.10	169.57
48.28	-28.09	169.27
48.46	-28.07	168.97
48.64	-28.06	168.67
48.83	-28.04	168.37
49.01	-28.03	168.07
49.20	-28.01	167.77
49.38	-27.99	167.47
49.57	-27.97	167.16
49.75	-27.95	166.86
49.94	-27.93	166.56
50.13	-27.91	166.26
50.32	-27.89	165.96
50.51	-27.87	165.66
50.70	-27.85	165.36
50.89	-27.83	165.05
51.08	-27.80	164.75
51.28	-27.78	164.45
51.47	-27.75	164.14
51.66	-27.72	163.84
51.86	-27.70	163.53
52.05	-27.67	163.22
52.25	-27.64	162.91
52.45	-27.60	162.60
52.65	-27.57	162.29
52.85	-27.54	161.97
53.04	-27.50	161.65
53.24	-27.46	161.32
53.45	-27.42	160.99
53.65	-27.38	160.66
53.85	-27.34	160.31
54.05	-27.29	159.96
54.26	-27.25	159.60
54.46	-27.20	159.23
54.67	-27.16	158.86
54.87	-27.11	158.47
55.08	-27.06	158.06
55.29	-27.01	157.65
55.50	-26.96	157.22
55.71	-26.90	156.77
55.92	-26.85	156.31
56.13	-26.80	155.83
56.34	-26.74	155.34
56.55	-26.69	154.83
56.77	-26.63	154.32
56.98	-26.57	153.79
57.19	-26.51	153.26
57.41	-26.45	152.72
57.63	-26.39	152.17
57.84	-26.33	151.61
58.06	-26.27	151.06
58.28	-26.20	150.50
58.50	-26.13	149.94
58.72	-26.06	149.38
58.94	-25.99	148.82
59.17	-25.92	148.27
59.39	-25.85	147.71
59.61	-25.77	147.14
59.84	-25.70	146.57
60.06	-25.62	145.99
60.29	-25.54	145.40
60.52	-25.47	144.81
60.75	-25.39	144.20
60.98	-25.32	143.57
61.21	-25.24	142.93
61.44	-25.16	142.27
61.67	-25.09	141.58
61.90	-25.02	140.88
62.14	-24.95	140.15
62.37	-24.87	139.40
62.61	-24.80	138.63
62.84	-24.73	137.83
63.08	-24.66	137.00
63.32	-24.59	136.15
63.56	-24.52	135.27
63.80	-24.44	134.35
64.04	-24.37	133.41
64.28	-24.30	132.44
64.52	-24.22	131.44
64.76	-24.14	130.40
65.01	-24.06	129.33
65.25	-23.98	128.22
65.50	-23.90	127.09
65.75	-23.82	125.92
66.00	-23.74	124.72
66.24	-23.66	123.49
66.49	-23.59	122.22
66.75	-23.52	120.92
67.00	-23.45	119.59
67.25	-23.38	118.23
67.50	-23.31	116.84
67.76	-23.26	115.41
68.01	-23.20	113.96
68.27	-23.15	112.47
68.53	-23.11	110.96
68.79	-23.07	109.42
69.05	-23.03	107.85
69.31	-23.00	106.26
69.57	-22.98	104.65
69.83	-22.96	103.01
70.09	-22.95	101.35
70.36	-22.94	99.67
70.62	-22.94	97.97
70.89	-22.95	96.25
71.16	-22.96	94.52
71.43	-22.98	92.78
71.70	-23.00	91.03
71.97	-23.04	89.28
72.24	-23.08	87.52
72.51	-23.13	85.76
72.79	-23.19	84.01
73.06	-23.25	82.25
73.34	-23.33	80.51
73.61	-23.41	78.78
73.89	-23.51	77.07
74.17	-23.61	75.37
74.45	-23.71	73.69
74.73	-23.83	72.04
75.01	-23.94	70.42
75.29	-24.07	68.83
75.58	-24.19	67.27
75.86	-24.33	65.76
76.15	-24.46	64.29
76.44	-24.59	62.86
76.73	-24.73	61.48
77.02	-24.87	60.15
77.31	-25.01	58.86
77.60	-25.15	57.60
77.89	-25.30	56.39
78.18	-25.45	55.22
78.48	-25.61	54.08
78.78	-25.77	52.98
79.07	-25.94	51.91
79.37	-26.11	50.87
79.67	-26.29	49.86
79.97	-26.47	48.87
80.27	-26.66	47.90
80.58	-26.84	46.96
80.88	-27.03	46.03
81.19	-27.22	45.11
81.49	-27.41	44.20
81.80	-27.59	43.30
82.11	-27.77	42.41
82.42	-27.95	41.51
82.73	-28.12	40.62
83.04	-28.29	39.74
83.35	-28.45	38.88
83.67	-28.62	38.02
83.99	-28.78	37.19
84.30	-28.94	36.37
84.62	-29.11	35.58
84.94	-29.27	34.83
85.26	-29.44	34.10
85.58	-29.60	33.40
85.90	-29.77	32.74
86.23	-29.94	32.10
86.55	-30.11	31.48
86.88	-30.28	30.89
87.21	-30.45	30.32
87.54	-30.62	29.76
87.87	-30.79	29.22
88.20	-30.95	28.70
88.53	-31.12	28.19
88.87	-31.28	27.69
89.20	-31.44	27.20
89.54	-31.60	26.72
89.88	-31.75	26.25
90.22	-31.90	25.79
90.56	-32.05	25.33
90.90	-32.20	24.89
91.24	-32.34	24.44
91.59	-32.49	24.01
91.93	-32.63	23.57
92.28	-32.76	23.14
92.63	-32.90	22.71
92.98	-33.03	22.29
93.33	-33.17	21.86
93.68	-33.30	21.43
94.03	-33.43	21.00
94.39	-33.56	20.58
94.74	-33.69	20.15
95.10	-33.81	19.73
95.46	-33.94	19.32
95.82	-34.07	18.92
96.18	-34.20	18.54
96.54	-34.33	18.17
96.91	-34.46	17.82
97.27	-34.59	17.49
97.64	-34.72	17.17
98.01	-34.85	16.88
98.38	-34.98	16.59
98.75	-35.11	16.32
99.12	-35.24	16.06
99.50	-35.37	15.80
99.87	-35.50	15.55
100.25	-35.63	15.30
100.63	-35.75	15.06
101.01	-35.88	14.82
101.39	-36.00	14.58
101.77	-36.11	14.35
102.16	-36.22	14.11
102.54	-36.33	13.88
102.93	-36.42	13.65
103.32	-36.51	13.43
103.71	-36.60	13.21
104.10	-36.69	13.00
104.49	-36.78	12.80
104.88	-36.87	12.62
105.28	-36.97	12.45
105.68	-37.08	12.31
106.08	-37.20	12.18
106.48	-37.32	12.06
106.88	-37.45	11.94
107.28	-37.58	11.80
107.69	-37.71	11.64
108.09	-37.84	11.44
108.50	-37.95	11.20
108.91	-38.06	10.90
109.32	-38.17	10.57
109.73	-38.26	10.22
110.15	-38.36	9.87
110.56	-38.45	9.53
110.98	-38.55	9.23
111.40	-38.64	8.99
111.82	-38.74	8.80
112.24	-38.85	8.67
112.67	-38.95	8.59
113.09	-39.06	8.53
113.52	-39.17	8.49
113.95	-39.28	8.45
114.38	-39.38	8.40
114.81	-39.49	8.32
115.24	-39.59	8.23
115.68	-39.69	8.12
116.11	-39.79	7.99
116.55	-39.90	7.84
116.99	-40.00	7.68
117.43	-40.10	7.51
117.87	-40.21	7.34
118.32	-40.31	7.16
118.77	-40.42	6.99
119.21	-40.53	6.83
119.66	-40.64	6.71
120.12	-40.75	6.61
120.57	-40.86	6.56
121.02	-40.97	6.52
121.48	-41.08	6.48
121.94	-41.18	6.41
122.40	-41.28	6.28
122.86	-41.38	6.08
123.32	-41.46	5.77
123.79	-41.55	5.38
124.26	-41.62	4.93
124.73	-41.69	4.47
125.20	-41.76	4.05
125.67	-41.83	3.71
126.14	-41.90	3.48
126.62	-41.97	3.39
127.10	-42.04	3.39
127.58	-42.11	3.45
128.06	-42.19	3.52
128.54	-42.26	3.55
129.03	-42.35	3.51
129.51	-42.44	3.37
130.00	-42.53	3.14
130.49	-42.63	2.87
130.98	-42.72	2.56
131.48	-42.82	2.27
131.98	-42.91	2.01
132.47	-43.00	1.79
132.97	-43.09	1.62
133.48	-43.17	1.49
133.98	-43.26	1.39
134.48	-43.34	1.32
134.99	-43.43	1.25
135.50	-43.52	1.19
136.01	-43.61	1.13
136.53	-43.70	1.05
137.04	-43.79	0.96
137.56	-43.87	0.83
138.08	-43.95	0.67
138.60	-44.02	0.47
139.12	-44.09	0.26
139.65	-44.15	0.03
140.17	-44.22	-0.19
140.70	-44.27	-0.40
141.23	-44.33	-0.59
141.77	-44.39	-0.76
142.30	-44.45	-0.91
142.84	-44.51	-1.04
143.38	-44.58	-1.16
143.92	-44.65	-1.26
144.46	-44.74	-1.37
145.01	-44.82	-1.48
145.55	-44.91	-1.61
146.10	-45.01	-1.77
146.65	-45.09	-1.97
147.21	-45.18	-2.20
147.76	-45.26	-2.43
148.32	-45.33	-2.64
148.88	-45.40	-2.77
149.44	-45.46	-2.81
150.01	-45.52	-2.73
150.57	-45.58	-2.57
151.14	-45.64	-2.41
151.71	-45.70	-2.30
152.28	-45.76	-2.31
152.86	-45.84	-2.48
153.43	-45.92	-2.77
154.01	-46.01	-3.12
154.59	-46.08	-3.45
155.18	-46.15	-3.68
155.76	-46.19	-3.74
156.35	-46.23	-3.65
156.94	-46.26	-3.48
157.53	-46.30	-3.29
158.13	-46.35	-3.13
158.72	-46.42	-3.06
159.32	-46.51	-3.08
159.93	-46.62	-3.16
160.53	-46.72	-3.29
161.13	-46.83	-3.44
161.74	-46.92	-3.59
162.35	-47.01	-3.74
162.97	-47.09	-3.87
163.58	-47.17	-3.97
164.20	-47.25	-4.05
164.82	-47.33	-4.11
165.44	-47.41	-4.16
166.06	-47.49	-4.25
166.69	-47.57	-4.40
167.32	-47.63	-4.65
167.95	-47.69	-4.98
168.58	-47.74	-5.31
169.22	-47.80	-5.58
169.86	-47.87	-5.71
170.50	-47.96	-5.66
171.14	-48.07	-5.50
171.79	-48.18	-5.34
172.44	-48.28	-5.33
173.09	-48.38	-5.57
173.74	-48.46	-6.09
174.40	-48.54	-6.75
175.06	-48.60	-7.38
175.72	-48.65	-7.82
176.38	-48.70	-7.95
177.04	-48.75	-7.82
177.71	-48.80	-7.58
178.38	-48.86	-7.35
179.06	-48.93	-7.29
179.73	-49.02	-7.43
180.41	-49.11	-7.71
181.09	-49.19	-8.08
181.77	-49.25	-8.47
182.46	-49.27	-8.84
183.15	-49.28	-9.17
183.84	-49.29	-9.44
184.53	-49.30	-9.64
185.23	-49.34	-9.75
185.93	-49.40	-9.83
186.63	-49.47	-9.93
187.33	-49.56	-10.12
188.04	-49.64	-10.44
188.75	-49.72	-10.86
189.46	-49.80	-11.29
190.18	-49.86	-11.65
190.90	-49.92	-11.86
191.62	-49.97	-11.91
192.34	-50.01	-11.88
193.07	-50.07	-11.83
193.79	-50.14	-11.83
194.53	-50.23	-11.85
195.26	-50.31	-11.85
196.00	-50.39	-11.77
196.74	-50.44	-11.53
197.48	-50.46	-11.22
198.22	-50.49	-10.96
198.97	-50.54	-10.94
199.72	-50.64	-11.28
200.48	-50.77	-11.93
201.23	-50.90	-12.66
201.99	-51.00	-13.25
202.75	-51.04	-13.51
203.52	-51.02	-13.48
204.29	-51.00	-13.27
205.06	-50.99	-13.04
205.83	-51.03	-12.89
206.61	-51.10	-12.86
207.39	-51.19	-12.92
208.17	-51.28	-13.08
208.96	-51.35	-13.30
209.74	-51.40	-13.49
210.54	-51.46	-13.57
211.33	-51.52	-13.43
212.13	-51.59	-13.12
212.93	-51.66	-12.78
213.73	-51.72	-12.56
214.54	-51.77	-12.62
215.35	-51.82	-12.87
216.16	-51.89	-13.19
216.98	-52.01	-13.42
217.80	-52.17	-13.49
218.62	-52.34	-13.54
219.44	-52.47	-13.70
220.27	-52.50	-14.12
221.10	-52.46	-14.71
221.94	-52.39	-15.28
222.77	-52.37	-15.62
223.61	-52.41	-15.59
224.46	-52.50	-15.36
225.30	-52.59	-15.12
226.15	-52.65	-15.06
227.01	-52.66	-15.16
227.86	-52.66	-15.30
228.72	-52.66	-15.35
229.59	-52.67	-15.24
230.45	-52.69	-15.08
231.32	-52.71	-14.99
232.20	-52.73	-15.09
233.07	-52.74	-15.30
233.95	-52.75	-15.49
234.84	-52.74	-15.53
235.72	-52.73	-15.42
236.61	-52.74	-15.29
237.50	-52.77	-15.26
238.40	-52.83	-15.39
239.30	-52.89	-15.58
240.20	-52.91	-15.73
241.11	-52.88	-15.75
242.02	-52.84	-15.73
242.93	-52.84	-15.82
243.85	-52.94	-16.15
244.77	-53.10	-16.66
245.69	-53.22	-17.21
246.62	-53.21	-17.68
247.55	-53.09	-18.02
248.48	-52.97	-18.30
249.42	-52.95	-18.58
250.36	-53.06	-18.92
251.31	-53.21	-19.37
252.26	-53.28	-20.00
253.21	-53.25	-20.77
254.16	-53.16	-21.49
255.12	-53.10	-21.95
256.09	-53.09	-22.09
257.05	-53.13	-22.15
258.02	-53.19	-22.38
259.00	-53.24	-22.92
259.97	-53.30	-23.62
260.95	-53.37	-24.28
261.94	-53.47	-24.80
262.93	-53.54	-25.28
263.92	-53.55	-25.87
264.92	-53.49	-26.61
265.92	-53.46	-27.39
266.92	-53.54	-28.05
267.93	-53.76	-28.57
268.94	-54.00	-29.14
269.95	-54.13	-29.95
270.97	-54.14	-30.98
271.99	-54.13	-31.95
273.02	-54.21	-32.58
274.05	-54.39	-32.88
275.08	-54.59	-33.16
276.12	-54.73	-33.71
277.16	-54.82	-34.41
278.21	-54.96	-34.94
279.26	-55.20	-35.00
280.31	-55.49	-34.76
281.37	-55.73	-34.48
282.43	-55.86	-34.33
283.50	-55.94	-34.16
284.57	-56.07	-33.72
285.64	-56.26	-33.02
286.72	-56.44	-32.37
287.80	-56.52	-32.08
288.89	-56.52	-32.02
289.98	-56.54	-31.71
291.07	-56.62	-30.84
292.17	-56.73	-29.97
293.27	-56.77	-29.90
294.38	-56.72	-30.79
295.49	-56.65	-31.57
296.61	-56.67	-31.13
297.73	-56.78	-29.76
298.85	-56.91	-28.76
299.98	-57.01	-29.09
301.11	-57.09	-30.12
302.25	-57.18	-30.83
303.39	-57.27	-30.85
304.53	-57.37	-30.61
305.68	-57.48	-30.47
306.83	-57.65	-30.34
307.99	-57.95	-29.88
309.15	-58.37	-29.09
310.32	-58.77	-28.41
311.49	-59.01	-28.20
312.67	-59.21	-27.57
313.85	-59.61	-25.13
315.03	-60.23	-20.28
316.22	-60.80	-13.88
317.41	-61.01	-6.81
318.61	-60.75	0.67
319.81	-59.99	8.56
321.02	-58.80	15.82
322.23	-57.39	20.08
323.45	-55.98	19.59
324.67	-54.73	15.88
325.89	-53.80	11.39
327.12	-53.21	7.09
328.36	-52.87	2.68
329.60	-52.68	-1.85
330.84	-52.59	-5.76
332.09	-52.55	-8.38
333.34	-52.52	-10.20
334.60	-52.47	-12.16
335.86	-52.41	-14.34
337.13	-52.41	-15.90
338.40	-52.46	-16.55
339.68	-52.46	-17.46
340.96	-52.29	-19.70
342.25	-52.10	-22.36
343.54	-52.11	-23.89
344.83	-52.28	-24.31
346.14	-52.42	-24.94
347.44	-52.42	-26.38
348.75	-52.35	-28.12
350.07	-52.28	-29.60
351.39	-52.27	-30.56
352.72	-52.36	-30.92
354.05	-52.49	-31.40
355.38	-52.58	-32.87
356.72	-52.61	-34.38
358.07	-52.64	-33.87
359.42	-52.70	-31.71
360.78	-52.77	-30.96
362.14	-52.81	-32.57
363.51	-52.73	-33.81
364.88	-52.51	-33.01
366.25	-52.28	-32.12
367.64	-52.14	-32.85
369.02	-52.05	-33.93
370.42	-51.94	-33.79
371.81	-51.82	-33.43
373.22	-51.69	-34.32
374.63	-51.55	-35.64
376.04	-51.35	-35.80
377.46	-51.11	-35.46
378.88	-50.89	-36.36
380.31	-50.71	-38.02
381.75	-50.55	-38.62
383.19	-50.38	-38.51
384.63	-50.16	-39.54
386.09	-49.91	-41.37
387.54	-49.72	-42.02
389.00	-49.56	-41.77
390.47	-49.31	-42.80
391.95	-48.96	-45.10
393.43	-48.62	-46.77
394.91	-48.31	-47.58
396.40	-47.98	-48.73
397.90	-47.62	-50.68
399.40	-47.19	-53.28
400.90	-46.71	-56.15
402.42	-46.21	-58.91
403.94	-45.76	-62.49
405.46	-45.45	-68.38
406.99	-45.23	-75.33
408.53	-45.03	-81.18
410.07	-44.95	-86.96
411.61	-45.17	-94.35
413.17	-45.64	-101.87
414.73	-46.29	-107.65
416.29	-47.01	-111.83
417.86	-47.72	-114.89
419.44	-48.49	-117.07
421.02	-49.30	-118.47
422.61	-50.01	-119.02
424.21	-50.57	-119.02
425.81	-51.09	-119.11
427.41	-51.54	-119.10
429.03	-51.87	-118.34
430.65	-52.13	-117.14
432.27	-52.44	-116.16
433.90	-52.63	-115.42
435.54	-52.64	-114.82
437.18	-52.76	-114.44
438.83	-53.07	-114.26
440.49	-53.24	-114.14
442.15	-53.22	-113.93
443.82	-53.20	-113.55
445.49	-53.30	-113.35
447.18	-53.51	-113.70
448.86	-53.57	-114.50
450.56	-53.46	-115.07
452.26	-53.56	-114.25
453.96	-53.77	-113.05
455.68	-53.73	-113.53
457.40	-53.69	-114.75
459.12	-53.89	-115.22
460.85	-54.05	-114.53
462.59	-54.07	-113.59
464.34	-54.08	-114.07
466.09	-54.19	-114.46
467.85	-54.40	-113.14
469.62	-54.45	-111.69
471.39	-54.44	-110.99
473.17	-54.74	-110.61
474.95	-55.03	-109.85
476.74	-54.99	-108.38
478.54	-55.10	-106.83
480.35	-55.34	-104.77
482.16	-55.36	-101.19
483.98	-55.39	-97.30
485.81	-55.56	-93.21
487.64	-55.55	-86.41
489.48	-55.18	-78.85
491.33	-54.51	-72.88
493.18	-53.76	-64.69
495.04	-52.70	-55.63
496.91	-50.85	-50.77
498.79	-48.91	-45.91
500.67	-47.07	-40.32
502.56	-44.60	-40.13
504.45	-42.02	-42.65
506.36	-39.72	-44.78
508.27	-36.92	-49.00
510.19	-33.51	-53.93
512.11	-29.44	-64.99
514.04	-24.41	-103.61
515.98	-22.68	-154.94
517.93	-27.16	169.34
519.89	-31.37	153.47
521.85	-33.56	148.40
523.82	-35.31	143.85
525.79	-36.83	141.22
527.78	-37.89	139.02
529.77	-38.50	135.40
531.77	-39.36	133.22
533.78	-40.20	131.57
535.79	-40.59	128.89
537.81	-40.89	126.42
539.84	-41.31	123.71
541.88	-41.70	120.33
543.92	-41.78	116.91
545.98	-42.19	113.72
548.04	-42.77	110.65
550.10	-42.76	107.26
552.18	-42.99	102.91
554.26	-43.50	98.42
556.35	-43.89	94.67
558.45	-44.28	91.00
560.56	-44.75	87.12
562.68	-45.32	83.04
564.80	-45.93	78.82
566.93	-46.54	74.75
569.07	-47.13	71.11
571.22	-47.79	67.62
573.37	-48.67	63.95
575.54	-49.42	62.62
577.71	-50.24	61.05
579.89	-51.38	56.98
582.08	-52.42	56.20
584.27	-53.64	58.24
586.48	-54.96	61.48
588.69	-56.02	66.58
590.91	-56.89	75.28
593.14	-57.15	82.44
595.38	-57.25	88.65
597.63	-57.58	96.95
599.88	-57.36	105.28
602.15	-57.00	117.06
604.42	-55.90	132.67
606.70	-53.20	147.47
608.99	-48.63	152.74
611.29	-42.49	137.15
613.59	-40.07	98.33
615.91	-42.12	62.85
618.23	-44.63	52.21
620.57	-46.05	46.20
622.91	-47.55	41.78
625.26	-48.45	39.82
627.62	-48.87	38.56
629.99	-49.69	36.08
632.36	-50.18	33.65
634.75	-50.70	31.80
637.15	-51.12	28.90
639.55	-51.47	27.81
641.96	-51.85	28.22
644.39	-52.06	24.47
646.82	-52.49	22.71
649.26	-52.75	22.13
651.71	-52.94	21.17
654.17	-53.20	20.15
656.64	-53.40	18.91
659.11	-53.60	17.00
661.60	-53.71	16.47
664.10	-53.79	14.46
666.60	-53.99	11.87
669.12	-53.95	11.48
671.64	-53.86	9.78
674.18	-54.04	4.96
676.72	-53.83	3.63
679.28	-54.00	0.09
681.84	-53.78	-4.35
684.41	-53.82	-9.18
687.00	-53.71	-19.32
689.59	-54.53	-33.06
692.19	-55.42	-52.39
694.80	-61.93	-74.22
697.42	-75.75	-51.25
700.06	-66.36	30.50
702.70	-61.82	31.98
705.35	-60.39	23.06
708.01	-59.43	19.32
710.68	-59.29	15.00
713.36	-59.05	13.57
716.06	-58.54	10.19
718.76	-58.54	7.00
721.47	-58.80	6.97
724.19	-58.43	5.49
726.93	-58.33	4.49
729.67	-58.05	3.36
732.42	-57.75	2.11
735.19	-57.90	-2.16
737.96	-57.66	-0.56
740.75	-57.45	-4.39
743.54	-57.56	-7.28
746.35	-57.71	-9.11
749.16	-57.79	-12.39
751.99	-57.85	-15.18
754.83	-58.02	-17.69
757.68	-58.47	-19.58
760.54	-58.73	-20.38
763.41	-59.15	-24.94
766.29	-59.89	-24.83
769.18	-60.34	-22.95
772.08	-60.90	-23.67
774.99	-61.41	-21.47
777.92	-61.87	-16.59
780.85	-63.05	-8.05
783.80	-64.54	5.65
786.76	-63.19	48.95
789.73	-53.71	53.84
792.71	-50.77	8.57
795.70	-52.05	-12.28
798.70	-53.28	-20.96
801.71	-53.95	-25.07
804.74	-54.16	-28.85
807.78	-54.92	-34.33
810.83	-55.08	-33.45
813.88	-55.41	-36.88
816.96	-55.44	-39.30
820.04	-55.49	-41.82
823.13	-55.40	-42.73
826.24	-55.96	-45.57
829.36	-55.66	-44.43
832.49	-55.68	-47.45
835.63	-55.90	-47.85
838.78	-55.97	-49.77
841.95	-56.09	-51.90
845.12	-56.15	-53.16
848.31	-56.33	-53.98
851.51	-56.19	-54.53
854.73	-56.25	-58.87
857.95	-56.38	-57.76
861.19	-56.23	-60.49
864.44	-56.10	-61.24
867.70	-56.12	-64.33
870.98	-55.96	-63.71
874.26	-56.23	-67.28
877.56	-56.09	-68.56
880.87	-56.31	-69.28
884.20	-56.30	-71.32
887.53	-56.25	-72.63
890.88	-56.22	-73.20
894.25	-56.25	-74.65
897.62	-56.37	-77.05
901.01	-56.00	-79.77
904.41	-56.40	-81.94
907.82	-56.23	-82.19
911.25	-56.27	-83.30
914.68	-56.07	-84.03
918.14	-56.16	-85.52
921.60	-56.34	-88.47
925.08	-56.19	-89.08
928.57	-56.01	-91.37
932.07	-55.85	-93.80
935.59	-55.69	-96.40
939.12	-55.61	-101.50
942.67	-55.32	-103.67
946.22	-55.47	-108.16
949.79	-55.44	-108.28
953.38	-55.12	-117.32
956.97	-55.19	-125.71
960.59	-55.33	-131.82
964.21	-55.16	-141.68
967.85	-54.84	-155.43
971.50	-54.45	-177.45
975.17	-53.73	166.15
978.85	-52.77	145.81
982.54	-50.75	111.89
986.25	-48.84	78.46
989.97	-47.96	58.97
993.71	-46.86	32.52
997.46	-46.41	14.60
1001.22	-45.91	3.15
1005.00	-45.45	-4.58
1008.79	-44.64	-13.62
1012.60	-43.93	-23.69
1016.42	-43.60	-25.24
1020.25	-42.43	-31.71
1024.10	-41.35	-38.28
1027.97	-40.31	-41.95
1031.85	-38.83	-48.47
1035.74	-36.95	-57.15
1039.65	-35.80	-64.16
1043.57	-33.21	-76.59
1047.51	-31.32	-96.83
1051.46	-30.69	-115.20
1055.43	-31.26	-142.48
1059.41	-32.86	-160.80
1063.41	-33.63	-172.42
1067.43	-35.38	178.34
1071.45	-36.78	172.39
1075.50	-37.94	167.13
1079.55	-38.88	163.70
1083.63	-39.54	161.89
1087.72	-40.01	158.09
1091.82	-40.89	155.52
1095.94	-41.02	152.55
1100.08	-41.25	150.81
1104.23	-41.48	148.76
1108.40	-41.99	144.55
1112.58	-41.99	143.79
1116.78	-41.91	140.03
1120.99	-41.92	137.99
1125.22	-41.89	133.86
1129.47	-41.73	131.51
1133.73	-41.85	127.11
1138.01	-41.65	125.50
1142.30	-41.76	119.93
1146.61	-41.64	114.50
1150.94	-41.49	109.77
1155.28	-41.67	107.32
1159.64	-41.60	100.91
1164.02	-41.72	94.48
1168.41	-41.72	88.29
1172.82	-41.89	81.42
1177.25	-42.12	73.41
1181.69	-42.58	69.38
1186.15	-43.16	59.66
1190.62	-44.76	51.65
1195.12	-48.12	52.30
1199.63	-48.76	99.59
1204.15	-42.19	87.16
1208.70	-41.37	65.12
1213.26	-41.79	51.27
1217.84	-42.36	41.32
1222.43	-42.98	31.90
1227.04	-43.76	23.09
1231.67	-44.27	14.37
1236.32	-45.12	10.42
1240.99	-46.05	5.29
1245.67	-46.88	0.45
1250.37	-47.53	-4.31
1255.09	-48.42	-6.81
1259.83	-49.23	-9.50
1264.58	-50.25	-12.00
1269.35	-51.03	-14.92
1274.14	-51.44	-15.33
1278.95	-51.96	-19.46
1283.78	-52.38	-18.93
1288.62	-53.14	-21.06
1293.48	-53.59	-19.95
1298.36	-53.42	-22.04
1303.26	-53.97	-22.14
1308.18	-54.25	-22.77
1313.12	-54.23	-23.41
1318.07	-54.28	-25.47
1323.05	-53.56	-26.81
1328.04	-53.05	-27.43
1333.05	-52.44	-29.65
1338.08	-51.18	-34.11
1343.13	-48.68	-39.75
1348.20	-46.75	-46.19
1353.29	-43.62	-58.09
1358.39	-37.77	-95.08
1363.52	-36.45	-159.79
1368.67	-40.99	160.22
1373.83	-45.94	135.92
1379.01	-49.40	122.99
1384.22	-51.51	112.03
1389.44	-52.47	107.89
1394.68	-53.57	100.98
1399.95	-54.55	93.78
1405.23	-55.39	87.06
1410.53	-55.84	79.97
1415.86	-56.47	79.79
1421.20	-56.26	75.71
1426.56	-56.79	71.57
1431.94	-56.77	68.76
1437.35	-57.01	69.47
1442.77	-57.21	65.83
1448.22	-57.11	63.40
1453.68	-57.01	63.84
1459.17	-56.68	63.97
1464.67	-56.99	63.99
1470.20	-56.68	65.61
1475.75	-56.15	67.64
1481.32	-55.77	67.07
1486.91	-55.46	69.88
1492.52	-54.49	74.21
1498.15	-53.16	77.35
1503.80	-51.89	81.30
1509.48	-50.25	80.24
1515.17	-47.98	82.19
1520.89	-45.55	80.65
1526.63	-43.15	79.17
1532.39	-40.29	67.38
1538.17	-36.93	47.97
1543.98	-35.55	14.12
1549.81	-36.79	-15.69
1555.65	-38.65	-32.30
1561.52	-40.03	-43.77
1567.42	-41.13	-47.48
1573.33	-41.34	-69.30
1579.27	-46.87	-91.28
1585.23	-50.11	-42.02
1591.21	-46.10	-37.36
1597.21	-44.30	-42.62
1603.24	-43.88	-47.56
1609.29	-42.90	-52.76
1615.36	-41.97	-56.00
1621.46	-40.60	-62.58
1627.58	-39.07	-69.44
1633.72	-36.85	-79.91
1639.89	-34.55	-101.79
1646.07	-34.58	-137.90
1652.29	-37.50	-171.41
1658.52	-41.84	174.87
1664.78	-44.23	169.71
1671.06	-46.05	171.76
1677.37	-47.48	170.45
1683.70	-48.47	167.75
1690.05	-49.25	167.16
1696.43	-50.40	165.76
1702.83	-50.66	162.16
1709.26	-51.13	160.63
1715.70	-51.12	155.13
1722.18	-50.85	148.10
1728.68	-48.68	126.76
1735.20	-49.74	46.14
1741.75	-66.57	-84.73
1748.32	-60.21	179.35
1754.92	-55.36	151.62
1761.54	-51.66	94.38
1768.19	-56.79	-8.04
1774.86	-62.46	-93.12
1781.56	-60.00	-143.46
1788.28	-54.25	147.45
1795.03	-59.93	-6.08
1801.80	-63.39	-66.28
1808.60	-62.60	-78.29
1815.43	-61.85	-84.11
1822.28	-60.68	-84.64
1829.15	-59.36	-81.21
1836.06	-57.36	-76.35
1842.99	-55.39	-71.17
1849.94	-53.72	-58.50
1856.92	-42.51	-47.30
1863.93	-37.49	-98.26
1870.96	-37.33	-152.08
1878.02	-41.44	177.09
1885.11	-43.13	-178.36
1892.22	-42.92	174.57
1899.36	-42.65	170.83
1906.53	-42.63	165.35
1913.72	-41.40	160.36
1920.95	-39.89	152.88
1928.19	-37.84	139.95
1935.47	-35.86	112.20
1942.77	-36.06	75.29
1950.11	-39.37	48.19
1957.46	-43.11	31.89
1964.85	-46.40	25.80
1972.27	-50.43	25.86
1979.71	-55.24	40.64
1987.18	-50.95	87.78
1994.68	-52.76	69.07
2002.20	-52.77	104.73
2009.76	-46.88	127.01
2017.34	-38.26	122.42
2024.96	-32.06	56.84
2032.60	-34.85	10.29
2040.27	-36.95	-4.29
2047.97	-36.96	-13.21
2055.70	-34.61	-30.87
2063.45	-31.53	-96.07
2071.24	-38.37	-158.78
2079.06	-44.82	175.84
2086.90	-48.33	54.12
2094.78	-44.34	-48.32
2102.68	-43.50	-127.67
2110.62	-48.34	-165.01
2118.58	-51.14	177.90
2126.57	-51.45	169.93
2134.60	-49.33	156.93
2142.65	-44.13	103.52
2150.74	-49.07	26.20
2158.86	-57.68	5.62
2167.00	-63.67	71.37
2175.18	-48.51	93.05
2183.39	-47.78	23.51
2191.63	-50.55	0.94
2199.90	-51.23	-6.79
2208.20	-51.06	-10.25
2216.53	-50.68	-14.81
2224.90	-49.26	-19.84
2233.29	-47.06	-26.18
2241.72	-44.38	-37.22
2250.18	-40.33	-54.05
2258.67	-36.60	-99.12
2267.19	-37.84	-147.83
2275.75	-40.55	-176.68
2284.34	-42.13	160.51
2292.96	-43.46	143.22
2301.61	-43.77	125.49
2310.29	-43.97	102.13
2319.01	-43.95	68.62
2327.76	-46.67	12.87
2336.55	-53.99	-15.95
2345.36	-59.96	-19.82
2354.21	-62.82	-19.48
2363.10	-64.40	-29.21
2372.02	-65.88	-31.37
2380.97	-60.63	-35.04
2389.95	-61.04	-71.84
2398.97	-60.78	-86.07
2408.02	-58.05	-100.76
2417.11	-52.48	-131.64
2426.23	-50.84	148.12
2435.39	-57.50	64.52
2444.58	-74.51	94.59
2453.80	-68.45	151.74
2463.06	-61.13	73.70
2472.35	-64.40	-56.74
2481.68	-64.95	-103.41
2491.05	-63.08	-166.03
2500.45	-67.20	174.10
2509.88	-66.22	169.16
2519.36	-65.87	158.66
2528.86	-65.18	138.43
2538.41	-66.59	95.49
2547.98	-70.64	19.75
2557.60	-69.39	-84.07
2567.25	-59.90	-74.20
2576.94	-53.72	-135.49
2586.66	-52.99	-171.60
2596.42	-52.10	161.58
2606.22	-51.89	139.86
2616.06	-51.40	127.83
2625.93	-51.08	114.88
2635.84	-47.61	120.17
2645.78	-43.98	86.27
2655.77	-41.83	52.93
2665.79	-40.74	9.78
2675.85	-43.50	-33.21
2685.95	-47.67	-61.13
2696.08	-51.94	-75.08
2706.26	-52.55	-60.67
2716.47	-52.87	-96.99
2726.72	-57.41	-129.16
2737.01	-62.53	-123.80
2747.34	-67.63	-139.81
2757.70	-71.38	-43.72
2768.11	-59.50	-37.08
2778.56	-58.94	-95.46
2789.04	-62.53	-103.72
2799.57	-63.04	-118.25
2810.13	-67.05	-125.03
2820.73	-64.41	-95.42
2831.38	-64.76	-124.44
2842.06	-66.71	-122.92
2852.79	-64.75	-121.97
2863.55	-64.09	-137.48
2874.36	-63.71	-147.97
2885.21	-60.49	-167.42
2896.09	-60.90	130.78
2907.02	-64.33	85.83
2917.99	-65.26	41.44
2929.00	-58.95	-39.61
2940.06	-59.24	-122.31
2951.15	-60.28	-160.45
2962.29	-61.74	-177.97
2973.47	-58.69	152.85
2984.69	-60.64	98.86
2995.95	-63.92	73.76
3007.25	-63.00	34.33
3018.60	-68.77	-91.39
3029.99	-82.47	160.92
3041.43	-81.80	104.75
3052.90	-79.23	-72.75
3064.42	-65.89	138.15
3075.99	-66.47	58.87
3087.60	-65.41	22.54
3099.25	-65.92	-29.25
3110.94	-69.00	-61.26
3122.68	-71.58	-84.86
3134.47	-73.38	-91.65
3146.29	-73.56	-66.38
3158.17	-68.39	-118.62
3170.08	-72.60	-118.85
3182.05	-67.58	-159.80
3194.05	-70.37	154.96
3206.11	-68.59	115.17
3218.21	-61.38	27.74
3230.35	-60.81	-56.64
3242.54	-62.61	-125.35
3254.77	-70.43	-123.21
3267.06	-66.50	-88.91
3279.39	-60.64	-109.68
3291.76	-57.97	-139.73
3304.18	-57.93	-171.53
3316.65	-57.26	156.21
3329.17	-58.35	130.70
3341.73	-61.33	95.79
3354.34	-66.00	79.98
3367.00	-77.10	22.21
3379.70	-61.30	-136.95
3392.46	-57.41	137.68
3405.26	-60.86	133.87
3418.11	-54.52	109.56
3431.01	-53.20	54.05
3443.95	-53.84	-6.26
3456.95	-56.37	-78.71
3469.99	-57.40	-135.85
3483.09	-58.23	132.42
3496.23	-62.46	167.00
3509.43	-58.00	136.37
3522.67	-58.50	110.03
3535.96	-58.48	94.11
3549.31	-58.32	79.29
3562.70	-58.15	51.88
3576.14	-61.28	45.37
3589.64	-58.87	71.66
3603.18	-56.12	40.85
3616.78	-56.81	3.67
3630.43	-64.50	-14.48
3644.13	-60.11	43.22
3657.88	-58.61	-32.59
3671.68	-67.87	17.36
3685.54	-62.10	34.42
3699.45	-55.99	12.40
3713.41	-54.89	-38.84
3727.42	-58.38	-71.85
3741.49	-63.34	-86.30
3755.60	-62.76	-70.97
3769.78	-63.81	-107.27
3784.00	-70.42	-161.05
3798.28	-77.04	111.01
3812.61	-69.06	37.34
3827.00	-57.50	19.45
3841.44	-54.93	-47.88
3855.94	-57.61	-83.20
3870.49	-57.51	-94.81
3885.09	-52.67	-130.87
3899.75	-52.65	145.84
3914.47	-52.93	90.93
3929.24	-47.71	-1.43
3944.07	-52.57	-69.28
3958.95	-52.96	-84.41
3973.89	-53.69	-122.27
3988.89	-53.19	-144.43
4003.94	-56.82	159.44
4019.05	-61.21	-151.01
4034.22	-61.74	-159.83
4049.44	-57.51	-152.80
4064.72	-52.70	173.35
4080.06	-51.86	84.15
4095.46	-64.00	85.88
4110.91	-60.30	50.98
4126.42	-67.27	-105.74
4141.99	-64.85	156.20
4157.62	-71.12	138.66
4173.31	-60.71	155.98
4189.06	-59.60	69.45
4204.87	-65.40	-60.06
4220.74	-66.82	-153.61
4236.66	-61.40	89.59
4252.65	-59.81	-81.75
4268.70	-59.47	125.51
4284.81	-65.52	87.66
4300.98	-59.45	-112.18
4317.21	-61.63	59.92
4333.50	-68.04	8.22
4349.85	-69.38	-64.27
4366.26	-68.26	-133.75
4382.74	-59.91	-133.12
4399.28	-55.58	175.44
4415.88	-53.85	117.64
4432.54	-53.47	60.50
4449.27	-59.28	-152.80
4466.06	-62.24	150.86
4482.91	-60.30	70.63
4499.83	-57.54	177.88
4516.81	-46.66	110.41
4533.85	-50.17	23.41
4550.96	-55.74	36.04
4568.14	-49.55	17.78
4585.37	-54.59	-23.44
4602.68	-52.49	-9.63
4620.05	-51.96	-96.68
4637.48	-66.41	-68.88
4654.98	-64.36	-35.26
4672.55	-56.09	-66.56
4690.18	-63.82	111.85
4707.88	-60.26	-12.35
4725.64	-55.82	-77.58
4743.48	-63.66	75.62
4761.38	-65.37	-69.13
4779.34	-64.60	-97.17
4797.38	-67.23	-100.94
4815.48	-64.52	-65.91
4833.65	-61.94	-116.33
4851.89	-67.98	-160.38
4870.20	-67.82	-60.98
4888.58	-62.11	-78.62
4907.03	-63.32	-104.10
4925.54	-58.92	-107.18
4944.13	-51.66	-139.17
4962.79	-58.54	152.06
4981.52	-62.17	88.64
5000.31	-55.05	-158.81
5019.18	-57.81	148.56
5038.12	-58.04	99.26
5057.14	-64.38	77.50
5076.22	-65.13	48.13
5095.37	-68.30	-12.92
5114.60	-60.92	-83.89
5133.90	-60.92	-13.66
5153.27	-59.83	-137.72
5172.72	-53.71	179.51
5192.24	-58.05	139.75
5211.83	-52.44	134.21
5231.50	-53.88	73.45
5251.24	-51.98	84.23
5271.06	-53.31	7.99
5290.95	-62.71	-7.72
5310.91	-59.33	20.98
5330.96	-57.60	-176.92
5351.07	-52.93	-103.42
5371.27	-57.61	-159.85
5391.53	-59.55	-16.80
5411.88	-56.46	13.92
5432.30	-54.66	-102.06
5452.80	-68.86	-76.48
5473.38	-60.95	-97.98
5494.03	-61.87	158.03
5514.76	-64.35	93.54
5535.57	-60.13	-5.09
5556.46	-58.26	122.75
5577.43	-55.89	-22.43
5598.48	-54.82	-148.32
5619.60	-55.50	132.34
5640.81	-56.11	44.97
5662.10	-54.81	-4.99
5683.46	-55.83	-64.20
5704.91	-56.03	-78.94
5726.44	-46.48	163.49
5748.05	-45.90	-8.86
5769.74	-48.48	-115.42
5791.51	-53.65	178.44
5813.36	-62.99	115.03
5835.30	-58.04	-74.60
5857.32	-59.58	-154.89
5879.42	-53.19	92.33
5901.61	-48.43	-50.07
5923.88	-48.09	-149.33
5946.23	-47.82	-173.07
5968.67	-47.06	147.90
5991.20	-43.13	118.49
6013.80	-46.61	44.91
6036.50	-49.06	66.50
6059.28	-46.76	-6.65
6082.14	-53.11	-116.91
6105.09	-47.05	57.96
6128.13	-49.02	-20.67
6151.26	-43.93	-89.93
6174.47	-51.35	-154.24
6197.77	-51.06	-40.93
6221.16	-51.89	148.89
6244.63	-41.01	73.67
6268.20	-41.33	-36.84
6291.85	-52.01	-81.57
6315.59	-50.01	-57.98
6339.42	-48.71	-135.76
6363.35	-51.80	-79.99
6387.36	-44.20	-133.39
6411.46	-44.11	148.04
6435.66	-46.84	63.83
6459.94	-54.72	-121.74
6484.32	-50.77	7.47
6508.79	-50.43	133.25
6533.35	-53.94	43.97
6558.00	-48.08	-25.28
6582.75	-49.48	-108.83
6607.59	-48.76	166.50
6632.53	-52.05	132.00
6657.55	-53.65	60.23
6682.68	-58.05	11.96
6707.90	-62.40	-100.86
6733.21	-58.54	130.36
6758.62	-53.70	-120.21
6784.12	-52.61	64.48
6809.72	-58.17	-137.98
6835.42	-60.69	13.48
6861.21	-61.70	-55.15
6887.10	-62.74	-129.29
6913.09	-64.40	110.29
6939.18	-62.72	-135.39
6965.36	-61.79	88.85
6991.65	-57.36	10.01
7018.03	-63.16	-8.51
7044.51	-60.29	-52.34
7071.10	-62.37	138.28
7097.78	-56.34	-75.10
7124.56	-59.93	-168.00
7151.45	-59.96	101.90
7178.44	-65.12	-82.55
7205.52	-65.30	-173.09
7232.71	-60.77	126.07
7260.01	-62.89	38.34
7287.40	-66.51	-118.82
7314.90	-67.36	-97.20
7342.51	-68.74	122.65
7370.21	-64.30	-139.74
7398.03	-59.15	34.61
7425.94	-67.08	-14.65
7453.97	-62.75	-36.52
7482.09	-62.80	-75.34
7510.33	-61.03	-175.43
7538.67	-57.71	-86.25
7567.12	-56.90	154.96
7595.67	-61.04	82.60
7624.33	-64.26	112.29
7653.10	-61.25	83.61
7681.98	-59.47	15.73
7710.97	-56.40	-87.04
7740.07	-56.67	110.15
7769.28	-52.04	18.67
7798.60	-52.72	-113.71
7828.02	-51.86	40.00
7857.56	-48.71	-168.98
7887.21	-54.37	138.03
7916.98	-46.34	101.84
7946.85	-50.04	14.78
7976.84	-58.32	36.31
8006.94	-49.38	48.39
8037.16	-49.79	-46.45
8067.49	-52.09	-74.20
8097.93	-52.82	12.59
8128.49	-48.14	-81.73
8159.16	-47.95	-170.29
8189.95	-52.07	118.87
8220.86	-45.76	13.20
8251.88	-44.22	-135.75
8283.02	-47.57	116.21
8314.27	-52.63	6.07
8345.65	-48.07	-109.63
8377.14	-46.23	90.30
8408.75	-51.57	-111.83
8440.48	-47.76	42.71
8472.33	-45.49	-60.21
8504.30	-49.94	-150.24
8536.40	-49.01	-156.08
8568.61	-43.46	111.85
8600.94	-48.80	26.11
8633.40	-46.02	-19.64
8665.98	-46.03	-125.49
8698.68	-48.84	90.26
8731.51	-48.83	-49.34
8764.46	-44.96	167.23
8797.53	-49.91	132.89
8830.73	-46.03	47.40
8864.05	-47.44	-14.37
8897.50	-45.86	-144.29
8931.07	-49.42	37.88
8964.78	-52.63	-102.79
8998.61	-59.09	-57.26
9032.56	-58.71	31.92
9066.65	-61.79	130.24
9100.86	-58.85	-106.63
9135.20	-58.02	-18.62
9169.68	-52.91	130.25
9204.28	-60.21	-35.50
9239.01	-57.79	116.39
9273.88	-60.52	-35.66
9308.87	-56.14	103.28
9344.00	-53.52	-14.63
9379.26	-56.75	128.62
9414.65	-53.65	-58.45
9450.18	-51.36	-35.49
9485.84	-48.99	-141.16
9521.64	-53.93	97.63
9557.57	-60.41	-58.06
9593.64	-55.39	109.99
9629.84	-61.10	-178.76
9666.18	-54.85	95.57
9702.65	-53.34	-32.98
9739.27	-61.37	110.87
9776.02	-61.13	12.22
9812.91	-56.45	-93.43
9849.94	-52.59	156.67
9887.11	-48.86	91.36
9924.42	-53.32	-3.37
9961.87	-59.00	-4.42
9999.46	-54.08	147.80
10037.19	-51.49	-91.24
10075.07	-50.55	-104.50
10113.09	-49.34	157.02
10151.25	-55.59	123.76
10189.55	-56.72	152.16
10228.01	-52.10	51.13
10266.60	-55.73	-162.18
10305.34	-54.60	7.54
10344.23	-57.54	32.78
10383.27	-47.94	-90.09
10422.45	-48.53	119.15
10461.78	-47.58	3.93
10501.26	-55.38	115.63
10540.88	-51.78	-25.08
10580.66	-49.06	-77.29
10620.59	-46.71	-128.96
10660.66	-47.40	171.01
10700.89	-50.19	43.83
10741.27	-47.76	85.27
10781.81	-57.06	-34.25
10822.49	-47.52	51.22
10863.33	-48.27	-66.90
10904.33	-49.80	160.72
10945.47	-53.86	21.57
10986.78	-55.40	-146.61
11028.24	-57.83	68.96
11069.85	-53.20	-43.20
11111.63	-54.90	133.32
11153.56	-52.29	131.49
11195.64	-54.43	53.71
11237.89	-50.66	127.17
11280.30	-49.29	14.99
11322.87	-50.39	-87.91
11365.59	-57.26	-133.96
11408.48	-50.09	-140.42
11451.53	-49.54	119.82
11494.75	-49.77	78.87
11538.12	-49.31	-32.82
11581.66	-58.27	-174.44
11625.37	-62.82	103.14
11669.24	-57.43	46.05
11713.27	-53.08	-73.45
11757.47	-55.50	179.14
11801.84	-54.28	64.94
11846.37	-59.22	-65.55
11891.08	-64.76	150.56
11935.95	-61.48	24.50
11980.99	-61.60	-91.84
12026.20	-59.44	179.44
12071.58	-63.38	52.02
12117.14	-53.58	-136.68
12162.86	-54.17	25.85
12208.76	-56.45	175.58
12254.83	-54.23	53.65
12301.07	-56.40	47.67
12347.49	-58.32	81.67
12394.08	-56.00	9.21
12440.85	-50.92	-72.68
12487.80	-57.69	-154.55
12534.92	-55.88	137.13
12582.23	-55.59	17.86
12629.71	-59.03	-173.82
12677.37	-60.14	-80.32
12725.20	-56.45	138.34
12773.22	-57.45	137.28
12821.42	-56.14	18.36
12869.81	-58.54	-104.84
12918.37	-52.67	-58.57
12967.12	-55.32	-137.47
13016.05	-51.43	144.95
13065.17	-54.41	97.32
13114.47	-53.39	37.04
13163.96	-53.10	34.02
13213.64	-56.42	-34.58
13263.50	-60.00	-89.73
13313.55	-58.25	75.18
13363.79	-65.29	140.19
13414.22	-60.00	-15.14
13464.84	-60.49	-100.53
13515.65	-55.46	169.35
13566.65	-59.87	137.26
13617.84	-57.96	121.68
13669.23	-56.17	-85.96
13720.81	-56.65	157.25
13772.59	-57.28	169.02
13824.56	-62.30	-105.98
13876.73	-57.16	-155.35
13929.09	-56.87	109.00
13981.66	-51.13	-7.11
14034.42	-56.75	146.47
14087.38	-55.86	-51.18
14140.54	-58.21	150.70
14193.90	-60.72	21.12
14247.46	-53.80	-120.51
14301.22	-58.53	92.32
14355.19	-54.63	153.49
14409.36	-52.51	73.52
14463.73	-53.51	8.45
14518.31	-50.77	-41.74
14573.10	-55.79	-113.86
14628.09	-54.01	175.51
14683.29	-58.96	-48.68
14738.70	-54.59	111.64
14794.32	-54.11	-27.46
14850.15	-53.21	-21.77
14906.18	-54.16	131.61
14962.43	-49.22	101.44
15018.90	-48.65	1.93
15075.57	-49.77	-40.73
15132.46	-53.34	-95.00
15189.56	-52.51	-171.68
15246.88	-56.00	156.71
15304.42	-57.64	104.84
15362.17	-59.17	78.06
15420.14	-58.37	30.57
15478.33	-58.38	-13.52
15536.74	-57.13	-106.93
15595.37	-58.55	57.25
15654.22	-63.25	127.68
15713.29	-64.83	69.82
15772.58	-59.08	-82.36
15832.10	-53.46	29.54
15891.85	-56.91	32.28
15951.81	-56.37	-161.42
16012.01	-60.02	126.19
16072.43	-54.87	140.96
16133.08	-64.74	22.11
16193.96	-64.18	47.02
16255.07	-58.45	-150.30
16316.41	-58.66	60.81
16377.98	-59.58	166.55
16439.79	-58.21	22.09
16501.82	-57.49	-15.90
16564.09	-59.69	-134.61
16626.60	-65.39	125.41
16689.34	-67.91	-103.44
16752.32	-63.71	-11.27
16815.54	-62.81	9.71
16878.99	-57.49	25.32
16942.69	-64.25	-169.41
17006.62	-64.46	156.54
17070.79	-66.61	-126.82
17135.21	-62.50	32.75
17199.87	-61.42	68.76
17264.78	-64.26	138.57
17329.93	-66.07	-10.53
17395.32	-68.86	92.87
17460.97	-65.46	-29.79
17526.86	-63.61	173.22
17593.00	-64.73	97.36
17659.38	-64.95	91.59
17726.02	-64.37	-14.26
17792.91	-68.67	125.12
17860.06	-66.46	2.93
17927.45	-73.16	-77.85
17995.10	-71.05	153.42
18063.01	-70.28	-14.07
18131.17	-69.99	-168.02
18199.59	-69.65	-153.81
18268.27	-58.19	98.54
18337.21	-62.80	-45.35
18406.40	-60.56	-18.60
18475.86	-61.37	93.89
18545.58	-61.06	-130.61
18615.56	-68.16	-67.96
18685.81	-63.81	-145.56
18756.32	-60.11	-63.86
18827.10	-57.14	151.95
18898.15	-65.18	7.21
18969.46	-63.26	147.55
19041.04	-66.33	52.11
19112.90	-67.97	-45.87
19185.02	-67.11	5.98
19257.42	-59.41	101.88
19330.09	-65.99	143.93
19403.03	-73.36	57.55
19476.25	-68.80	114.15
19549.74	-68.42	6.58
19623.51	-67.56	-35.77
19697.56	-69.92	160.90
19771.89	-66.46	105.23
19846.51	-71.76	176.85
19921.40	-72.65	-54.64
19996.57	-70.82	58.95
20072.03	-68.65	150.08
20147.78	-67.73	-84.66
20223.80	-66.75	128.30
20300.12	-68.56	71.45
20376.72	-66.32	25.08
20453.62	-67.61	-116.86
20530.80	-71.02	87.17
20608.28	-65.48	82.57
20686.04	-69.57	-35.43
20764.10	-73.39	-107.78
20842.46	-67.50	2.22
20921.11	-65.12	20.80
21000.06	-72.51	-108.77
21079.30	-69.08	13.89
21158.85	-72.42	145.45
21238.69	-68.67	-152.49
21318.84	-63.31	66.12
21399.29	-65.04	-127.78
21480.04	-62.13	49.08
21561.09	-66.36	100.59
21642.46	-69.28	133.21
21724.12	-62.34	-92.93
21806.10	-66.71	-10.70
21888.39	-63.39	62.02
21970.99	-67.86	19.43
22053.89	-70.14	-87.92
22137.12	-68.58	-64.14
22220.65	-68.63	-32.88
22304.50	-74.47	-74.59
