Freq[Hz]	[dBV]	Phase[Deg]
10.00	-62.57	62.92
10.04	-62.80	64.79
10.08	-63.02	66.69
10.11	-63.25	68.61
10.15	-63.47	70.57
10.19	-63.70	72.56
10.23	-63.92	74.58
10.27	-64.14	76.62
10.31	-64.36	78.69
10.34	-64.58	80.77
10.38	-64.80	82.88
10.42	-65.02	85.01
10.46	-65.23	87.16
10.50	-65.45	89.32
10.54	-65.66	91.49
10.58	-65.87	93.68
10.62	-66.08	95.88
10.66	-66.28	98.09
10.70	-66.48	100.30
10.74	-66.68	102.51
10.78	-66.88	104.73
10.82	-67.07	106.95
10.86	-67.27	109.17
10.90	-67.45	111.38
10.95	-67.64	113.58
10.99	-67.82	115.78
11.03	-67.99	117.96
11.07	-68.16	120.14
11.11	-68.33	122.29
11.15	-68.49	124.43
11.20	-68.65	126.54
11.24	-68.81	128.63
11.28	-68.95	130.69
11.32	-69.10	132.73
11.37	-69.23	134.73
11.41	-69.36	136.70
11.45	-69.49	138.62
11.50	-69.61	140.51
11.54	-69.72	142.35
11.58	-69.83	144.15
11.63	-69.92	145.89
11.67	-70.02	147.58
11.71	-70.10	149.22
11.76	-70.17	150.79
11.80	-70.24	152.31
11.85	-70.30	153.76
11.89	-70.36	155.16
11.94	-70.40	156.49
11.98	-70.44	157.77
12.03	-70.47	158.99
12.07	-70.49	160.16
12.12	-70.51	161.26
12.16	-70.52	162.32
12.21	-70.52	163.32
12.26	-70.52	164.26
12.30	-70.51	165.15
12.35	-70.49	165.99
12.39	-70.46	166.78
12.44	-70.43	167.52
12.49	-70.40	168.21
12.54	-70.35	168.85
12.58	-70.30	169.44
12.63	-70.25	169.98
12.68	-70.19	170.49
12.73	-70.12	170.94
12.77	-70.05	171.35
12.82	-69.97	171.72
12.87	-69.89	172.05
12.92	-69.80	172.34
12.97	-69.71	172.59
13.02	-69.61	172.80
13.07	-69.51	172.98
13.12	-69.40	173.12
13.16	-69.29	173.23
13.21	-69.18	173.30
13.26	-69.06	173.35
13.31	-68.94	173.36
13.36	-68.81	173.35
13.41	-68.69	173.31
13.47	-68.55	173.25
13.52	-68.42	173.16
13.57	-68.28	173.06
13.62	-68.14	172.93
13.67	-68.00	172.78
13.72	-67.86	172.62
13.77	-67.71	172.45
13.83	-67.57	172.26
13.88	-67.42	172.06
13.93	-67.27	171.85
13.98	-67.12	171.64
14.04	-66.97	171.42
14.09	-66.82	171.20
14.14	-66.67	170.98
14.19	-66.52	170.76
14.25	-66.37	170.55
14.30	-66.23	170.34
14.36	-66.08	170.14
14.41	-65.94	169.95
14.46	-65.79	169.78
14.52	-65.65	169.62
14.57	-65.52	169.48
14.63	-65.38	169.37
14.68	-65.25	169.27
14.74	-65.12	169.21
14.80	-65.00	169.16
14.85	-64.88	169.14
14.91	-64.76	169.14
14.96	-64.65	169.17
15.02	-64.54	169.21
15.08	-64.43	169.28
15.13	-64.32	169.37
15.19	-64.22	169.47
15.25	-64.12	169.59
15.31	-64.03	169.73
15.36	-63.93	169.89
15.42	-63.84	170.06
15.48	-63.76	170.25
15.54	-63.67	170.45
15.60	-63.59	170.66
15.66	-63.51	170.88
15.71	-63.43	171.12
15.77	-63.36	171.36
15.83	-63.28	171.61
15.89	-63.21	171.87
15.95	-63.14	172.14
16.01	-63.08	172.41
16.07	-63.01	172.69
16.13	-62.95	172.97
16.19	-62.89	173.25
16.26	-62.83	173.53
16.32	-62.77	173.81
16.38	-62.71	174.09
16.44	-62.66	174.36
16.50	-62.61	174.63
16.56	-62.55	174.90
16.63	-62.50	175.15
16.69	-62.45	175.40
16.75	-62.40	175.63
16.82	-62.35	175.86
16.88	-62.30	176.07
16.94	-62.26	176.26
17.01	-62.21	176.44
17.07	-62.16	176.60
17.14	-62.11	176.74
17.20	-62.06	176.86
17.27	-62.02	176.95
17.33	-61.97	177.02
17.40	-61.92	177.06
17.46	-61.87	177.07
17.53	-61.82	177.05
17.59	-61.77	177.00
17.66	-61.71	176.91
17.73	-61.66	176.79
17.79	-61.60	176.64
17.86	-61.55	176.45
17.93	-61.49	176.24
18.00	-61.43	176.00
18.06	-61.37	175.72
18.13	-61.32	175.42
18.20	-61.25	175.10
18.27	-61.19	174.75
18.34	-61.13	174.37
18.41	-61.07	173.98
18.48	-61.00	173.56
18.55	-60.94	173.12
18.62	-60.87	172.67
18.69	-60.81	172.19
18.76	-60.74	171.70
18.83	-60.67	171.20
18.90	-60.60	170.68
18.97	-60.53	170.15
19.04	-60.46	169.62
19.11	-60.39	169.07
19.19	-60.32	168.52
19.26	-60.25	167.96
19.33	-60.18	167.40
19.40	-60.11	166.83
19.48	-60.03	166.27
19.55	-59.96	165.71
19.62	-59.89	165.15
19.70	-59.82	164.60
19.77	-59.74	164.05
19.85	-59.67	163.52
19.92	-59.60	162.99
20.00	-59.52	162.48
20.07	-59.45	161.99
20.15	-59.38	161.51
20.22	-59.30	161.05
20.30	-59.23	160.62
20.38	-59.16	160.21
20.45	-59.08	159.82
20.53	-59.01	159.47
20.61	-58.94	159.14
20.69	-58.87	158.85
20.77	-58.80	158.58
20.84	-58.73	158.34
20.92	-58.65	158.13
21.00	-58.58	157.94
21.08	-58.51	157.78
21.16	-58.44	157.63
21.24	-58.37	157.52
21.32	-58.30	157.42
21.40	-58.23	157.34
21.48	-58.15	157.27
21.56	-58.08	157.23
21.64	-58.01	157.20
21.73	-57.94	157.18
21.81	-57.86	157.17
21.89	-57.79	157.18
21.97	-57.71	157.19
22.06	-57.63	157.21
22.14	-57.56	157.24
22.22	-57.48	157.27
22.31	-57.40	157.31
22.39	-57.32	157.35
22.47	-57.23	157.38
22.56	-57.15	157.41
22.64	-57.07	157.44
22.73	-56.98	157.47
22.82	-56.89	157.48
22.90	-56.80	157.49
22.99	-56.71	157.48
23.07	-56.61	157.46
23.16	-56.52	157.42
23.25	-56.42	157.36
23.34	-56.32	157.29
23.43	-56.21	157.19
23.51	-56.11	157.06
23.60	-56.00	156.92
23.69	-55.89	156.74
23.78	-55.77	156.55
23.87	-55.66	156.33
23.96	-55.54	156.09
24.05	-55.42	155.83
24.14	-55.30	155.55
24.23	-55.17	155.25
24.32	-55.05	154.93
24.42	-54.92	154.59
24.51	-54.80	154.23
24.60	-54.67	153.86
24.69	-54.54	153.47
24.79	-54.40	153.07
24.88	-54.27	152.65
24.97	-54.14	152.22
25.07	-54.01	151.78
25.16	-53.87	151.33
25.26	-53.74	150.86
25.35	-53.60	150.39
25.45	-53.47	149.91
25.54	-53.33	149.42
25.64	-53.20	148.93
25.74	-53.07	148.43
25.84	-52.93	147.93
25.93	-52.80	147.43
26.03	-52.67	146.92
26.13	-52.54	146.42
26.23	-52.41	145.92
26.33	-52.29	145.42
26.43	-52.16	144.92
26.53	-52.04	144.43
26.63	-51.92	143.94
26.73	-51.80	143.45
26.83	-51.68	142.97
26.93	-51.57	142.48
27.03	-51.45	142.00
27.13	-51.34	141.52
27.23	-51.23	141.03
27.34	-51.11	140.55
27.44	-51.00	140.06
27.54	-50.90	139.57
27.65	-50.79	139.07
27.75	-50.68	138.57
27.86	-50.57	138.06
27.96	-50.47	137.55
28.07	-50.36	137.02
28.17	-50.26	136.49
28.28	-50.15	135.95
28.39	-50.05	135.40
28.49	-49.94	134.83
28.60	-49.84	134.25
28.71	-49.73	133.66
28.82	-49.63	133.05
28.93	-49.52	132.43
29.03	-49.42	131.79
29.14	-49.31	131.13
29.25	-49.20	130.45
29.36	-49.09	129.75
29.48	-48.98	129.03
29.59	-48.87	128.29
29.70	-48.76	127.52
29.81	-48.65	126.74
29.92	-48.53	125.93
30.04	-48.42	125.09
30.15	-48.31	124.24
30.26	-48.20	123.36
30.38	-48.09	122.46
30.49	-47.98	121.53
30.61	-47.87	120.59
30.72	-47.76	119.61
30.84	-47.65	118.62
30.95	-47.55	117.60
31.07	-47.44	116.55
31.19	-47.34	115.48
31.31	-47.24	114.38
31.42	-47.15	113.26
31.54	-47.06	112.12
31.66	-46.97	110.95
31.78	-46.88	109.75
31.90	-46.80	108.52
32.02	-46.72	107.27
32.14	-46.65	106.00
32.26	-46.58	104.69
32.39	-46.52	103.36
32.51	-46.46	102.00
32.63	-46.40	100.62
32.75	-46.35	99.22
32.88	-46.31	97.80
33.00	-46.27	96.36
33.13	-46.24	94.91
33.25	-46.21	93.44
33.38	-46.19	91.96
33.50	-46.18	90.47
33.63	-46.17	88.97
33.76	-46.17	87.47
33.88	-46.17	85.96
34.01	-46.18	84.45
34.14	-46.19	82.94
34.27	-46.22	81.43
34.40	-46.24	79.93
34.53	-46.28	78.44
34.66	-46.32	76.96
34.79	-46.37	75.49
34.92	-46.43	74.04
35.05	-46.49	72.60
35.18	-46.56	71.19
35.32	-46.64	69.80
35.45	-46.72	68.43
35.58	-46.82	67.09
35.72	-46.91	65.77
35.85	-47.02	64.47
35.99	-47.13	63.20
36.12	-47.25	61.95
36.26	-47.37	60.73
36.40	-47.50	59.54
36.53	-47.64	58.37
36.67	-47.78	57.23
36.81	-47.92	56.11
36.95	-48.07	55.02
37.09	-48.22	53.96
37.23	-48.38	52.93
37.37	-48.54	51.92
37.51	-48.71	50.94
37.65	-48.88	50.00
37.79	-49.05	49.08
37.94	-49.22	48.19
38.08	-49.40	47.32
38.22	-49.58	46.49
38.37	-49.76	45.69
38.51	-49.94	44.92
38.66	-50.12	44.18
38.80	-50.31	43.47
38.95	-50.49	42.79
39.10	-50.68	42.14
39.24	-50.87	41.52
39.39	-51.06	40.92
39.54	-51.26	40.36
39.69	-51.45	39.82
39.84	-51.65	39.32
39.99	-51.84	38.84
40.14	-52.04	38.39
40.29	-52.24	37.97
40.45	-52.44	37.58
40.60	-52.64	37.21
40.75	-52.85	36.87
40.90	-53.05	36.57
41.06	-53.26	36.28
41.21	-53.46	36.03
41.37	-53.67	35.80
41.53	-53.88	35.61
41.68	-54.09	35.46
41.84	-54.31	35.34
42.00	-54.54	35.26
42.16	-54.77	35.22
42.32	-55.01	35.23
42.47	-55.26	35.29
42.63	-55.52	35.41
42.80	-55.80	35.57
42.96	-56.08	35.79
43.12	-56.38	36.08
43.28	-56.70	36.42
43.45	-57.03	36.84
43.61	-57.37	37.32
43.77	-57.74	37.88
43.94	-58.13	38.51
44.10	-58.54	39.23
44.27	-58.97	40.03
44.44	-59.41	40.93
44.61	-59.86	41.94
44.77	-60.32	43.07
44.94	-60.78	44.33
45.11	-61.24	45.72
45.28	-61.69	47.26
45.45	-62.13	48.97
45.63	-62.56	50.84
45.80	-62.97	52.89
45.97	-63.35	55.14
46.14	-63.70	57.59
46.32	-64.02	60.26
46.49	-64.30	63.16
46.67	-64.54	66.29
46.84	-64.73	69.68
47.02	-64.86	73.33
47.20	-64.94	77.23
47.38	-64.97	81.33
47.56	-64.95	85.60
47.74	-64.88	90.01
47.92	-64.77	94.52
48.10	-64.62	99.09
48.28	-64.43	103.69
48.46	-64.20	108.27
48.64	-63.95	112.80
48.83	-63.66	117.24
49.01	-63.35	121.55
49.20	-63.02	125.67
49.38	-62.66	129.58
49.57	-62.29	133.22
49.75	-61.91	136.55
49.94	-61.51	139.52
50.13	-61.11	142.14
50.32	-60.70	144.43
50.51	-60.29	146.41
50.70	-59.87	148.10
50.89	-59.45	149.53
51.08	-59.03	150.71
51.28	-58.61	151.68
51.47	-58.19	152.45
51.66	-57.77	153.06
51.86	-57.36	153.53
52.05	-56.96	153.88
52.25	-56.56	154.14
52.45	-56.17	154.34
52.65	-55.79	154.51
52.85	-55.42	154.68
53.04	-55.07	154.86
53.24	-54.72	155.04
53.45	-54.39	155.23
53.65	-54.07	155.41
53.85	-53.76	155.60
54.05	-53.46	155.77
54.26	-53.16	155.94
54.46	-52.87	156.10
54.67	-52.59	156.24
54.87	-52.32	156.36
55.08	-52.05	156.45
55.29	-51.78	156.52
55.50	-51.51	156.56
55.71	-51.25	156.56
55.92	-50.99	156.53
56.13	-50.73	156.46
56.34	-50.46	156.36
56.55	-50.21	156.23
56.77	-49.95	156.07
56.98	-49.69	155.89
57.19	-49.43	155.69
57.41	-49.18	155.46
57.63	-48.93	155.22
57.84	-48.67	154.97
58.06	-48.42	154.71
58.28	-48.17	154.44
58.50	-47.93	154.16
58.72	-47.68	153.89
58.94	-47.44	153.61
59.17	-47.20	153.34
59.39	-46.96	153.06
59.61	-46.72	152.77
59.84	-46.48	152.48
60.06	-46.25	152.19
60.29	-46.02	151.88
60.52	-45.78	151.57
60.75	-45.55	151.24
60.98	-45.33	150.90
61.21	-45.10	150.54
61.44	-44.88	150.17
61.67	-44.65	149.77
61.90	-44.43	149.36
62.14	-44.21	148.93
62.37	-43.99	148.48
62.61	-43.77	148.00
62.84	-43.56	147.51
63.08	-43.34	146.99
63.32	-43.12	146.46
63.56	-42.90	145.90
63.80	-42.68	145.31
64.04	-42.47	144.71
64.28	-42.25	144.08
64.52	-42.02	143.42
64.76	-41.80	142.74
65.01	-41.58	142.04
65.25	-41.35	141.31
65.50	-41.13	140.55
65.75	-40.90	139.77
66.00	-40.67	138.96
66.24	-40.44	138.12
66.49	-40.22	137.25
66.75	-39.99	136.36
67.00	-39.76	135.44
67.25	-39.54	134.48
67.50	-39.31	133.50
67.76	-39.09	132.48
68.01	-38.87	131.43
68.27	-38.65	130.35
68.53	-38.43	129.24
68.79	-38.21	128.09
69.05	-37.99	126.91
69.31	-37.78	125.69
69.57	-37.57	124.43
69.83	-37.35	123.13
70.09	-37.14	121.79
70.36	-36.94	120.42
70.62	-36.73	119.00
70.89	-36.53	117.54
71.16	-36.33	116.04
71.43	-36.13	114.49
71.70	-35.94	112.90
71.97	-35.75	111.27
72.24	-35.57	109.60
72.51	-35.40	107.87
72.79	-35.23	106.11
73.06	-35.08	104.30
73.34	-34.93	102.44
73.61	-34.79	100.53
73.89	-34.66	98.59
74.17	-34.55	96.62
74.45	-34.44	94.62
74.73	-34.34	92.60
75.01	-34.25	90.57
75.29	-34.17	88.53
75.58	-34.10	86.49
75.86	-34.04	84.46
76.15	-33.99	82.44
76.44	-33.94	80.44
76.73	-33.91	78.47
77.02	-33.88	76.53
77.31	-33.87	74.61
77.60	-33.86	72.73
77.89	-33.87	70.87
78.18	-33.88	69.05
78.48	-33.91	67.27
78.78	-33.94	65.52
79.07	-33.99	63.82
79.37	-34.05	62.16
79.67	-34.12	60.53
79.97	-34.20	58.95
80.27	-34.29	57.41
80.58	-34.38	55.90
80.88	-34.48	54.42
81.19	-34.58	52.97
81.49	-34.69	51.55
81.80	-34.79	50.15
82.11	-34.90	48.78
82.42	-35.00	47.42
82.73	-35.10	46.10
83.04	-35.20	44.80
83.35	-35.30	43.53
83.67	-35.40	42.29
83.99	-35.50	41.10
84.30	-35.60	39.94
84.62	-35.70	38.83
84.94	-35.80	37.77
85.26	-35.90	36.76
85.58	-36.01	35.80
85.90	-36.11	34.88
86.23	-36.22	34.01
86.55	-36.33	33.18
86.88	-36.44	32.39
87.21	-36.55	31.63
87.54	-36.66	30.90
87.87	-36.76	30.20
88.20	-36.87	29.52
88.53	-36.97	28.86
88.87	-37.07	28.22
89.20	-37.17	27.59
89.54	-37.27	26.99
89.88	-37.37	26.40
90.22	-37.46	25.83
90.56	-37.55	25.27
90.90	-37.64	24.73
91.24	-37.73	24.19
91.59	-37.81	23.67
91.93	-37.89	23.15
92.28	-37.97	22.65
92.63	-38.04	22.15
92.98	-38.12	21.66
93.33	-38.19	21.18
93.68	-38.26	20.70
94.03	-38.33	20.23
94.39	-38.40	19.77
94.74	-38.47	19.32
95.10	-38.54	18.87
95.46	-38.61	18.44
95.82	-38.69	18.02
96.18	-38.76	17.61
96.54	-38.83	17.22
96.91	-38.90	16.85
97.27	-38.98	16.50
97.64	-39.05	16.16
98.01	-39.13	15.84
98.38	-39.21	15.53
98.75	-39.28	15.23
99.12	-39.36	14.94
99.50	-39.43	14.65
99.87	-39.51	14.37
100.25	-39.58	14.10
100.63	-39.65	13.82
101.01	-39.72	13.55
101.39	-39.78	13.29
101.77	-39.84	13.02
102.16	-39.89	12.77
102.54	-39.93	12.51
102.93	-39.97	12.26
103.32	-40.01	12.01
103.71	-40.04	11.78
104.10	-40.07	11.54
104.49	-40.10	11.32
104.88	-40.14	11.11
105.28	-40.19	10.91
105.68	-40.24	10.73
106.08	-40.30	10.55
106.48	-40.37	10.38
106.88	-40.45	10.20
107.28	-40.52	10.00
107.69	-40.60	9.79
108.09	-40.67	9.54
108.50	-40.73	9.25
108.91	-40.78	8.93
109.32	-40.83	8.57
109.73	-40.86	8.20
110.15	-40.90	7.83
110.56	-40.93	7.47
110.98	-40.96	7.14
111.40	-41.00	6.86
111.82	-41.04	6.63
112.24	-41.08	6.45
112.67	-41.12	6.30
113.09	-41.16	6.19
113.52	-41.21	6.09
113.95	-41.25	5.99
114.38	-41.29	5.89
114.81	-41.33	5.79
115.24	-41.37	5.67
115.68	-41.41	5.54
116.11	-41.45	5.41
116.55	-41.49	5.27
116.99	-41.52	5.13
117.43	-41.56	4.99
117.87	-41.60	4.86
118.32	-41.64	4.72
118.77	-41.69	4.59
119.21	-41.73	4.48
119.66	-41.77	4.37
120.12	-41.82	4.29
120.57	-41.86	4.22
121.02	-41.91	4.16
121.48	-41.95	4.09
121.94	-41.99	4.00
122.40	-42.03	3.88
122.86	-42.06	3.71
123.32	-42.08	3.47
123.79	-42.10	3.18
124.26	-42.11	2.88
124.73	-42.12	2.58
125.20	-42.13	2.33
125.67	-42.14	2.15
126.14	-42.15	2.08
126.62	-42.16	2.12
127.10	-42.18	2.25
127.58	-42.21	2.40
128.06	-42.24	2.54
128.54	-42.27	2.63
129.03	-42.31	2.62
129.51	-42.35	2.48
130.00	-42.40	2.25
130.49	-42.45	1.96
130.98	-42.49	1.65
131.48	-42.54	1.35
131.98	-42.58	1.09
132.47	-42.61	0.90
132.97	-42.65	0.77
133.48	-42.68	0.69
133.98	-42.70	0.64
134.48	-42.73	0.61
134.99	-42.77	0.58
135.50	-42.80	0.55
136.01	-42.84	0.52
136.53	-42.87	0.48
137.04	-42.90	0.42
137.56	-42.93	0.36
138.08	-42.95	0.27
138.60	-42.97	0.17
139.12	-42.98	0.06
139.65	-42.99	-0.06
140.17	-43.00	-0.18
140.70	-43.00	-0.30
141.23	-43.01	-0.43
141.77	-43.02	-0.55
142.30	-43.03	-0.66
142.84	-43.05	-0.77
143.38	-43.07	-0.87
143.92	-43.09	-0.96
144.46	-43.12	-1.04
145.01	-43.15	-1.12
145.55	-43.18	-1.22
146.10	-43.21	-1.34
146.65	-43.24	-1.50
147.21	-43.27	-1.68
147.76	-43.29	-1.87
148.32	-43.31	-2.02
148.88	-43.33	-2.11
149.44	-43.35	-2.10
150.01	-43.37	-1.97
150.57	-43.39	-1.79
151.14	-43.41	-1.61
151.71	-43.44	-1.50
152.28	-43.46	-1.53
152.86	-43.50	-1.76
153.43	-43.53	-2.13
154.01	-43.55	-2.56
154.59	-43.57	-2.97
155.18	-43.58	-3.25
155.76	-43.56	-3.33
156.35	-43.54	-3.25
156.94	-43.51	-3.07
157.53	-43.49	-2.86
158.13	-43.48	-2.69
158.72	-43.49	-2.64
159.32	-43.51	-2.69
159.93	-43.55	-2.81
160.53	-43.59	-2.97
161.13	-43.63	-3.13
161.74	-43.66	-3.26
162.35	-43.69	-3.37
162.97	-43.71	-3.46
163.58	-43.72	-3.53
164.20	-43.73	-3.60
164.82	-43.75	-3.67
165.44	-43.75	-3.74
166.06	-43.76	-3.84
166.69	-43.76	-3.97
167.32	-43.75	-4.15
167.95	-43.74	-4.35
168.58	-43.73	-4.53
169.22	-43.73	-4.65
169.86	-43.74	-4.66
170.50	-43.78	-4.54
171.14	-43.83	-4.34
171.79	-43.88	-4.16
172.44	-43.93	-4.09
173.09	-43.96	-4.25
173.74	-43.97	-4.63
174.40	-43.97	-5.11
175.06	-43.96	-5.56
175.72	-43.96	-5.86
176.38	-43.96	-5.87
177.04	-43.97	-5.67
177.71	-43.99	-5.37
178.38	-44.01	-5.07
179.06	-44.03	-4.90
179.73	-44.05	-4.89
180.41	-44.06	-4.99
181.09	-44.07	-5.14
181.77	-44.08	-5.30
182.46	-44.08	-5.42
183.15	-44.08	-5.51
183.84	-44.07	-5.61
184.53	-44.08	-5.73
185.23	-44.09	-5.89
185.93	-44.10	-6.08
186.63	-44.12	-6.28
187.33	-44.13	-6.50
188.04	-44.15	-6.70
188.75	-44.17	-6.88
189.46	-44.19	-7.03
190.18	-44.20	-7.13
190.90	-44.22	-7.17
191.62	-44.23	-7.17
192.34	-44.25	-7.17
193.07	-44.27	-7.20
193.79	-44.29	-7.30
194.53	-44.32	-7.45
195.26	-44.34	-7.58
196.00	-44.35	-7.63
196.74	-44.33	-7.53
197.48	-44.31	-7.31
198.22	-44.28	-7.11
198.97	-44.28	-7.04
199.72	-44.31	-7.22
200.48	-44.37	-7.59
201.23	-44.43	-8.03
201.99	-44.46	-8.37
202.75	-44.44	-8.50
203.52	-44.38	-8.43
204.29	-44.32	-8.28
205.06	-44.27	-8.16
205.83	-44.27	-8.14
206.61	-44.30	-8.21
207.39	-44.34	-8.33
208.17	-44.38	-8.45
208.96	-44.41	-8.54
209.74	-44.42	-8.61
210.54	-44.42	-8.68
211.33	-44.43	-8.77
212.13	-44.43	-8.88
212.93	-44.43	-8.99
213.73	-44.42	-9.07
214.54	-44.39	-9.10
215.35	-44.35	-9.09
216.16	-44.34	-9.04
216.98	-44.37	-8.97
217.80	-44.45	-8.89
218.62	-44.55	-8.87
219.44	-44.62	-8.97
220.27	-44.61	-9.24
221.10	-44.55	-9.64
221.94	-44.47	-10.01
222.77	-44.43	-10.22
223.61	-44.46	-10.20
224.46	-44.52	-10.03
225.30	-44.59	-9.85
226.15	-44.62	-9.78
227.01	-44.62	-9.81
227.86	-44.60	-9.88
228.72	-44.59	-9.91
229.59	-44.59	-9.87
230.45	-44.61	-9.82
231.32	-44.62	-9.81
232.20	-44.61	-9.92
233.07	-44.59	-10.10
233.95	-44.56	-10.30
234.84	-44.54	-10.46
235.72	-44.51	-10.56
236.61	-44.50	-10.64
237.50	-44.49	-10.75
238.40	-44.50	-10.89
239.30	-44.51	-11.06
240.20	-44.51	-11.21
241.11	-44.49	-11.35
242.02	-44.47	-11.47
242.93	-44.48	-11.59
243.85	-44.54	-11.73
244.77	-44.63	-11.89
245.69	-44.68	-12.02
246.62	-44.65	-12.11
247.55	-44.54	-12.14
248.48	-44.44	-12.14
249.42	-44.42	-12.12
250.36	-44.51	-12.10
251.31	-44.63	-12.11
252.26	-44.70	-12.18
253.21	-44.71	-12.34
254.16	-44.66	-12.52
255.12	-44.62	-12.69
256.09	-44.59	-12.82
257.05	-44.58	-12.94
258.02	-44.58	-13.05
259.00	-44.60	-13.17
259.97	-44.63	-13.33
260.95	-44.68	-13.53
261.94	-44.74	-13.76
262.93	-44.77	-13.96
263.92	-44.74	-14.07
264.92	-44.63	-14.06
265.92	-44.53	-13.99
266.92	-44.52	-13.94
267.93	-44.62	-13.95
268.94	-44.75	-14.00
269.95	-44.80	-14.09
270.97	-44.74	-14.19
271.99	-44.66	-14.29
273.02	-44.62	-14.39
274.05	-44.64	-14.47
275.08	-44.67	-14.55
276.12	-44.68	-14.61
277.16	-44.65	-14.66
278.21	-44.64	-14.72
279.26	-44.66	-14.81
280.31	-44.70	-14.93
281.37	-44.74	-15.14
282.43	-44.76	-15.42
283.50	-44.76	-15.67
284.57	-44.77	-15.77
285.64	-44.78	-15.73
286.72	-44.78	-15.72
287.80	-44.77	-15.93
288.89	-44.76	-16.22
289.98	-44.76	-16.27
291.07	-44.77	-15.85
292.17	-44.79	-15.41
293.27	-44.77	-15.59
294.38	-44.70	-16.54
295.49	-44.64	-17.46
296.61	-44.62	-17.50
297.73	-44.65	-16.78
298.85	-44.68	-16.15
299.98	-44.70	-16.22
301.11	-44.71	-16.78
302.25	-44.70	-17.36
303.39	-44.69	-17.75
304.53	-44.67	-17.95
305.68	-44.66	-18.02
306.83	-44.68	-18.01
307.99	-44.73	-18.01
309.15	-44.81	-18.11
310.32	-44.83	-18.40
311.49	-44.72	-18.93
312.67	-44.57	-19.47
313.85	-44.54	-19.66
315.03	-44.66	-19.45
316.22	-44.80	-19.24
317.41	-44.79	-19.45
318.61	-44.70	-19.96
319.81	-44.64	-20.45
321.02	-44.67	-20.77
322.23	-44.73	-20.98
323.45	-44.77	-21.15
324.67	-44.80	-21.30
325.89	-44.86	-21.45
327.12	-44.93	-21.60
328.36	-44.98	-21.78
329.60	-45.01	-21.98
330.84	-45.02	-22.12
332.09	-45.05	-22.17
333.34	-45.08	-22.22
334.60	-45.07	-22.46
335.86	-45.05	-22.77
337.13	-45.08	-22.74
338.40	-45.17	-22.27
339.68	-45.22	-22.01
340.96	-45.12	-22.56
342.25	-44.98	-23.30
343.54	-45.01	-23.25
344.83	-45.18	-22.52
346.14	-45.31	-22.16
347.44	-45.31	-22.58
348.75	-45.26	-23.09
350.07	-45.23	-23.16
351.39	-45.22	-22.97
352.72	-45.25	-22.82
354.05	-45.29	-22.98
355.38	-45.34	-23.61
356.72	-45.36	-24.20
358.07	-45.32	-23.80
359.42	-45.25	-22.67
360.78	-45.25	-22.36
362.14	-45.36	-23.33
363.51	-45.45	-24.06
364.88	-45.44	-23.63
366.25	-45.39	-22.96
367.64	-45.39	-22.94
369.02	-45.40	-23.19
370.42	-45.40	-23.17
371.81	-45.39	-23.08
373.22	-45.38	-23.28
374.63	-45.36	-23.61
376.04	-45.31	-23.68
377.46	-45.26	-23.59
378.88	-45.22	-23.64
380.31	-45.21	-23.74
381.75	-45.23	-23.59
383.19	-45.25	-23.49
384.63	-45.24	-24.13
386.09	-45.22	-24.96
387.54	-45.27	-24.51
389.00	-45.35	-23.30
390.47	-45.33	-23.49
391.95	-45.23	-24.94
393.43	-45.16	-25.54
394.91	-45.16	-25.05
396.40	-45.19	-24.74
397.90	-45.21	-25.00
399.40	-45.19	-25.41
400.90	-45.12	-25.62
402.42	-45.04	-25.42
403.94	-45.00	-25.52
405.46	-45.08	-27.01
406.99	-45.18	-28.64
408.53	-45.18	-28.51
410.07	-45.16	-27.90
411.61	-45.25	-28.76
413.17	-45.40	-29.89
414.73	-45.50	-29.77
416.29	-45.57	-29.16
417.86	-45.60	-28.85
419.44	-45.64	-28.57
421.02	-45.70	-28.22
422.61	-45.76	-28.23
424.21	-45.81	-28.53
425.81	-45.83	-28.47
427.41	-45.82	-28.26
429.03	-45.78	-28.52
430.65	-45.79	-28.73
432.27	-45.95	-28.18
433.90	-45.95	-27.86
435.54	-45.70	-28.41
437.18	-45.65	-28.66
438.83	-45.92	-28.27
440.49	-46.03	-28.31
442.15	-45.93	-28.72
443.82	-45.87	-28.76
445.49	-45.88	-28.65
447.18	-45.93	-28.87
448.86	-45.90	-29.40
450.56	-45.82	-29.79
452.26	-45.97	-29.19
453.96	-46.16	-28.43
455.68	-46.01	-29.05
457.40	-45.89	-29.91
459.12	-46.07	-29.88
460.85	-46.19	-29.71
462.59	-46.17	-29.81
464.34	-46.21	-29.97
466.09	-46.27	-29.85
467.85	-46.25	-29.34
469.62	-46.31	-29.06
471.39	-46.45	-29.07
473.17	-46.52	-28.89
474.95	-46.55	-28.96
476.74	-46.60	-29.33
478.54	-46.70	-28.32
480.35	-46.74	-27.11
482.16	-46.65	-28.38
483.98	-46.68	-28.77
485.81	-46.90	-26.67
487.64	-47.00	-25.99
489.48	-46.95	-26.43
491.33	-46.91	-25.95
493.18	-46.95	-25.22
495.04	-46.98	-25.04
496.91	-46.89	-25.49
498.79	-46.95	-24.61
500.67	-47.14	-22.84
502.56	-47.06	-23.72
504.45	-47.16	-24.97
506.36	-47.63	-24.76
508.27	-47.90	-25.61
510.19	-49.80	-22.33
512.11	-52.72	-6.93
514.04	-49.16	22.16
515.98	-42.98	34.28
517.93	-41.29	8.83
519.89	-41.59	-9.96
521.85	-42.09	-14.50
523.82	-42.49	-19.06
525.79	-42.87	-21.14
527.78	-43.06	-22.41
529.77	-43.02	-25.30
531.77	-43.30	-26.03
533.78	-43.63	-26.11
535.79	-43.61	-27.64
537.81	-43.61	-28.37
539.84	-43.71	-28.85
541.88	-43.76	-29.77
543.92	-43.64	-30.32
545.98	-43.85	-30.49
548.04	-44.13	-30.63
550.10	-43.82	-31.10
552.18	-43.81	-32.06
554.26	-44.03	-32.82
556.35	-44.01	-33.00
558.45	-44.04	-33.46
560.56	-44.13	-33.70
562.68	-44.23	-33.82
564.80	-44.33	-34.68
566.93	-44.41	-35.27
569.07	-44.43	-35.49
571.22	-44.46	-35.96
573.37	-44.72	-36.69
575.54	-44.68	-35.47
577.71	-44.59	-34.84
579.89	-44.84	-36.88
582.08	-44.83	-36.51
584.27	-44.84	-35.54
586.48	-44.92	-35.62
588.69	-44.88	-35.66
590.91	-44.93	-34.65
593.14	-44.95	-36.50
595.38	-45.05	-38.03
597.63	-45.31	-36.07
599.88	-45.33	-36.90
602.15	-45.45	-37.89
604.42	-45.75	-37.84
606.70	-46.10	-38.08
608.99	-46.52	-38.90
611.29	-47.05	-38.35
613.59	-47.86	-36.50
615.91	-49.08	-35.21
618.23	-51.35	-24.68
620.57	-53.70	14.24
622.91	-47.49	54.72
625.26	-38.48	43.30
627.62	-35.45	-1.93
629.99	-37.88	-24.43
632.36	-39.28	-32.69
634.75	-40.21	-36.04
637.15	-40.88	-39.35
639.55	-41.31	-40.13
641.96	-41.64	-39.14
644.39	-41.78	-42.47
646.82	-42.12	-42.77
649.26	-42.29	-42.92
651.71	-42.36	-43.59
654.17	-42.49	-43.62
656.64	-42.64	-43.74
659.11	-42.82	-44.62
661.60	-42.90	-45.03
664.10	-42.85	-45.35
666.60	-43.09	-46.15
669.12	-43.09	-45.26
671.64	-42.94	-44.95
674.18	-43.21	-47.28
676.72	-43.13	-46.32
679.28	-43.25	-46.04
681.84	-43.23	-46.18
684.41	-43.40	-45.32
687.00	-43.28	-46.54
689.59	-43.32	-47.50
692.19	-43.63	-46.14
694.80	-43.42	-46.28
697.42	-43.50	-46.88
700.06	-43.52	-47.16
702.70	-43.38	-47.83
705.35	-43.44	-47.75
708.01	-43.49	-47.88
710.68	-43.59	-48.96
713.36	-43.65	-48.19
716.06	-43.45	-49.15
718.76	-43.49	-50.64
721.47	-43.77	-49.40
724.19	-43.57	-50.79
726.93	-43.56	-50.62
729.67	-43.50	-51.41
732.42	-43.41	-50.54
735.19	-43.71	-53.04
737.96	-43.64	-50.38
740.75	-43.58	-51.40
743.54	-43.70	-51.75
746.35	-43.76	-51.42
749.16	-43.77	-52.23
751.99	-43.74	-52.09
754.83	-43.74	-51.96
757.68	-43.87	-52.12
760.54	-43.73	-51.25
763.41	-43.81	-53.69
766.29	-43.95	-53.09
769.18	-43.92	-52.55
772.08	-43.89	-54.01
774.99	-43.91	-54.66
777.92	-44.02	-56.10
780.85	-44.06	-54.93
783.80	-44.36	-56.83
786.76	-44.82	-56.39
789.73	-45.46	-55.70
792.71	-46.55	-53.55
795.70	-48.37	-39.57
798.70	-45.38	3.15
801.71	-38.86	-19.80
804.74	-39.13	-42.87
807.78	-40.30	-53.35
810.83	-40.80	-53.90
813.88	-41.23	-57.76
816.96	-41.38	-59.22
820.04	-41.56	-60.97
823.13	-41.46	-61.59
826.24	-42.03	-63.43
829.36	-41.77	-61.75
832.49	-41.87	-63.86
835.63	-42.03	-64.10
838.78	-42.14	-64.75
841.95	-42.21	-66.31
845.12	-42.26	-66.81
848.31	-42.52	-68.00
851.51	-42.45	-67.77
854.73	-42.55	-71.76
857.95	-42.86	-69.46
861.19	-42.85	-71.74
864.44	-42.87	-71.83
867.70	-42.90	-72.67
870.98	-42.87	-71.37
874.26	-43.22	-73.04
877.56	-43.24	-72.49
880.87	-43.44	-72.91
884.20	-43.55	-73.28
887.53	-43.50	-73.85
890.88	-43.61	-73.21
894.25	-43.71	-73.62
897.62	-43.89	-74.06
901.01	-43.51	-75.13
904.41	-44.02	-75.97
907.82	-43.78	-75.50
911.25	-43.89	-75.17
914.68	-43.84	-74.69
918.14	-43.91	-74.66
921.60	-44.28	-76.20
925.08	-44.16	-75.05
928.57	-44.16	-76.03
932.07	-44.13	-76.71
935.59	-44.12	-76.59
939.12	-44.15	-77.08
942.67	-44.08	-77.54
946.22	-44.22	-78.92
949.79	-44.24	-75.48
953.38	-44.11	-77.78
956.97	-44.27	-77.93
960.59	-44.43	-77.77
964.21	-44.42	-79.99
967.85	-44.36	-77.97
971.50	-44.43	-79.37
975.17	-44.38	-78.58
978.85	-44.38	-78.22
982.54	-44.43	-78.55
986.25	-44.43	-78.06
989.97	-44.52	-77.71
993.71	-44.51	-79.10
997.46	-44.73	-77.73
1001.22	-44.63	-79.70
1005.00	-44.57	-79.28
1008.79	-44.50	-79.32
1012.60	-44.58	-81.86
1016.42	-44.89	-79.13
1020.25	-44.87	-79.79
1024.10	-45.15	-80.41
1027.97	-45.18	-79.70
1031.85	-45.80	-76.28
1035.74	-45.45	-62.95
1039.65	-42.45	-66.03
1043.57	-42.44	-80.19
1047.51	-43.18	-83.82
1051.46	-43.48	-85.38
1055.43	-43.85	-87.22
1059.41	-44.12	-85.68
1063.41	-43.83	-88.62
1067.43	-44.16	-88.83
1071.45	-44.31	-88.45
1075.50	-44.50	-88.99
1079.55	-44.67	-88.46
1083.63	-44.90	-88.33
1087.72	-44.93	-89.02
1091.82	-45.44	-88.84
1095.94	-45.29	-89.20
1100.08	-45.29	-87.98
1104.23	-45.39	-86.72
1108.40	-45.86	-87.56
1112.58	-45.80	-86.12
1116.78	-45.74	-86.13
1120.99	-45.79	-84.23
1125.22	-45.73	-83.78
1129.47	-45.53	-81.40
1133.73	-45.62	-80.70
1138.01	-45.33	-77.03
1142.30	-45.28	-77.46
1146.61	-44.94	-77.53
1150.94	-44.55	-76.91
1155.28	-44.41	-74.23
1159.64	-43.99	-75.81
1164.02	-43.76	-77.37
1168.41	-43.39	-78.66
1172.82	-43.15	-80.58
1177.25	-42.84	-83.65
1181.69	-42.67	-82.54
1186.15	-42.36	-86.91
1190.62	-42.44	-89.73
1195.12	-42.54	-94.34
1199.63	-43.48	-97.79
1204.15	-43.78	-90.09
1208.70	-42.97	-86.59
1213.26	-42.59	-90.02
1217.84	-42.49	-92.35
1222.43	-42.47	-95.90
1227.04	-42.44	-97.99
1231.67	-42.34	-102.17
1236.32	-42.56	-101.90
1240.99	-42.86	-103.19
1245.67	-43.05	-104.68
1250.37	-42.81	-105.55
1255.09	-43.05	-105.26
1259.83	-43.19	-106.21
1264.58	-43.33	-106.60
1269.35	-43.52	-108.72
1274.14	-43.41	-108.15
1278.95	-43.43	-111.45
1283.78	-43.44	-109.96
1288.62	-43.67	-111.49
1293.48	-43.83	-109.85
1298.36	-43.38	-112.51
1303.26	-43.54	-111.98
1308.18	-43.60	-113.06
1313.12	-43.63	-113.70
1318.07	-43.70	-115.41
1323.05	-43.11	-117.51
1328.04	-42.99	-118.66
1333.05	-42.86	-123.05
1338.08	-43.32	-133.46
1343.13	-44.61	-136.89
1348.20	-45.69	-132.35
1353.29	-46.02	-129.61
1358.39	-46.17	-127.27
1363.52	-46.24	-128.51
1368.67	-46.29	-126.58
1373.83	-46.17	-127.81
1379.01	-46.52	-127.41
1384.22	-46.69	-128.60
1389.44	-46.51	-126.20
1394.68	-46.79	-127.41
1399.95	-47.16	-128.28
1405.23	-47.50	-128.55
1410.53	-47.68	-130.34
1415.86	-48.01	-126.57
1421.20	-47.98	-127.71
1426.56	-48.41	-127.89
1431.94	-48.55	-127.35
1437.35	-48.96	-123.63
1442.77	-49.27	-123.77
1448.22	-49.29	-122.73
1453.68	-49.39	-121.77
1459.17	-49.24	-120.63
1464.67	-49.79	-118.08
1470.20	-49.80	-117.30
1475.75	-49.76	-115.01
1481.32	-49.91	-115.14
1486.91	-50.17	-112.58
1492.52	-50.18	-110.84
1498.15	-50.17	-108.85
1503.80	-50.38	-102.94
1509.48	-50.43	-102.60
1515.17	-50.27	-96.94
1520.89	-50.13	-91.00
1526.63	-49.41	-83.49
1532.39	-47.99	-82.87
1538.17	-45.54	-83.76
1543.98	-44.75	-102.42
1549.81	-46.59	-115.09
1555.65	-48.49	-114.18
1561.52	-49.76	-107.44
1567.42	-50.56	-92.46
1573.33	-47.60	-76.66
1579.27	-45.22	-80.25
1585.23	-44.19	-91.80
1591.21	-44.30	-100.62
1597.21	-44.34	-103.92
1603.24	-45.15	-106.11
1609.29	-45.29	-107.94
1615.36	-45.61	-107.33
1621.46	-45.77	-108.87
1627.58	-46.27	-106.80
1633.72	-46.30	-100.05
1639.89	-45.07	-92.22
1646.07	-43.41	-98.23
1652.29	-43.01	-113.75
1658.52	-44.46	-118.93
1664.78	-45.15	-119.50
1671.06	-45.27	-113.35
1677.37	-45.30	-112.50
1683.70	-44.76	-115.59
1690.05	-45.10	-118.13
1696.43	-45.75	-115.25
1702.83	-45.48	-114.56
1709.26	-45.33	-113.01
1715.70	-44.95	-114.36
1722.18	-44.96	-115.20
1728.68	-45.14	-114.72
1735.20	-45.51	-114.06
1741.75	-44.67	-108.17
1748.32	-44.02	-115.85
1754.92	-44.22	-118.23
1761.54	-44.65	-118.79
1768.19	-44.72	-117.61
1774.86	-44.37	-117.18
1781.56	-43.85	-116.91
1788.28	-43.68	-119.40
1795.03	-43.94	-121.63
1801.80	-44.05	-122.82
1808.60	-43.89	-121.76
1815.43	-43.93	-123.28
1822.28	-44.07	-124.60
1829.15	-43.91	-125.47
1836.06	-43.98	-124.95
1842.99	-43.93	-125.79
1849.94	-43.89	-125.17
1856.92	-43.82	-127.83
1863.93	-43.75	-125.30
1870.96	-43.74	-125.79
1878.02	-43.79	-128.66
1885.11	-43.43	-126.55
1892.22	-43.38	-128.67
1899.36	-43.10	-128.55
1906.53	-43.44	-129.75
1913.72	-43.08	-129.36
1920.95	-42.87	-128.52
1928.19	-42.44	-129.28
1935.47	-42.20	-134.76
1942.77	-42.29	-137.15
1950.11	-42.66	-137.43
1957.46	-42.58	-139.80
1964.85	-42.40	-140.02
1972.27	-42.59	-138.91
1979.71	-42.41	-142.93
1987.18	-42.46	-143.38
1994.68	-42.63	-143.80
2002.20	-42.62	-145.39
2009.76	-42.63	-147.27
2017.34	-42.64	-144.54
2024.96	-42.36	-148.11
2032.60	-42.48	-148.47
2040.27	-42.61	-149.82
2047.97	-42.69	-148.40
2055.70	-42.25	-148.49
2063.45	-41.75	-152.55
2071.24	-42.29	-157.00
2079.06	-42.29	-156.50
2086.90	-42.49	-157.48
2094.78	-42.45	-157.12
2102.68	-42.60	-159.68
2110.62	-42.41	-159.57
2118.58	-42.71	-162.37
2126.57	-42.74	-161.29
2134.60	-42.76	-162.55
2142.65	-42.93	-163.64
2150.74	-42.93	-163.91
2158.86	-42.64	-162.33
2167.00	-42.82	-166.18
2175.18	-42.86	-166.58
2183.39	-42.91	-165.59
2191.63	-43.04	-167.77
2199.90	-42.83	-168.34
2208.20	-42.68	-168.17
2216.53	-42.89	-170.33
2224.90	-42.94	-172.10
2233.29	-43.05	-170.54
2241.72	-42.93	-173.77
2250.18	-43.24	-172.64
2258.67	-43.14	-172.70
2267.19	-42.56	-173.35
2275.75	-43.08	-176.86
2284.34	-43.03	-177.37
2292.96	-43.01	-176.16
2301.61	-43.03	-176.19
2310.29	-42.73	-178.82
2319.01	-42.65	179.11
2327.76	-43.17	175.67
2336.55	-43.19	177.58
2345.36	-43.40	175.13
2354.21	-43.42	176.76
2363.10	-43.35	176.37
2372.02	-43.28	173.33
2380.97	-43.64	174.28
2389.95	-43.39	172.51
2398.97	-43.80	172.22
2408.02	-43.70	171.99
2417.11	-43.61	173.33
2426.23	-43.71	171.40
2435.39	-43.54	170.88
2444.58	-43.50	169.93
2453.80	-43.58	168.81
2463.06	-43.89	168.68
2472.35	-43.59	167.62
2481.68	-43.59	167.98
2491.05	-43.60	167.26
2500.45	-43.57	165.86
2509.88	-43.45	163.51
2519.36	-43.61	164.73
2528.86	-43.72	163.07
2538.41	-43.67	161.92
2547.98	-43.70	161.17
2557.60	-43.67	162.21
2567.25	-43.73	159.21
2576.94	-43.79	160.26
2586.66	-43.54	157.86
2596.42	-43.63	157.06
2606.22	-43.95	155.38
2616.06	-43.76	156.30
2625.93	-44.02	153.49
2635.84	-44.02	154.48
2645.78	-44.07	154.23
2655.77	-44.11	153.52
2665.79	-43.94	152.61
2675.85	-43.88	152.14
2685.95	-44.04	151.29
2696.08	-44.01	149.93
2706.26	-43.92	149.74
2716.47	-44.04	148.34
2726.72	-44.22	149.04
2737.01	-44.16	147.76
2747.34	-43.87	147.40
2757.70	-44.05	145.42
2768.11	-43.97	145.80
2778.56	-43.99	144.08
2789.04	-44.01	142.22
2799.57	-44.06	142.68
2810.13	-44.09	141.43
2820.73	-44.31	140.81
2831.38	-44.30	139.75
2842.06	-44.13	140.04
2852.79	-44.16	138.57
2863.55	-44.20	138.61
2874.36	-44.32	137.82
2885.21	-44.01	136.52
2896.09	-44.29	134.98
2907.02	-44.05	135.35
2917.99	-44.35	133.11
2929.00	-44.32	132.36
2940.06	-44.31	132.76
2951.15	-44.24	130.68
2962.29	-44.50	130.65
2973.47	-44.53	129.97
2984.69	-44.50	129.42
2995.95	-44.55	128.90
3007.25	-44.40	129.45
3018.60	-44.34	128.27
3029.99	-44.44	126.64
3041.43	-44.44	125.63
3052.90	-44.40	125.92
3064.42	-44.36	125.48
3075.99	-44.44	123.40
3087.60	-44.45	122.84
3099.25	-44.37	121.36
3110.94	-44.42	120.82
3122.68	-44.64	120.86
3134.47	-44.54	120.28
3146.29	-44.54	118.51
3158.17	-44.58	117.36
3170.08	-44.67	118.17
3182.05	-44.62	116.99
3194.05	-44.70	117.61
3206.11	-44.60	116.32
3218.21	-44.54	114.73
3230.35	-44.67	113.82
3242.54	-44.66	115.20
3254.77	-44.55	114.79
3267.06	-44.46	112.62
3279.39	-44.61	112.83
3291.76	-44.33	111.70
3304.18	-44.43	111.47
3316.65	-44.38	109.75
3329.17	-44.35	110.78
3341.73	-44.31	108.78
3354.34	-44.15	107.23
3367.00	-44.32	105.73
3379.70	-44.31	106.46
3392.46	-44.20	105.78
3405.26	-44.26	104.22
3418.11	-44.20	103.85
3431.01	-44.10	101.87
3443.95	-44.11	102.30
3456.95	-44.14	100.30
3469.99	-44.13	101.19
3483.09	-44.07	100.08
3496.23	-43.88	97.58
3509.43	-44.14	97.16
3522.67	-43.77	97.11
3535.96	-43.82	95.61
3549.31	-43.93	93.18
3562.70	-44.09	93.17
3576.14	-44.13	92.13
3589.64	-43.82	91.14
3603.18	-43.94	88.49
3616.78	-44.08	89.61
3630.43	-44.14	88.32
3644.13	-43.85	87.41
3657.88	-44.05	85.20
3671.68	-44.04	84.93
3685.54	-43.85	84.18
3699.45	-43.89	82.42
3713.41	-43.93	82.79
3727.42	-43.90	81.14
3741.49	-43.79	81.38
3755.60	-43.81	79.30
3769.78	-43.65	79.51
3784.00	-43.74	79.82
3798.28	-43.53	79.74
3812.61	-43.50	78.22
3827.00	-43.64	76.74
3841.44	-43.69	77.67
3855.94	-43.68	76.20
3870.49	-43.27	75.04
3885.09	-43.45	72.47
3899.75	-43.36	73.11
3914.47	-43.35	72.49
3929.24	-42.81	72.05
3944.07	-42.87	68.43
3958.95	-42.68	68.86
3973.89	-42.81	68.64
3988.89	-42.53	68.07
4003.94	-42.60	67.07
4019.05	-42.47	64.60
4034.22	-42.56	63.60
4049.44	-42.44	62.96
4064.72	-41.92	60.79
4080.06	-41.85	58.20
4095.46	-41.72	57.20
4110.91	-41.74	56.91
4126.42	-41.68	55.91
4141.99	-41.71	54.46
4157.62	-41.59	51.50
4173.31	-41.47	49.57
4189.06	-41.38	46.77
4204.87	-41.29	46.40
4220.74	-41.13	45.59
4236.66	-41.09	44.66
4252.65	-41.12	41.21
4268.70	-41.27	39.71
4284.81	-41.19	37.02
4300.98	-40.90	37.38
4317.21	-40.71	33.76
4333.50	-40.79	33.30
4349.85	-40.96	30.38
4366.26	-40.94	29.88
4382.74	-40.95	27.25
4399.28	-40.68	25.91
4415.88	-40.77	24.95
4432.54	-40.67	22.02
4449.27	-41.04	20.51
4466.06	-40.93	18.33
4482.91	-40.79	17.55
4499.83	-40.54	16.73
4516.81	-40.66	15.66
4533.85	-40.63	11.32
4550.96	-40.79	10.53
4568.14	-40.66	8.35
4585.37	-40.63	8.63
4602.68	-40.64	5.42
4620.05	-40.63	4.57
4637.48	-40.46	1.14
4654.98	-40.31	0.43
4672.55	-40.63	-1.78
4690.18	-40.84	-3.44
4707.88	-40.68	-5.89
4725.64	-40.57	-5.75
4743.48	-40.68	-8.00
4761.38	-40.73	-9.61
4779.34	-40.44	-12.34
4797.38	-40.37	-13.03
4815.48	-40.69	-15.74
4833.65	-40.57	-16.47
4851.89	-40.58	-19.21
4870.20	-40.54	-19.01
4888.58	-40.74	-21.19
4907.03	-40.33	-23.37
4925.54	-40.33	-26.52
4944.13	-40.40	-27.08
4962.79	-40.45	-30.44
4981.52	-40.21	-31.77
5000.31	-40.50	-33.66
5019.18	-40.44	-34.56
5038.12	-40.28	-38.45
5057.14	-40.33	-39.13
5076.22	-40.50	-43.49
5095.37	-40.38	-44.22
5114.60	-40.42	-47.75
5133.90	-40.70	-50.19
5153.27	-40.58	-52.31
5172.72	-40.92	-53.29
5192.24	-41.07	-56.85
5211.83	-41.03	-56.01
5231.50	-41.27	-58.74
5251.24	-41.44	-61.60
5271.06	-41.45	-62.32
5290.95	-41.83	-63.66
5310.91	-41.60	-65.44
5330.96	-42.04	-65.93
5351.07	-41.95	-67.29
5371.27	-42.06	-67.49
5391.53	-42.21	-67.70
5411.88	-42.18	-69.82
5432.30	-42.17	-68.56
5452.80	-42.09	-71.85
5473.38	-42.09	-70.62
5494.03	-42.06	-73.55
5514.76	-41.93	-73.55
5535.57	-41.69	-74.45
5556.46	-41.64	-76.77
5577.43	-41.51	-77.80
5598.48	-41.50	-80.93
5619.60	-41.27	-81.05
5640.81	-41.22	-86.00
5662.10	-41.26	-86.16
5683.46	-41.06	-91.00
5704.91	-41.21	-91.84
5726.44	-41.09	-96.17
5748.05	-41.28	-99.18
5769.74	-41.67	-99.69
5791.51	-41.70	-99.67
5813.36	-41.58	-101.49
5835.30	-41.66	-102.83
5857.32	-41.64	-103.98
5879.42	-41.20	-104.85
5901.61	-41.39	-108.45
5923.88	-41.28	-107.48
5946.23	-41.10	-111.38
5968.67	-41.46	-111.91
5991.20	-41.14	-112.57
6013.80	-41.24	-116.31
6036.50	-41.38	-118.02
6059.28	-41.56	-119.82
6082.14	-41.50	-121.19
6105.09	-41.42	-123.78
6128.13	-41.34	-124.68
6151.26	-41.09	-127.10
6174.47	-41.20	-128.65
6197.77	-41.15	-128.11
6221.16	-40.91	-130.55
6244.63	-41.27	-132.83
6268.20	-41.22	-131.46
6291.85	-41.07	-135.60
6315.59	-40.82	-136.07
6339.42	-40.41	-139.29
6363.35	-40.33	-141.79
6387.36	-40.27	-143.01
6411.46	-40.23	-145.48
6435.66	-40.59	-145.23
6459.94	-40.07	-146.92
6484.32	-39.69	-152.85
6508.79	-39.85	-152.74
6533.35	-39.44	-154.57
6558.00	-39.29	-156.47
6582.75	-39.06	-157.94
6607.59	-38.87	-162.67
6632.53	-38.67	-166.37
6657.55	-38.20	-168.43
6682.68	-38.49	-174.02
6707.90	-38.55	-175.76
6733.21	-38.50	-178.91
6758.62	-38.12	178.53
6784.12	-37.94	175.25
6809.72	-38.19	173.96
6835.42	-37.73	171.37
6861.21	-37.61	164.90
6887.10	-37.68	162.65
6913.09	-37.41	161.56
6939.18	-37.13	155.74
6965.36	-37.22	151.67
6991.65	-36.81	149.52
7018.03	-36.80	145.91
7044.51	-36.76	140.91
7071.10	-36.51	135.98
7097.78	-36.31	132.81
7124.56	-36.19	125.78
7151.45	-36.37	121.67
7178.44	-35.78	118.17
7205.52	-35.94	111.57
7232.71	-36.12	104.54
7260.01	-36.11	98.86
7287.40	-36.22	95.25
7314.90	-36.01	86.61
7342.51	-36.59	79.34
7370.21	-36.65	77.33
7398.03	-36.86	67.65
7425.94	-37.14	62.04
7453.97	-37.55	52.29
7482.09	-38.50	47.21
7510.33	-38.46	41.33
7538.67	-39.51	33.62
7567.12	-40.04	26.34
7595.67	-41.44	19.94
7624.33	-42.26	15.33
7653.10	-43.16	8.36
7681.98	-44.57	6.43
7710.97	-45.57	-1.57
7740.07	-47.66	0.03
7769.28	-48.76	-1.92
7798.60	-49.42	3.08
7828.02	-49.51	-4.32
7857.56	-50.95	-11.24
7887.21	-52.88	-17.39
7916.98	-53.91	-23.08
7946.85	-56.39	-46.85
7976.84	-61.65	-135.86
8006.94	-66.67	163.34
8037.16	-66.30	130.58
8067.49	-59.04	138.78
8097.93	-55.74	107.86
8128.49	-56.37	104.75
8159.16	-55.57	113.22
8189.95	-53.43	111.58
8220.86	-52.17	100.64
8251.88	-52.63	101.77
8283.02	-51.71	101.40
8314.27	-50.32	105.30
8345.65	-49.44	99.17
8377.14	-49.06	94.01
8408.75	-49.24	92.26
8440.48	-47.84	94.68
8472.33	-47.39	88.00
8504.30	-46.90	87.12
8536.40	-46.34	85.31
8568.61	-45.66	79.93
8600.94	-45.07	78.69
8633.40	-44.84	74.96
8665.98	-44.22	71.77
8698.68	-43.66	67.17
8731.51	-43.25	64.25
8764.46	-42.94	62.14
8797.53	-42.24	57.27
8830.73	-41.94	51.50
8864.05	-41.33	48.16
8897.50	-41.10	44.65
8931.07	-40.79	38.66
8964.78	-40.32	34.90
8998.61	-39.71	30.46
9032.56	-39.47	24.70
9066.65	-39.14	18.62
9100.86	-38.69	11.29
9135.20	-38.61	5.54
9169.68	-38.73	-1.14
9204.28	-38.73	-7.81
9239.01	-38.52	-12.35
9273.88	-38.52	-18.92
9308.87	-38.66	-26.29
9344.00	-38.75	-33.78
9379.26	-38.94	-38.04
9414.65	-39.22	-43.92
9450.18	-39.04	-51.09
9485.84	-39.22	-55.92
9521.64	-39.41	-62.09
9557.57	-39.47	-68.87
9593.64	-39.78	-73.90
9629.84	-40.21	-77.09
9666.18	-40.63	-84.85
9702.65	-41.04	-89.26
9739.27	-42.05	-93.01
9776.02	-42.41	-101.62
9812.91	-42.93	-104.73
9849.94	-43.68	-109.71
9887.11	-44.21	-113.57
9924.42	-44.88	-115.53
9961.87	-46.21	-116.23
9999.46	-47.17	-119.97
10037.19	-48.11	-122.17
10075.07	-50.37	-117.71
10113.09	-49.96	-102.55
10151.25	-49.24	-91.57
10189.55	-48.29	-94.25
10228.01	-47.46	-96.09
10266.60	-47.16	-98.45
10305.34	-46.81	-101.69
10344.23	-45.93	-96.01
10383.27	-46.10	-103.91
10422.45	-45.34	-105.56
10461.78	-44.61	-107.07
10501.26	-44.61	-110.26
10540.88	-43.62	-113.32
10580.66	-43.41	-121.74
10620.59	-42.87	-125.16
10660.66	-42.65	-128.06
10700.89	-42.39	-136.22
10741.27	-41.93	-141.35
10781.81	-41.62	-148.61
10822.49	-42.04	-154.45
10863.33	-41.90	-163.34
10904.33	-41.98	-164.37
10945.47	-42.31	-172.75
10986.78	-41.93	-177.94
11028.24	-42.65	176.72
11069.85	-42.75	171.27
11111.63	-43.14	168.32
11153.56	-43.04	164.95
11195.64	-43.61	159.01
11237.89	-42.94	158.53
11280.30	-43.68	150.97
11322.87	-43.01	147.49
11365.59	-43.67	142.74
11408.48	-43.22	135.04
11451.53	-44.12	130.23
11494.75	-44.23	127.95
11538.12	-44.28	121.73
11581.66	-44.53	117.33
11625.37	-45.18	110.51
11669.24	-45.34	107.82
11713.27	-45.97	102.32
11757.47	-46.75	98.71
11801.84	-47.09	97.01
11846.37	-48.17	94.77
11891.08	-48.06	97.57
11935.95	-48.65	93.99
11980.99	-48.58	99.03
12026.20	-48.06	94.74
12071.58	-48.52	95.45
12117.14	-47.64	93.90
12162.86	-47.70	88.79
12208.76	-47.37	89.71
12254.83	-46.55	82.35
12301.07	-46.90	75.88
12347.49	-46.70	74.54
12394.08	-46.05	66.43
12440.85	-46.51	59.90
12487.80	-46.26	51.52
12534.92	-47.18	41.86
12582.23	-48.59	36.82
12629.71	-49.49	38.44
12677.37	-50.03	38.38
12725.20	-50.97	39.72
12773.22	-50.74	46.43
12821.42	-50.22	45.56
12869.81	-49.73	45.84
12918.37	-49.33	45.47
12967.12	-48.24	46.16
13016.05	-47.18	36.63
13065.17	-47.05	29.18
13114.47	-46.87	24.49
13163.96	-46.32	17.79
13213.64	-46.33	7.53
13263.50	-46.69	0.62
13313.55	-47.00	-5.39
13363.79	-47.13	-10.40
13414.22	-47.26	-18.33
13464.84	-48.11	-25.86
13515.65	-49.16	-29.68
13566.65	-49.71	-30.99
13617.84	-50.08	-32.39
13669.23	-50.24	-34.20
13720.81	-50.67	-37.05
13772.59	-51.08	-36.22
13824.56	-50.92	-37.49
13876.73	-51.04	-37.81
13929.09	-50.53	-37.20
13981.66	-49.63	-40.32
14034.42	-49.36	-46.56
14087.38	-48.75	-52.50
14140.54	-48.64	-61.13
14193.90	-48.73	-69.21
14247.46	-48.99	-76.03
14301.22	-49.58	-84.45
14355.19	-50.23	-88.61
14409.36	-50.83	-93.54
14463.73	-51.74	-94.92
14518.31	-52.51	-97.53
14573.10	-53.13	-92.33
14628.09	-52.73	-88.98
14683.29	-51.67	-91.22
14738.70	-51.09	-92.15
14794.32	-49.84	-96.99
14850.15	-49.17	-105.79
14906.18	-48.64	-116.65
14962.43	-48.14	-125.10
15018.90	-48.11	-134.62
15075.57	-48.26	-144.03
15132.46	-48.31	-151.68
15189.56	-48.75	-159.95
15246.88	-49.37	-165.16
15304.42	-50.25	-169.22
15362.17	-51.02	-170.15
15420.14	-51.90	-168.42
15478.33	-52.10	-166.36
15536.74	-51.59	-166.26
15595.37	-50.80	-170.62
15654.22	-49.50	-175.60
15713.29	-48.67	178.86
15772.58	-48.15	172.94
15832.10	-48.27	164.48
15891.85	-48.31	152.03
15951.81	-48.14	140.72
16012.01	-48.07	132.59
16072.43	-48.94	127.93
16133.08	-50.06	117.03
16193.96	-51.06	109.03
16255.07	-51.53	108.76
16316.41	-52.99	111.33
16377.98	-53.81	113.60
16439.79	-52.63	116.80
16501.82	-51.66	119.28
16564.09	-51.11	113.92
16626.60	-49.89	104.54
16689.34	-49.31	98.64
16752.32	-49.58	88.34
16815.54	-49.17	78.09
16878.99	-49.61	72.24
16942.69	-50.22	60.18
17006.62	-50.58	54.87
17070.79	-52.00	49.09
17135.21	-53.04	44.30
17199.87	-54.29	52.67
17264.78	-54.04	55.27
17329.93	-53.24	63.23
17395.32	-51.70	60.35
17460.97	-50.15	57.88
17526.86	-49.13	45.91
17593.00	-48.31	38.70
17659.38	-47.64	23.82
17726.02	-47.64	13.75
17792.91	-47.66	-0.06
17860.06	-48.53	-9.71
17927.45	-48.98	-19.25
17995.10	-50.43	-25.18
18063.01	-50.91	-25.82
18131.17	-51.07	-29.06
18199.59	-50.93	-29.87
18268.27	-50.03	-32.33
18337.21	-49.38	-41.73
18406.40	-48.97	-49.03
18475.86	-48.30	-60.02
18545.58	-48.04	-73.95
18615.56	-48.15	-87.48
18685.81	-48.65	-100.79
18756.32	-49.55	-114.19
18827.10	-50.77	-126.73
18898.15	-52.25	-135.83
18969.46	-54.06	-139.35
19041.04	-55.19	-138.19
19112.90	-55.18	-136.70
19185.02	-54.45	-138.66
19257.42	-54.12	-146.75
19330.09	-53.80	-156.64
19403.03	-53.71	-167.21
19476.25	-53.94	179.94
19549.74	-54.56	167.02
19623.51	-55.39	154.97
19697.56	-56.86	143.19
19771.89	-58.50	131.61
19846.51	-60.99	126.36
19921.40	-63.89	127.17
19996.57	-65.46	139.52
20072.03	-65.54	153.43
20147.78	-64.03	159.33
20223.80	-62.81	159.18
20300.12	-62.09	153.80
20376.72	-60.99	150.47
20453.62	-60.45	142.07
20530.80	-60.34	133.04
20608.28	-61.13	125.16
20686.04	-61.98	124.05
20764.10	-62.47	133.03
20842.46	-59.92	139.44
20921.11	-57.66	133.08
21000.06	-55.81	120.36
21079.30	-54.99	101.82
21158.85	-54.50	87.08
21238.69	-54.54	71.14
21318.84	-55.55	58.54
21399.29	-55.96	48.11
21480.04	-56.58	40.48
21561.09	-57.00	34.81
21642.46	-56.46	25.72
21724.12	-56.04	15.40
21806.10	-55.71	0.92
21888.39	-55.39	-16.38
21970.99	-55.91	-36.11
22053.89	-56.14	-54.23
22137.12	-56.74	-75.30
22220.65	-57.11	-96.15
22304.50	-57.72	-117.59
