Freq[Hz]	[dBV]	Phase[Deg]
10.00	-65.47	125.51
10.04	-65.58	123.42
10.08	-65.68	121.28
10.11	-65.78	119.11
10.15	-65.88	116.89
10.19	-65.98	114.64
10.23	-66.08	112.36
10.27	-66.17	110.04
10.31	-66.26	107.69
10.34	-66.35	105.31
10.38	-66.44	102.91
10.42	-66.53	100.47
10.46	-66.61	98.02
10.50	-66.69	95.54
10.54	-66.77	93.04
10.58	-66.84	90.52
10.62	-66.91	87.98
10.66	-66.98	85.44
10.70	-67.04	82.88
10.74	-67.11	80.31
10.78	-67.16	77.73
10.82	-67.22	75.15
10.86	-67.27	72.57
10.90	-67.31	69.98
10.95	-67.35	67.40
10.99	-67.39	64.82
11.03	-67.42	62.25
11.07	-67.45	59.69
11.11	-67.48	57.15
11.15	-67.50	54.62
11.20	-67.51	52.11
11.24	-67.52	49.62
11.28	-67.52	47.15
11.32	-67.52	44.71
11.37	-67.51	42.31
11.41	-67.49	39.93
11.45	-67.47	37.60
11.50	-67.45	35.30
11.54	-67.41	33.05
11.58	-67.37	30.84
11.63	-67.33	28.69
11.67	-67.27	26.59
11.71	-67.21	24.55
11.76	-67.14	22.56
11.80	-67.07	20.64
11.85	-66.98	18.78
11.89	-66.89	16.98
11.94	-66.80	15.24
11.98	-66.69	13.56
12.03	-66.58	11.93
12.07	-66.46	10.36
12.12	-66.34	8.85
12.16	-66.21	7.39
12.21	-66.08	5.98
12.26	-65.94	4.63
12.30	-65.79	3.32
12.35	-65.64	2.07
12.39	-65.48	0.86
12.44	-65.32	-0.30
12.49	-65.15	-1.41
12.54	-64.98	-2.48
12.58	-64.81	-3.50
12.63	-64.63	-4.49
12.68	-64.45	-5.43
12.73	-64.26	-6.33
12.77	-64.08	-7.20
12.82	-63.89	-8.03
12.87	-63.69	-8.82
12.92	-63.50	-9.58
12.97	-63.30	-10.31
13.02	-63.10	-11.01
13.07	-62.90	-11.68
13.12	-62.69	-12.32
13.16	-62.49	-12.94
13.21	-62.29	-13.54
13.26	-62.08	-14.12
13.31	-61.88	-14.68
13.36	-61.67	-15.22
13.41	-61.47	-15.74
13.47	-61.27	-16.26
13.52	-61.07	-16.76
13.57	-60.87	-17.26
13.62	-60.68	-17.75
13.67	-60.48	-18.23
13.72	-60.29	-18.71
13.77	-60.11	-19.20
13.83	-59.93	-19.69
13.88	-59.75	-20.18
13.93	-59.57	-20.68
13.98	-59.41	-21.20
14.04	-59.24	-21.73
14.09	-59.09	-22.27
14.14	-58.94	-22.83
14.19	-58.80	-23.42
14.25	-58.66	-24.03
14.30	-58.53	-24.67
14.36	-58.42	-25.34
14.41	-58.31	-26.05
14.46	-58.21	-26.79
14.52	-58.12	-27.58
14.57	-58.04	-28.41
14.63	-57.97	-29.28
14.68	-57.92	-30.21
14.74	-57.87	-31.19
14.80	-57.84	-32.22
14.85	-57.82	-33.29
14.91	-57.81	-34.41
14.96	-57.81	-35.57
15.02	-57.82	-36.77
15.08	-57.84	-38.00
15.13	-57.88	-39.27
15.19	-57.92	-40.57
15.25	-57.97	-41.90
15.31	-58.03	-43.26
15.36	-58.10	-44.64
15.42	-58.17	-46.04
15.48	-58.26	-47.46
15.54	-58.35	-48.89
15.60	-58.45	-50.33
15.66	-58.56	-51.78
15.71	-58.67	-53.24
15.77	-58.79	-54.69
15.83	-58.91	-56.15
15.89	-59.04	-57.60
15.95	-59.18	-59.04
16.01	-59.31	-60.46
16.07	-59.46	-61.87
16.13	-59.60	-63.26
16.19	-59.75	-64.63
16.26	-59.90	-65.96
16.32	-60.05	-67.27
16.38	-60.21	-68.53
16.44	-60.36	-69.76
16.50	-60.52	-70.94
16.56	-60.68	-72.07
16.63	-60.83	-73.15
16.69	-60.98	-74.17
16.75	-61.13	-75.13
16.82	-61.28	-76.01
16.88	-61.43	-76.83
16.94	-61.57	-77.56
17.01	-61.71	-78.21
17.07	-61.84	-78.78
17.14	-61.97	-79.25
17.20	-62.09	-79.62
17.27	-62.20	-79.88
17.33	-62.31	-80.03
17.40	-62.40	-80.07
17.46	-62.49	-79.99
17.53	-62.57	-79.77
17.59	-62.63	-79.43
17.66	-62.69	-78.94
17.73	-62.73	-78.32
17.79	-62.77	-77.56
17.86	-62.79	-76.66
17.93	-62.80	-75.63
18.00	-62.80	-74.47
18.06	-62.80	-73.18
18.13	-62.78	-71.76
18.20	-62.75	-70.21
18.27	-62.72	-68.53
18.34	-62.67	-66.73
18.41	-62.62	-64.81
18.48	-62.56	-62.76
18.55	-62.49	-60.60
18.62	-62.42	-58.32
18.69	-62.34	-55.92
18.76	-62.25	-53.41
18.83	-62.16	-50.79
18.90	-62.06	-48.06
18.97	-61.95	-45.22
19.04	-61.84	-42.28
19.11	-61.73	-39.23
19.19	-61.61	-36.09
19.26	-61.49	-32.85
19.33	-61.36	-29.51
19.40	-61.23	-26.08
19.48	-61.10	-22.56
19.55	-60.97	-18.96
19.62	-60.84	-15.27
19.70	-60.71	-11.50
19.77	-60.57	-7.65
19.85	-60.44	-3.73
19.92	-60.31	0.27
20.00	-60.17	4.33
20.07	-60.05	8.46
20.15	-59.92	12.65
20.22	-59.80	16.90
20.30	-59.68	21.20
20.38	-59.56	25.55
20.45	-59.45	29.95
20.53	-59.35	34.39
20.61	-59.25	38.88
20.69	-59.16	43.39
20.77	-59.07	47.94
20.84	-59.00	52.52
20.92	-58.93	57.12
21.00	-58.87	61.73
21.08	-58.81	66.36
21.16	-58.77	70.99
21.24	-58.73	75.63
21.32	-58.71	80.27
21.40	-58.69	84.91
21.48	-58.69	89.53
21.56	-58.69	94.13
21.64	-58.71	98.71
21.73	-58.74	103.27
21.81	-58.78	107.79
21.89	-58.83	112.27
21.97	-58.89	116.71
22.06	-58.97	121.09
22.14	-59.07	125.42
22.22	-59.17	129.69
22.31	-59.30	133.88
22.39	-59.43	138.00
22.47	-59.59	142.04
22.56	-59.76	145.99
22.64	-59.94	149.84
22.73	-60.15	153.58
22.82	-60.37	157.22
22.90	-60.61	160.74
22.99	-60.87	164.13
23.07	-61.15	167.39
23.16	-61.45	170.51
23.25	-61.77	173.48
23.34	-62.11	176.29
23.43	-62.47	178.94
23.51	-62.86	-178.59
23.60	-63.27	-176.28
23.69	-63.69	-174.14
23.78	-64.14	-172.16
23.87	-64.60	-170.34
23.96	-65.08	-168.66
24.05	-65.57	-167.12
24.14	-66.07	-165.71
24.23	-66.59	-164.43
24.32	-67.11	-163.27
24.42	-67.63	-162.23
24.51	-68.16	-161.29
24.60	-68.70	-160.46
24.69	-69.23	-159.71
24.79	-69.76	-159.05
24.88	-70.29	-158.46
24.97	-70.81	-157.94
25.07	-71.33	-157.49
25.16	-71.83	-157.08
25.26	-72.32	-156.72
25.35	-72.80	-156.39
25.45	-73.25	-156.08
25.54	-73.69	-155.79
25.64	-74.11	-155.51
25.74	-74.50	-155.22
25.84	-74.86	-154.92
25.93	-75.20	-154.60
26.03	-75.50	-154.24
26.13	-75.76	-153.84
26.23	-75.99	-153.38
26.33	-76.17	-152.85
26.43	-76.31	-152.25
26.53	-76.41	-151.56
26.63	-76.46	-150.80
26.73	-76.48	-149.95
26.83	-76.46	-149.02
26.93	-76.40	-148.00
27.03	-76.31	-146.91
27.13	-76.19	-145.74
27.23	-76.04	-144.49
27.34	-75.87	-143.16
27.44	-75.67	-141.75
27.54	-75.46	-140.26
27.65	-75.23	-138.70
27.75	-74.99	-137.06
27.86	-74.73	-135.35
27.96	-74.47	-133.56
28.07	-74.21	-131.70
28.17	-73.94	-129.76
28.28	-73.67	-127.75
28.39	-73.41	-125.67
28.49	-73.16	-123.52
28.60	-72.92	-121.30
28.71	-72.70	-119.02
28.82	-72.50	-116.66
28.93	-72.32	-114.24
29.03	-72.17	-111.75
29.14	-72.04	-109.20
29.25	-71.96	-106.58
29.36	-71.91	-103.90
29.48	-71.90	-101.16
29.59	-71.93	-98.37
29.70	-71.99	-95.53
29.81	-72.09	-92.65
29.92	-72.22	-89.72
30.04	-72.37	-86.77
30.15	-72.56	-83.78
30.26	-72.76	-80.78
30.38	-72.99	-77.76
30.49	-73.24	-74.73
30.61	-73.51	-71.69
30.72	-73.79	-68.66
30.84	-74.08	-65.64
30.95	-74.39	-62.63
31.07	-74.69	-59.64
31.19	-75.01	-56.68
31.31	-75.32	-53.76
31.42	-75.63	-50.88
31.54	-75.93	-48.05
31.66	-76.23	-45.28
31.78	-76.52	-42.58
31.90	-76.79	-39.94
32.02	-77.04	-37.39
32.14	-77.28	-34.93
32.26	-77.48	-32.56
32.39	-77.67	-30.29
32.51	-77.82	-28.12
32.63	-77.95	-26.02
32.75	-78.06	-23.99
32.88	-78.13	-22.02
33.00	-78.19	-20.10
33.13	-78.22	-18.21
33.25	-78.23	-16.35
33.38	-78.21	-14.51
33.50	-78.17	-12.66
33.63	-78.11	-10.80
33.76	-78.03	-8.92
33.88	-77.93	-7.00
34.01	-77.81	-5.04
34.14	-77.67	-3.01
34.27	-77.51	-0.90
34.40	-77.33	1.30
34.53	-77.13	3.60
34.66	-76.92	6.02
34.79	-76.69	8.58
34.92	-76.45	11.29
35.05	-76.19	14.16
35.18	-75.92	17.22
35.32	-75.63	20.46
35.45	-75.34	23.89
35.58	-75.04	27.50
35.72	-74.73	31.28
35.85	-74.43	35.22
35.99	-74.12	39.31
36.12	-73.82	43.54
36.26	-73.53	47.91
36.40	-73.25	52.40
36.53	-72.99	57.00
36.67	-72.74	61.72
36.81	-72.52	66.53
36.95	-72.32	71.42
37.09	-72.15	76.39
37.23	-72.01	81.42
37.37	-71.91	86.51
37.51	-71.85	91.63
37.65	-71.83	96.79
37.79	-71.86	101.97
37.94	-71.94	107.15
38.08	-72.08	112.33
38.22	-72.28	117.49
38.37	-72.54	122.60
38.51	-72.85	127.61
38.66	-73.20	132.51
38.80	-73.60	137.24
38.95	-74.04	141.77
39.10	-74.50	146.07
39.24	-75.00	150.09
39.39	-75.51	153.78
39.54	-76.04	157.12
39.69	-76.58	160.06
39.84	-77.13	162.55
39.99	-77.67	164.55
40.14	-78.21	166.01
40.29	-78.73	166.90
40.45	-79.23	167.15
40.60	-79.71	166.73
40.75	-80.15	165.58
40.90	-80.55	163.66
41.06	-80.91	160.92
41.21	-81.21	157.33
41.37	-81.47	152.94
41.53	-81.68	147.81
41.68	-81.85	141.99
41.84	-81.99	135.54
42.00	-82.09	128.51
42.16	-82.16	120.96
42.32	-82.21	112.96
42.47	-82.24	104.57
42.63	-82.25	95.84
42.80	-82.24	86.85
42.96	-82.23	77.66
43.12	-82.21	68.33
43.28	-82.20	58.94
43.45	-82.19	49.56
43.61	-82.18	40.26
43.77	-82.20	31.11
43.94	-82.23	22.19
44.10	-82.28	13.57
44.27	-82.35	5.23
44.44	-82.44	-2.84
44.61	-82.53	-10.67
44.77	-82.61	-18.28
44.94	-82.69	-25.69
45.11	-82.75	-32.94
45.28	-82.78	-40.05
45.45	-82.78	-47.04
45.63	-82.74	-53.95
45.80	-82.66	-60.79
45.97	-82.51	-67.61
46.14	-82.30	-74.42
46.32	-82.02	-81.26
46.49	-81.66	-88.15
46.67	-81.20	-95.14
46.84	-80.64	-102.25
47.02	-79.98	-109.50
47.20	-79.21	-116.87
47.38	-78.37	-124.29
47.56	-77.45	-131.72
47.74	-76.49	-139.09
47.92	-75.49	-146.34
48.10	-74.48	-153.41
48.28	-73.47	-160.23
48.46	-72.49	-166.76
48.64	-71.54	-172.91
48.83	-70.65	-178.62
49.01	-69.84	176.18
49.20	-69.13	171.55
49.38	-68.53	167.57
49.57	-68.08	164.31
49.75	-67.79	161.85
49.94	-67.68	160.25
50.13	-67.74	159.48
50.32	-67.96	159.44
50.51	-68.31	160.05
50.70	-68.77	161.22
50.89	-69.32	162.83
51.08	-69.94	164.81
51.28	-70.61	167.04
51.47	-71.30	169.43
51.66	-71.99	171.86
51.86	-72.65	174.23
52.05	-73.26	176.43
52.25	-73.80	178.34
52.45	-74.23	179.86
52.65	-74.53	-179.15
52.85	-74.68	-178.78
53.04	-74.67	-179.08
53.24	-74.52	-179.97
53.45	-74.24	178.61
53.65	-73.84	176.73
53.85	-73.35	174.45
54.05	-72.78	171.85
54.26	-72.15	168.99
54.46	-71.48	165.95
54.67	-70.78	162.81
54.87	-70.08	159.63
55.08	-69.38	156.51
55.29	-68.73	153.51
55.50	-68.12	150.73
55.71	-67.58	148.24
55.92	-67.14	146.06
56.13	-66.78	144.10
56.34	-66.51	142.20
56.55	-66.33	140.25
56.77	-66.24	138.10
56.98	-66.23	135.60
57.19	-66.32	132.62
57.41	-66.49	129.00
57.63	-66.75	124.59
57.84	-67.10	119.24
58.06	-67.53	112.79
58.28	-68.05	105.08
58.50	-68.65	95.94
58.72	-69.34	85.22
58.94	-70.11	72.99
59.17	-70.93	59.53
59.39	-71.80	45.12
59.61	-72.68	30.04
59.84	-73.57	14.60
60.06	-74.45	-0.90
60.29	-75.29	-16.15
60.52	-76.07	-30.84
60.75	-76.79	-44.63
60.98	-77.40	-57.21
61.21	-77.90	-68.23
61.44	-78.26	-77.35
61.67	-78.46	-84.23
61.90	-78.51	-88.82
62.14	-78.41	-91.28
62.37	-78.20	-91.76
62.61	-77.88	-90.45
62.84	-77.48	-87.50
63.08	-77.01	-83.10
63.32	-76.51	-77.43
63.56	-75.98	-70.66
63.80	-75.45	-62.99
64.04	-74.94	-54.62
64.28	-74.47	-45.73
64.52	-74.07	-36.53
64.76	-73.75	-27.18
65.01	-73.50	-17.73
65.25	-73.30	-8.25
65.50	-73.17	1.21
65.75	-73.07	10.60
66.00	-73.00	19.85
66.24	-72.96	28.91
66.49	-72.93	37.70
66.75	-72.90	46.18
67.00	-72.86	54.27
67.25	-72.80	61.92
67.50	-72.71	69.04
67.76	-72.57	75.59
68.01	-72.39	81.48
68.27	-72.17	86.67
68.53	-71.89	91.08
68.79	-71.55	94.64
69.05	-71.14	97.29
69.31	-70.67	98.96
69.57	-70.13	99.58
69.83	-69.50	99.06
70.09	-68.80	97.34
70.36	-68.00	94.34
70.62	-67.12	90.05
70.89	-66.17	84.57
71.16	-65.18	78.05
71.43	-64.16	70.63
71.70	-63.14	62.46
71.97	-62.15	53.69
72.24	-61.21	44.47
72.51	-60.33	34.97
72.79	-59.56	25.34
73.06	-58.91	15.75
73.34	-58.41	6.36
73.61	-58.08	-2.70
73.89	-57.89	-11.38
74.17	-57.83	-19.64
74.45	-57.89	-27.44
74.73	-58.04	-34.74
75.01	-58.27	-41.49
75.29	-58.56	-47.64
75.58	-58.89	-53.14
75.86	-59.25	-57.96
76.15	-59.61	-62.03
76.44	-59.96	-65.34
76.73	-60.30	-67.99
77.02	-60.64	-70.13
77.31	-60.98	-71.89
77.60	-61.33	-73.44
77.89	-61.71	-74.92
78.18	-62.12	-76.50
78.48	-62.57	-78.34
78.78	-63.07	-80.60
79.07	-63.63	-83.46
79.37	-64.25	-87.04
79.67	-64.93	-91.26
79.97	-65.64	-95.93
80.27	-66.39	-100.88
80.58	-67.15	-105.92
80.88	-67.90	-110.88
81.19	-68.63	-115.55
81.49	-69.33	-119.76
81.80	-69.97	-123.29
82.11	-70.55	-125.94
82.42	-71.04	-127.61
82.73	-71.46	-128.35
83.04	-71.81	-128.26
83.35	-72.09	-127.43
83.67	-72.30	-125.95
83.99	-72.46	-123.93
84.30	-72.56	-121.45
84.62	-72.61	-118.61
84.94	-72.61	-115.53
85.26	-72.57	-112.27
85.58	-72.50	-108.75
85.90	-72.40	-104.80
86.23	-72.28	-100.29
86.55	-72.13	-95.07
86.88	-71.98	-88.97
87.21	-71.82	-81.84
87.54	-71.66	-73.51
87.87	-71.51	-63.82
88.20	-71.37	-52.71
88.53	-71.24	-40.63
88.87	-71.11	-28.21
89.20	-70.97	-16.12
89.54	-70.82	-4.99
89.88	-70.66	4.48
90.22	-70.46	11.60
90.56	-70.23	15.68
90.90	-69.96	15.98
91.24	-69.64	12.19
91.59	-69.29	4.90
91.93	-68.91	-5.22
92.28	-68.51	-17.45
92.63	-68.12	-31.06
92.98	-67.73	-45.31
93.33	-67.37	-59.44
93.68	-67.04	-72.67
94.03	-66.75	-84.29
94.39	-66.52	-94.22
94.74	-66.37	-102.66
95.10	-66.30	-109.83
95.46	-66.33	-115.95
95.82	-66.48	-121.23
96.18	-66.75	-125.90
96.54	-67.17	-130.21
96.91	-67.75	-134.37
97.27	-68.48	-138.38
97.64	-69.32	-142.08
98.01	-70.24	-145.31
98.38	-71.21	-147.88
98.75	-72.19	-149.63
99.12	-73.14	-150.37
99.50	-74.04	-149.91
99.87	-74.84	-148.10
100.25	-75.53	-145.12
100.63	-76.10	-141.35
101.01	-76.54	-137.17
101.39	-76.85	-132.98
101.77	-77.02	-129.20
102.16	-77.04	-126.24
102.54	-76.91	-124.52
102.93	-76.62	-124.34
103.32	-76.22	-125.40
103.71	-75.75	-127.26
104.10	-75.27	-129.45
104.49	-74.84	-131.52
104.88	-74.50	-132.99
105.28	-74.31	-133.37
105.68	-74.32	-132.17
106.08	-74.53	-129.45
106.48	-74.88	-125.72
106.88	-75.29	-121.54
107.28	-75.70	-117.47
107.69	-76.04	-114.09
108.09	-76.23	-112.01
108.50	-76.20	-111.82
108.91	-75.92	-113.85
109.32	-75.48	-117.86
109.73	-74.94	-123.55
110.15	-74.41	-130.60
110.56	-73.97	-138.69
110.98	-73.72	-147.49
111.40	-73.74	-156.68
111.82	-74.07	-165.81
112.24	-74.62	-174.29
112.67	-75.24	178.56
113.09	-75.81	173.39
113.52	-76.19	170.90
113.95	-76.24	171.79
114.38	-75.83	176.77
114.81	-74.93	-174.18
115.24	-73.72	-162.46
115.68	-72.42	-149.64
116.11	-71.25	-137.33
116.55	-70.44	-127.18
116.99	-70.21	-120.86
117.43	-70.80	-120.02
117.87	-72.14	-124.61
118.32	-73.97	-133.15
118.77	-75.98	-144.04
119.21	-77.86	-155.65
119.66	-79.32	-166.32
120.12	-80.03	-174.36
120.57	-79.77	-178.43
121.02	-78.74	-178.91
121.48	-77.26	-176.60
121.94	-75.66	-172.33
122.40	-74.26	-166.95
122.86	-73.40	-161.33
123.32	-73.40	-156.32
123.79	-74.24	-152.36
124.26	-75.62	-149.53
124.73	-77.21	-147.93
125.20	-78.69	-147.64
125.67	-79.73	-148.75
126.14	-80.00	-151.35
126.62	-79.38	-155.31
127.10	-78.12	-160.16
127.58	-76.50	-165.41
128.06	-74.79	-170.52
128.54	-73.29	-174.99
129.03	-72.28	-178.27
129.51	-71.95	179.87
130.00	-72.22	179.06
130.49	-72.97	178.83
130.98	-74.11	178.73
131.48	-75.52	178.28
131.98	-77.09	176.99
132.47	-78.69	174.72
132.97	-80.18	171.95
133.48	-81.40	169.23
133.98	-82.20	167.13
134.48	-82.42	166.25
134.99	-81.90	167.14
135.50	-80.66	169.72
136.01	-78.93	173.09
136.53	-76.93	176.31
137.04	-74.91	178.39
137.56	-73.11	178.35
138.08	-71.76	175.28
138.60	-70.88	169.39
139.12	-70.40	161.52
139.65	-70.20	152.51
140.17	-70.21	143.23
140.70	-70.31	134.58
141.23	-70.45	126.98
141.77	-70.65	119.67
142.30	-70.93	111.63
142.84	-71.33	101.84
143.38	-71.89	89.26
143.92	-72.64	73.06
144.46	-73.60	55.12
145.01	-74.76	39.17
145.55	-76.12	29.01
146.10	-77.69	28.55
146.65	-79.47	41.74
147.21	-81.38	69.06
147.76	-83.24	105.12
148.32	-84.87	143.82
148.88	-86.05	178.93
149.44	-86.58	-155.92
150.01	-86.34	-145.33
150.57	-85.45	-147.23
151.14	-84.13	-158.09
151.71	-82.57	-174.29
152.28	-80.98	167.90
152.86	-79.57	151.75
153.43	-78.44	137.88
154.01	-77.65	125.92
154.59	-77.28	115.51
155.18	-77.40	106.29
155.76	-78.06	97.81
156.35	-79.08	89.06
156.94	-80.18	78.81
157.53	-81.10	65.80
158.13	-81.54	48.73
158.72	-81.30	26.62
159.32	-80.50	0.37
159.93	-79.45	-28.40
160.53	-78.44	-58.01
161.13	-77.78	-86.77
161.74	-77.70	-113.10
162.35	-78.13	-136.04
162.97	-78.92	-154.77
163.58	-79.92	-168.46
164.20	-80.97	-176.28
164.82	-81.99	-178.44
165.44	-83.02	-177.51
166.06	-84.12	-176.40
166.69	-85.36	-178.10
167.32	-86.79	174.49
167.95	-88.27	161.73
168.58	-89.43	147.12
169.22	-89.89	134.39
169.86	-89.28	127.36
170.50	-87.34	128.93
171.14	-84.60	136.79
171.79	-81.86	146.79
172.44	-79.92	154.69
173.09	-79.62	156.21
173.74	-81.07	150.15
174.40	-83.38	139.89
175.06	-85.52	129.26
175.72	-86.48	122.14
176.38	-85.45	121.66
177.04	-83.00	126.34
177.71	-80.20	133.08
178.38	-78.12	138.74
179.06	-77.81	140.19
179.73	-79.30	137.07
180.41	-81.57	131.74
181.09	-83.56	126.74
181.77	-84.17	124.63
182.46	-82.87	126.30
183.15	-80.50	128.58
183.84	-78.10	127.72
184.53	-76.73	119.86
185.23	-77.18	102.56
185.93	-78.83	80.56
186.63	-80.61	60.78
187.33	-81.43	50.34
188.04	-80.35	55.34
188.75	-77.74	72.45
189.46	-74.67	93.55
190.18	-72.22	110.27
190.90	-71.42	114.72
191.62	-72.24	107.00
192.34	-73.95	92.77
193.07	-75.74	77.94
193.79	-76.87	68.25
194.53	-77.23	65.17
195.26	-77.19	66.76
196.00	-77.18	70.92
196.74	-77.60	75.56
197.48	-78.37	79.23
198.22	-79.06	80.93
198.97	-79.20	79.65
199.72	-78.40	74.38
200.48	-76.83	64.04
201.23	-75.12	47.53
201.99	-73.86	23.72
202.75	-73.63	-7.79
203.52	-74.45	-41.70
204.29	-76.08	-69.95
205.06	-78.30	-84.28
205.83	-80.86	-78.27
206.61	-83.56	-54.05
207.39	-86.16	-16.16
208.17	-88.44	30.73
208.96	-90.22	80.92
209.74	-91.41	126.53
210.54	-91.91	159.23
211.33	-91.66	170.89
212.13	-90.61	162.14
212.93	-88.79	142.79
213.73	-86.23	123.28
214.54	-83.01	112.52
215.35	-79.55	107.93
216.16	-76.45	102.00
216.98	-74.28	87.08
217.80	-73.43	60.43
218.62	-73.75	30.04
219.44	-75.05	5.46
220.27	-77.11	-4.58
221.10	-79.49	-3.56
221.94	-81.63	-3.39
222.77	-82.95	-16.36
223.61	-83.11	-49.68
224.46	-82.50	-96.36
225.30	-81.64	-146.91
226.15	-81.03	167.98
227.01	-81.07	133.06
227.86	-82.08	110.11
228.72	-84.38	100.88
229.59	-87.77	104.46
230.45	-90.99	114.55
231.32	-92.63	124.08
232.20	-91.57	126.93
233.07	-88.53	123.72
233.95	-84.98	117.70
234.84	-82.35	112.07
235.72	-81.07	107.32
236.61	-80.50	101.29
237.50	-80.01	91.70
238.40	-79.27	78.00
239.30	-78.78	63.41
240.20	-79.10	51.74
241.11	-80.61	45.55
242.02	-82.56	41.69
242.93	-83.91	35.32
243.85	-83.74	22.62
244.77	-82.44	9.48
245.69	-81.14	7.04
246.62	-80.91	25.79
247.55	-81.71	59.66
248.48	-82.58	88.25
249.42	-82.51	90.89
250.36	-81.55	66.56
251.31	-81.09	38.92
252.26	-82.59	33.36
253.21	-86.14	56.97
254.16	-89.52	86.46
255.12	-90.30	95.36
256.09	-87.57	72.40
257.05	-83.54	36.87
258.02	-80.84	11.99
259.00	-80.80	10.08
259.97	-81.92	19.19
260.95	-82.29	23.97
261.94	-80.94	14.93
262.93	-78.89	-4.33
263.92	-77.47	-28.41
264.92	-77.55	-52.30
265.92	-79.01	-71.93
266.92	-81.64	-83.31
267.93	-84.82	-85.98
268.94	-87.32	-85.43
269.95	-87.88	-87.70
270.97	-86.38	-95.61
271.99	-84.24	-107.82
273.02	-82.93	-122.72
274.05	-82.79	-139.63
275.08	-83.11	-158.76
276.12	-83.20	-179.97
277.16	-82.87	160.12
278.21	-82.24	146.94
279.26	-81.39	144.19
280.31	-80.18	145.45
281.37	-78.38	140.62
282.43	-76.04	123.03
283.50	-74.08	96.22
284.57	-73.57	65.73
285.64	-74.76	37.55
286.72	-76.63	18.39
287.80	-78.10	14.15
288.89	-78.84	18.21
289.98	-79.03	15.00
291.07	-78.96	-6.04
292.17	-79.46	-29.30
293.27	-81.51	-31.16
294.38	-85.07	-6.94
295.49	-88.15	12.79
296.61	-88.71	-3.62
297.73	-87.22	-44.37
298.85	-85.94	-66.16
299.98	-86.48	-39.97
301.11	-87.48	3.35
302.25	-86.92	18.84
303.39	-84.82	-7.08
304.53	-83.71	-48.92
305.68	-85.78	-81.60
306.83	-89.90	-99.85
307.99	-93.65	-106.03
309.15	-95.39	-107.76
310.32	-94.75	-121.19
311.49	-91.69	-160.00
312.67	-87.56	147.62
313.85	-84.33	105.05
315.03	-82.73	83.70
316.22	-81.41	74.65
317.41	-79.10	67.50
318.61	-76.57	56.06
319.81	-75.39	35.95
321.02	-75.88	9.34
322.23	-76.70	-12.79
323.45	-76.76	-22.94
324.67	-76.63	-32.70
325.89	-77.35	-57.73
327.12	-79.40	-89.84
328.36	-82.81	-100.37
329.60	-86.82	-75.96
330.84	-88.86	-41.61
332.09	-86.75	-24.36
333.34	-82.80	-24.69
334.60	-81.18	-31.91
335.86	-82.40	-38.85
337.13	-83.13	-42.14
338.40	-81.54	-42.69
339.68	-79.95	-51.65
340.96	-80.84	-77.56
342.25	-83.41	-103.14
343.54	-85.68	-102.90
344.83	-86.73	-78.61
346.14	-86.50	-53.95
347.44	-85.13	-42.63
348.75	-83.06	-41.34
350.07	-80.85	-47.86
351.39	-79.43	-68.17
352.72	-79.65	-104.67
354.05	-81.18	-128.24
355.38	-83.21	-102.78
356.72	-84.35	-53.97
358.07	-82.90	-46.49
359.42	-79.91	-89.43
360.78	-79.40	-131.55
362.14	-82.52	-145.61
363.51	-85.34	-149.93
364.88	-85.39	-163.43
366.25	-85.05	164.72
367.64	-86.53	118.15
369.02	-88.56	102.66
370.42	-89.38	155.04
371.81	-89.13	-149.13
373.22	-88.50	-172.53
374.63	-87.82	114.00
376.04	-87.24	62.34
377.46	-86.52	42.81
378.88	-85.29	32.85
380.31	-83.59	21.14
381.75	-81.77	4.50
383.19	-81.13	-12.10
384.63	-83.41	-18.38
386.09	-86.62	-16.76
387.54	-86.04	-19.53
389.00	-82.72	-28.25
390.47	-82.45	-35.22
391.95	-84.67	-38.05
393.43	-83.55	-39.59
394.91	-80.94	-47.33
396.40	-84.63	-70.83
397.90	-91.44	-92.86
399.40	-90.26	-78.70
400.90	-82.43	-44.18
402.42	-77.50	-36.89
403.94	-76.77	-55.00
405.46	-76.65	-68.53
406.99	-76.25	-70.67
408.53	-75.93	-67.34
410.07	-75.21	-69.74
411.61	-73.68	-86.86
413.17	-72.92	-106.47
414.73	-74.10	-115.65
416.29	-74.91	-121.61
417.86	-73.93	-131.66
419.44	-73.71	-142.71
421.02	-75.08	-152.12
422.61	-75.18	-160.61
424.21	-74.18	-168.00
425.81	-75.75	-172.89
427.41	-78.43	-176.59
429.03	-77.99	177.87
430.65	-78.10	169.68
432.27	-83.47	159.98
433.90	-87.62	153.71
435.54	-85.66	159.63
437.18	-83.24	-167.68
438.83	-82.73	-121.47
440.49	-80.32	-109.52
442.15	-76.20	-132.55
443.82	-73.45	-158.42
445.49	-73.40	-177.26
447.18	-75.76	171.46
448.86	-77.70	166.65
450.56	-77.98	165.07
452.26	-78.23	161.23
453.96	-78.76	154.89
455.68	-78.85	148.77
457.40	-78.23	140.69
459.12	-77.71	129.54
460.85	-80.06	120.13
462.59	-84.19	118.95
464.34	-85.58	131.02
466.09	-83.65	145.21
467.85	-80.06	145.46
469.62	-77.87	122.12
471.39	-79.27	99.17
473.17	-84.35	121.59
474.95	-86.94	146.09
476.74	-83.54	134.00
478.54	-82.30	139.61
480.35	-82.82	161.49
482.16	-79.29	149.01
483.98	-83.15	106.39
485.81	-94.74	39.26
487.64	-90.75	-66.13
489.48	-78.69	-155.23
491.33	-76.07	-173.70
493.18	-74.96	179.68
495.04	-71.78	156.47
496.91	-70.58	132.62
498.79	-72.52	113.67
500.67	-75.04	101.10
502.56	-73.52	91.16
504.45	-75.20	51.96
506.36	-82.81	9.97
508.27	-83.87	87.64
510.19	-78.37	169.02
512.11	-73.00	130.41
514.04	-72.17	100.29
515.98	-73.58	100.27
517.93	-73.38	89.57
519.89	-73.03	78.86
521.85	-72.84	74.17
523.82	-72.37	69.71
525.79	-72.30	52.05
527.78	-72.80	28.07
529.77	-73.61	11.69
531.77	-74.92	3.93
533.78	-81.20	2.97
535.79	-89.69	13.75
537.81	-84.65	46.99
539.84	-76.51	64.66
541.88	-74.95	48.49
543.92	-74.41	28.78
545.98	-77.21	3.71
548.04	-81.29	-3.76
550.10	-80.46	30.54
552.18	-77.32	34.54
554.26	-76.62	14.98
556.35	-78.76	11.40
558.45	-77.10	8.21
560.56	-74.76	0.70
562.68	-74.91	-16.11
564.80	-76.71	-42.51
566.93	-80.16	-45.83
569.07	-84.84	-44.39
571.22	-88.49	-38.92
573.37	-87.34	19.36
575.54	-81.81	46.58
577.71	-77.87	27.86
579.89	-78.26	8.62
582.08	-75.84	-9.00
584.27	-76.30	-25.65
586.48	-79.56	-29.15
588.69	-79.33	-12.70
590.91	-75.14	-0.73
593.14	-71.24	-20.25
595.38	-70.34	-52.50
597.63	-71.83	-75.77
599.88	-74.55	-109.06
602.15	-81.61	-114.20
604.42	-86.10	-99.64
606.70	-86.15	-85.85
608.99	-88.77	-66.74
611.29	-84.43	-58.26
613.59	-83.01	-52.23
615.91	-85.89	-43.93
618.23	-86.08	-45.11
620.57	-87.85	-53.30
622.91	-89.85	-14.24
625.26	-86.49	-4.99
627.62	-82.94	8.65
629.99	-81.34	76.14
632.36	-68.41	41.22
634.75	-62.50	-13.09
637.15	-62.50	-57.88
639.55	-63.08	-92.30
641.96	-64.99	-117.35
644.39	-68.27	-144.49
646.82	-72.39	-150.45
649.26	-75.13	-164.37
651.71	-77.81	-160.99
654.17	-79.97	-125.61
656.64	-77.77	-100.58
659.11	-71.99	-118.90
661.60	-71.30	-149.13
664.10	-73.20	-157.81
666.60	-73.60	177.10
669.12	-81.46	161.35
671.64	-85.68	-163.22
674.18	-73.72	-136.00
676.72	-72.40	-176.57
679.28	-74.86	163.76
681.84	-77.56	162.72
684.41	-78.59	172.69
687.00	-78.01	172.79
689.59	-75.38	149.84
692.19	-78.28	125.28
694.80	-85.23	135.01
697.42	-78.80	165.21
700.06	-77.60	141.07
702.70	-80.67	113.84
705.35	-90.97	127.19
708.01	-82.99	-163.85
710.68	-72.45	-177.32
713.36	-71.85	134.54
716.06	-71.76	119.36
718.76	-70.95	96.09
721.47	-72.70	56.38
724.19	-78.24	33.06
726.93	-86.50	65.68
729.67	-91.83	61.49
732.42	-93.17	121.79
735.19	-81.82	71.68
737.96	-95.68	92.10
740.75	-84.76	110.13
743.54	-86.37	47.35
746.35	-90.26	162.61
749.16	-79.25	176.99
751.99	-73.50	112.15
754.83	-75.93	86.93
757.68	-76.44	80.20
760.54	-76.03	58.38
763.41	-77.14	49.54
766.29	-74.50	33.13
769.18	-82.52	-25.21
772.08	-86.72	24.64
774.99	-78.02	61.11
777.92	-84.46	20.13
780.85	-75.47	52.52
783.80	-76.34	15.89
786.76	-77.27	0.82
789.73	-77.64	-13.49
792.71	-77.29	-21.12
795.70	-78.04	-70.32
798.70	-85.04	-115.18
801.71	-91.45	149.60
804.74	-98.86	-52.76
807.78	-98.71	-169.29
810.83	-83.50	74.74
813.88	-72.79	6.68
816.96	-73.36	-67.42
820.04	-72.70	-112.00
823.13	-72.18	-158.84
826.24	-73.77	145.93
829.36	-75.86	121.89
832.49	-79.03	90.79
835.63	-77.22	60.19
838.78	-78.97	38.11
841.95	-77.30	31.13
845.12	-81.40	-14.35
848.31	-88.45	11.05
851.51	-91.09	1.02
854.73	-93.39	-70.46
857.95	-84.99	90.60
861.19	-80.14	41.24
864.44	-78.42	16.68
867.70	-77.82	-24.41
870.98	-82.34	-54.29
874.26	-87.88	118.04
877.56	-83.96	21.53
880.87	-83.33	-0.99
884.20	-82.32	-21.38
887.53	-84.43	-42.27
890.88	-80.22	-25.74
894.25	-79.77	-71.54
897.62	-81.49	-173.46
901.01	-83.68	30.45
904.41	-82.31	38.76
907.82	-79.23	24.22
911.25	-76.11	-0.84
914.68	-75.35	-27.96
918.14	-76.49	-57.04
921.60	-79.15	-65.87
925.08	-77.24	-70.73
928.57	-76.63	-108.32
932.07	-84.83	136.38
935.59	-82.17	-19.64
939.12	-76.72	-35.42
942.67	-78.57	-57.66
946.22	-75.32	-62.79
949.79	-74.65	-75.64
953.38	-75.43	-93.44
956.97	-75.46	-109.09
960.59	-76.69	-109.82
964.21	-74.52	-114.83
967.85	-74.13	-124.08
971.50	-77.18	-143.44
975.17	-74.37	-142.24
978.85	-74.16	-166.29
982.54	-77.95	-166.77
986.25	-78.08	-127.82
989.97	-73.77	-134.79
993.71	-70.72	-160.01
997.46	-71.17	178.59
1001.22	-70.12	-178.29
1005.00	-69.34	158.99
1008.79	-70.18	135.82
1012.60	-72.34	123.63
1016.42	-70.52	122.58
1020.25	-71.45	94.71
1024.10	-76.55	94.83
1027.97	-75.45	94.88
1031.85	-76.01	96.80
1035.74	-75.60	96.00
1039.65	-74.01	90.34
1043.57	-77.06	92.92
1047.51	-75.09	84.37
1051.46	-78.08	78.65
1055.43	-74.27	78.24
1059.41	-74.04	58.57
1063.41	-74.98	42.23
1067.43	-73.14	47.35
1071.45	-71.90	20.59
1075.50	-73.28	3.87
1079.55	-77.81	-29.05
1083.63	-107.55	-38.83
1087.72	-77.92	49.81
1091.82	-78.12	33.19
1095.94	-79.23	8.21
1100.08	-76.39	0.52
1104.23	-78.35	-29.02
1108.40	-81.25	-18.35
1112.58	-83.41	37.07
1116.78	-78.30	6.62
1120.99	-80.30	21.98
1125.22	-75.53	31.47
1129.47	-72.73	9.14
1133.73	-74.88	-15.71
1138.01	-73.86	-24.55
1142.30	-73.05	-39.92
1146.61	-73.58	-52.52
1150.94	-72.44	-53.58
1155.28	-71.79	-70.33
1159.64	-73.72	-74.99
1164.02	-71.17	-85.84
1168.41	-72.22	-112.36
1172.82	-73.91	-132.96
1177.25	-75.64	-145.10
1181.69	-78.82	-148.07
1186.15	-79.11	-150.17
1190.62	-78.70	-144.50
1195.12	-82.81	-171.23
1199.63	-80.46	-159.91
1204.15	-81.03	-84.74
1208.70	-76.96	-128.86
1213.26	-80.36	-126.38
1217.84	-77.86	-123.53
1222.43	-76.83	-128.82
1227.04	-74.69	-135.41
1231.67	-72.32	-162.59
1236.32	-70.05	169.13
1240.99	-73.40	131.78
1245.67	-75.01	149.77
1250.37	-75.60	139.92
1255.09	-75.21	131.12
1259.83	-75.61	114.79
1264.58	-79.16	112.88
1269.35	-76.49	145.96
1274.14	-72.45	95.68
1278.95	-74.08	72.97
1283.78	-76.21	45.92
1288.62	-83.02	42.32
1293.48	-85.99	88.87
1298.36	-82.11	99.87
1303.26	-76.05	70.52
1308.18	-75.92	50.00
1313.12	-77.06	17.02
1318.07	-77.94	-2.80
1323.05	-85.52	-10.94
1328.04	-79.43	2.43
1333.05	-75.19	-124.22
1338.08	-71.04	97.23
1343.13	-72.16	29.78
1348.20	-75.14	-0.49
1353.29	-80.26	-6.59
1358.39	-81.32	35.49
1363.52	-76.14	-2.75
1368.67	-75.95	-24.71
1373.83	-79.85	-44.90
1379.01	-82.74	-90.23
1384.22	-86.97	-40.53
1389.44	-77.87	-16.99
1394.68	-79.58	-79.18
1399.95	-87.40	-84.62
1405.23	-86.76	176.70
1410.53	-84.96	4.57
1415.86	-101.66	20.39
1421.20	-81.90	-4.98
1426.56	-82.91	-21.58
1431.94	-83.90	-70.62
1437.35	-84.68	-69.87
1442.77	-79.46	-96.72
1448.22	-87.11	-102.68
1453.68	-88.29	-11.49
1459.17	-82.90	-57.89
1464.67	-78.33	-88.62
1470.20	-81.58	-142.28
1475.75	-84.41	-162.84
1481.32	-84.34	-99.76
1486.91	-84.84	-157.51
1492.52	-93.55	103.35
1498.15	-84.58	-110.39
1503.80	-79.29	-135.67
1509.48	-77.76	-164.42
1515.17	-77.86	159.79
1520.89	-82.25	126.98
1526.63	-87.60	85.92
1532.39	-90.68	-61.64
1538.17	-86.90	-82.77
1543.98	-78.63	-138.84
1549.81	-77.24	178.32
1555.65	-77.25	155.60
1561.52	-76.02	151.78
1567.42	-77.93	113.75
1573.33	-81.89	128.93
1579.27	-79.47	117.72
1585.23	-76.15	112.17
1591.21	-75.02	95.20
1597.21	-75.75	70.77
1603.24	-79.51	56.76
1609.29	-81.66	51.68
1615.36	-86.44	47.18
1621.46	-86.78	89.49
1627.58	-78.71	87.44
1633.72	-77.26	69.24
1639.89	-74.03	45.89
1646.07	-74.57	19.77
1652.29	-76.70	7.40
1658.52	-80.19	15.39
1664.78	-76.94	17.98
1671.06	-74.50	0.33
1677.37	-74.65	-19.65
1683.70	-75.21	-31.50
1690.05	-73.99	-44.27
1696.43	-79.37	-46.21
1702.83	-75.19	-43.32
1709.26	-74.91	-67.76
1715.70	-75.41	-68.70
1722.18	-72.92	-78.34
1728.68	-73.51	-107.81
1735.20	-74.31	-124.24
1741.75	-74.65	-123.68
1748.32	-73.97	-131.32
1754.92	-73.30	-159.41
1761.54	-73.46	-167.99
1768.19	-74.49	165.14
1774.86	-76.35	169.34
1781.56	-75.53	-175.60
1788.28	-77.96	144.16
1795.03	-76.58	171.95
1801.80	-73.60	154.15
1808.60	-72.86	143.53
1815.43	-73.17	122.35
1822.28	-73.70	94.42
1829.15	-73.36	81.14
1836.06	-73.76	64.70
1842.99	-77.91	35.50
1849.94	-79.21	48.44
1856.92	-77.24	30.12
1863.93	-82.53	24.50
1870.96	-81.15	15.81
1878.02	-82.00	26.87
1885.11	-81.32	37.38
1892.22	-77.49	37.59
1899.36	-78.90	-2.28
1906.53	-77.10	-3.18
1913.72	-81.96	-20.02
1920.95	-77.47	-11.41
1928.19	-75.06	-37.69
1935.47	-75.68	-104.89
1942.77	-81.02	-104.20
1950.11	-79.90	-161.06
1957.46	-93.76	46.83
1964.85	-87.20	-54.77
1972.27	-87.74	171.75
1979.71	-83.45	-18.81
1987.18	-80.25	-63.61
1994.68	-79.33	-127.38
2002.20	-88.30	-105.79
2009.76	-86.43	-113.83
2017.34	-84.57	-61.05
2024.96	-80.73	-136.85
2032.60	-84.72	-126.40
2040.27	-82.72	-124.90
2047.97	-82.64	-163.38
2055.70	-81.74	-160.49
2063.45	-81.14	-164.55
2071.24	-82.48	156.29
2079.06	-81.46	-143.21
2086.90	-76.32	173.52
2094.78	-78.17	127.45
2102.68	-78.84	140.22
2110.62	-77.74	133.03
2118.58	-77.66	96.34
2126.57	-79.54	98.61
2134.60	-78.16	100.39
2142.65	-77.68	87.10
2150.74	-75.66	89.95
2158.86	-76.70	78.87
2167.00	-72.61	62.66
2175.18	-72.44	32.07
2183.39	-75.62	8.08
2191.63	-74.46	6.74
2199.90	-75.39	-12.00
2208.20	-74.52	1.40
2216.53	-72.54	-35.24
2224.90	-73.16	-55.47
2233.29	-73.53	-79.68
2241.72	-75.92	-112.68
2250.18	-79.47	-102.67
2258.67	-76.21	-99.71
2267.19	-76.48	-126.45
2275.75	-77.52	-133.86
2284.34	-77.18	-138.60
2292.96	-77.77	-145.67
2301.61	-76.99	-155.34
2310.29	-74.26	-172.51
2319.01	-74.53	171.72
2327.76	-74.61	148.96
2336.55	-74.50	131.96
2345.36	-75.24	112.07
2354.21	-75.37	101.26
2363.10	-75.01	78.39
2372.02	-78.34	62.63
2380.97	-78.32	51.20
2389.95	-79.39	32.92
2398.97	-80.84	23.36
2408.02	-83.07	27.01
2417.11	-80.71	16.98
2426.23	-77.19	17.54
2435.39	-74.83	-35.55
2444.58	-79.70	-112.58
2453.80	-87.06	-117.55
2463.06	-88.05	31.16
2472.35	-84.61	-48.50
2481.68	-91.34	95.06
2491.05	-89.39	11.46
2500.45	-84.69	-25.54
2509.88	-85.05	-94.99
2519.36	-91.47	-40.92
2528.86	-86.09	5.01
2538.41	-86.22	-60.30
2547.98	-85.96	-64.38
2557.60	-82.52	-102.95
2567.25	-84.71	-57.60
2576.94	-78.32	-92.20
2586.66	-78.83	-133.10
2596.42	-77.78	-155.29
2606.22	-77.45	173.35
2616.06	-80.79	144.95
2625.93	-82.28	128.08
2635.84	-85.72	150.77
2645.78	-80.88	116.94
2655.77	-79.21	138.67
2665.79	-78.54	107.90
2675.85	-79.27	81.47
2685.95	-80.52	77.80
2696.08	-80.41	76.65
2706.26	-75.67	62.50
2716.47	-76.11	24.30
2726.72	-75.91	1.71
2737.01	-77.15	-33.16
2747.34	-81.78	-39.68
2757.70	-81.78	-54.97
2768.11	-81.48	-39.75
2778.56	-84.56	-72.29
2789.04	-82.07	-103.35
2799.57	-89.56	-125.89
2810.13	-86.28	-75.66
2820.73	-82.01	-111.87
2831.38	-80.45	-143.69
2842.06	-81.46	-145.47
2852.79	-80.74	-149.42
2863.55	-78.38	-178.55
2874.36	-78.40	138.66
2885.21	-81.89	130.70
2896.09	-81.16	145.27
2907.02	-79.42	111.68
2917.99	-78.58	97.51
2929.00	-78.84	68.20
2940.06	-82.73	40.09
2951.15	-82.74	36.31
2962.29	-82.49	29.76
2973.47	-86.85	31.29
2984.69	-87.22	10.49
2995.95	-86.29	-0.29
3007.25	-85.25	104.25
3018.60	-80.36	-3.49
3029.99	-83.55	-26.16
3041.43	-84.71	-58.18
3052.90	-82.91	-48.09
3064.42	-85.87	-108.79
3075.99	-86.21	-94.34
3087.60	-84.08	-148.82
3099.25	-91.27	-93.07
3110.94	-90.45	-127.13
3122.68	-87.56	-155.95
3134.47	-83.33	-142.22
3146.29	-83.80	152.09
3158.17	-82.78	-112.34
3170.08	-83.33	129.53
3182.05	-84.18	149.74
3194.05	-81.20	117.11
3206.11	-81.69	107.35
3218.21	-83.62	94.46
3230.35	-80.16	95.97
3242.54	-78.78	49.51
3254.77	-81.30	33.08
3267.06	-84.44	23.44
3279.39	-82.61	14.22
3291.76	-77.51	-3.07
3304.18	-85.02	-13.57
3316.65	-81.12	-27.17
3329.17	-78.31	-73.95
3341.73	-81.45	-81.99
3354.34	-86.22	-106.25
3367.00	-81.66	-92.78
3379.70	-81.44	-142.24
3392.46	-82.47	-168.04
3405.26	-81.77	-174.07
3418.11	-80.84	153.80
3431.01	-80.62	150.68
3443.95	-81.27	131.21
3456.95	-80.47	109.42
3469.99	-81.80	73.82
3483.09	-80.00	102.18
3496.23	-80.09	34.16
3509.43	-82.17	18.67
3522.67	-81.38	34.75
3535.96	-80.13	1.35
3549.31	-82.90	-48.18
3562.70	-88.18	-15.37
3576.14	-85.03	-75.81
3589.64	-88.10	-90.83
3603.18	-89.07	115.49
3616.78	-85.19	-52.47
3630.43	-83.77	-74.73
3644.13	-84.78	-126.09
3657.88	-83.74	-143.74
3671.68	-82.61	169.07
3685.54	-86.21	154.20
3699.45	-83.89	105.74
3713.41	-84.68	100.32
3727.42	-84.89	3.53
3741.49	-87.95	105.73
3755.60	-85.44	82.39
3769.78	-81.94	76.36
3784.00	-85.98	56.86
3798.28	-83.37	50.68
3812.61	-85.02	62.41
3827.00	-80.45	13.25
3841.44	-81.50	-12.63
3855.94	-82.45	-10.02
3870.49	-82.17	-66.17
3885.09	-83.66	-80.78
3899.75	-83.66	-135.65
3914.47	-84.14	-138.95
3929.24	-84.98	177.90
3944.07	-84.12	152.36
3958.95	-86.67	158.89
3973.89	-84.81	157.12
3988.89	-85.59	91.91
4003.94	-92.21	-13.33
4019.05	-83.73	127.33
4034.22	-83.71	86.59
4049.44	-88.15	72.69
4064.72	-84.05	27.08
4080.06	-87.04	-16.11
4095.46	-86.93	81.82
4110.91	-83.92	-14.10
4126.42	-90.08	-157.94
4141.99	-85.72	39.06
4157.62	-85.42	163.34
4173.31	-85.10	-60.21
4189.06	-84.92	-88.20
4204.87	-86.58	-76.31
4220.74	-84.53	-133.53
4236.66	-85.39	-173.41
4252.65	-80.36	176.04
4268.70	-81.33	123.01
4284.81	-81.78	82.27
4300.98	-83.68	122.16
4317.21	-81.16	98.44
4333.50	-81.34	44.02
4349.85	-81.99	39.72
4366.26	-81.90	10.14
4382.74	-84.61	-31.37
4399.28	-86.76	-33.08
4415.88	-88.63	152.73
4432.54	-83.96	-73.86
4449.27	-83.62	-133.60
4466.06	-81.27	158.71
4482.91	-83.25	-165.92
4499.83	-82.46	105.25
4516.81	-89.80	-106.15
4533.85	-84.32	56.05
4550.96	-89.05	-81.25
4568.14	-84.73	61.13
4585.37	-90.43	-143.78
4602.68	-86.85	97.60
4620.05	-84.77	153.85
4637.48	-81.06	55.82
4654.98	-84.45	-3.38
4672.55	-84.70	22.23
4690.18	-84.00	14.32
4707.88	-83.96	-151.13
4725.64	-86.98	-113.98
4743.48	-83.05	-87.27
4761.38	-84.26	-166.83
4779.34	-79.79	128.68
4797.38	-85.03	-61.51
4815.48	-83.76	-38.87
4833.65	-82.62	104.78
4851.89	-81.31	29.17
4870.20	-81.56	-17.91
4888.58	-86.16	12.58
4907.03	-82.23	-92.37
4925.54	-85.96	102.90
4944.13	-84.25	121.43
4962.79	-85.34	-46.90
4981.52	-85.21	-100.89
5000.31	-84.56	74.34
5019.18	-82.57	12.24
5038.12	-86.68	-106.04
5057.14	-83.21	170.27
5076.22	-83.56	-159.11
5095.37	-82.80	-3.53
5114.60	-88.70	-57.32
5133.90	-80.08	163.34
5153.27	-81.11	83.50
5172.72	-82.26	71.30
5192.24	-80.39	28.04
5211.83	-84.59	-20.29
5231.50	-87.54	7.39
5251.24	-81.12	-60.32
5271.06	-83.90	-140.07
5290.95	-84.24	96.26
5310.91	-82.19	101.14
5330.96	-84.30	-83.72
5351.07	-85.92	0.80
5371.27	-84.34	125.45
5391.53	-86.17	37.80
5411.88	-85.63	31.28
5432.30	-83.96	25.18
5452.80	-85.66	160.05
5473.38	-84.08	5.14
5494.03	-83.57	-68.73
5514.76	-86.83	84.83
5535.57	-86.65	123.01
5556.46	-86.77	-107.46
5577.43	-84.37	-89.90
5598.48	-81.40	66.75
5619.60	-85.91	-24.61
5640.81	-86.87	160.94
5662.10	-85.80	136.55
5683.46	-86.48	14.46
5704.91	-80.56	29.63
5726.44	-84.35	159.09
5748.05	-88.44	-174.26
5769.74	-86.95	75.90
5791.51	-87.91	141.79
5813.36	-85.19	-168.51
5835.30	-83.44	-11.99
5857.32	-83.56	11.93
5879.42	-86.71	151.17
5901.61	-86.34	27.52
5923.88	-84.73	-71.16
5946.23	-85.11	93.76
5968.67	-85.91	10.41
5991.20	-87.29	41.54
6013.80	-83.46	155.87
6036.50	-86.01	155.29
6059.28	-83.04	-49.16
6082.14	-85.17	128.75
6105.09	-81.88	159.14
6128.13	-82.42	97.03
6151.26	-82.15	43.13
6174.47	-84.32	61.93
6197.77	-82.94	-16.71
6221.16	-83.06	92.63
6244.63	-83.23	-81.92
6268.20	-79.07	-126.18
6291.85	-76.95	155.69
6315.59	-76.84	89.25
6339.42	-77.81	15.28
6363.35	-82.17	-128.98
6387.36	-84.50	54.86
6411.46	-90.20	40.17
6435.66	-82.30	108.94
6459.94	-79.54	5.17
6484.32	-81.52	68.62
6508.79	-82.66	-0.82
6533.35	-85.71	-77.15
6558.00	-85.50	-142.07
6582.75	-80.38	-134.87
6607.59	-82.66	126.72
6632.53	-81.27	149.58
6657.55	-75.59	115.14
6682.68	-76.25	58.86
6707.90	-78.77	18.40
6733.21	-76.12	-9.48
6758.62	-77.26	-74.35
6784.12	-79.49	-113.99
6809.72	-81.13	-133.41
6835.42	-77.07	178.01
6861.21	-77.59	148.64
6887.10	-75.36	95.53
6913.09	-77.21	48.86
6939.18	-79.96	19.51
6965.36	-79.52	-0.12
6991.65	-81.86	-118.56
7018.03	-85.61	-4.14
7044.51	-81.08	-105.99
7071.10	-79.10	-74.46
7097.78	-75.11	-120.44
7124.56	-72.23	171.63
7151.45	-73.10	130.82
7178.44	-71.92	92.87
7205.52	-67.61	54.97
7232.71	-70.83	-13.09
7260.01	-71.76	-29.07
7287.40	-69.77	-89.71
7314.90	-70.52	-135.29
7342.51	-71.78	-177.74
7370.21	-69.42	141.29
7398.03	-68.64	93.38
7425.94	-71.49	44.72
7453.97	-70.86	-0.68
7482.09	-73.85	-22.78
7510.33	-73.22	-79.06
7538.67	-74.46	-111.04
7567.12	-76.41	-168.48
7595.67	-76.63	167.66
7624.33	-74.43	113.46
7653.10	-76.62	96.94
7681.98	-74.88	68.12
7710.97	-72.23	12.39
7740.07	-74.20	-20.79
7769.28	-74.34	-112.91
7798.60	-82.35	-133.09
7828.02	-77.92	-176.09
7857.56	-75.34	123.32
7887.21	-79.68	-108.32
7916.98	-79.21	-155.95
7946.85	-77.62	91.06
7976.84	-75.33	18.58
8006.94	-82.77	-44.52
8037.16	-82.04	131.00
8067.49	-80.23	-169.68
8097.93	-78.18	-101.78
8128.49	-78.73	162.35
8159.16	-80.83	97.28
8189.95	-77.65	52.12
8220.86	-82.40	4.51
8251.88	-85.56	13.33
8283.02	-78.76	99.61
8314.27	-80.85	49.14
8345.65	-79.89	23.12
8377.14	-80.76	-44.80
8408.75	-80.62	-143.06
8440.48	-82.14	-177.44
8472.33	-79.83	133.99
8504.30	-77.01	106.93
8536.40	-75.10	60.90
8568.61	-74.66	-18.82
8600.94	-78.21	-105.07
8633.40	-86.98	-103.44
8665.98	-82.19	-132.85
8698.68	-78.88	159.04
8731.51	-84.83	95.87
8764.46	-81.80	91.20
8797.53	-79.50	43.75
8830.73	-81.19	-135.49
8864.05	-77.20	31.00
8897.50	-78.68	-15.50
8931.07	-78.25	-65.77
8964.78	-75.06	-131.43
8998.61	-75.65	137.09
9032.56	-74.25	112.98
9066.65	-73.78	48.23
9100.86	-77.28	5.79
9135.20	-77.76	-49.28
9169.68	-82.21	-96.25
9204.28	-81.19	-138.33
9239.01	-81.38	141.48
9273.88	-79.49	149.46
9308.87	-76.84	84.01
9344.00	-79.90	25.67
9379.26	-80.76	29.49
9414.65	-82.05	0.83
9450.18	-76.81	-50.19
9485.84	-75.74	-148.07
9521.64	-77.88	149.96
9557.57	-76.44	99.10
9593.64	-76.80	59.86
9629.84	-76.80	12.27
9666.18	-81.44	174.04
9702.65	-84.56	-70.41
9739.27	-79.24	-128.66
9776.02	-83.43	-11.23
9812.91	-79.34	127.52
9849.94	-78.93	79.00
9887.11	-78.47	56.75
9924.42	-77.27	-15.98
9961.87	-81.96	-89.06
9999.46	-85.49	-115.71
10037.19	-82.64	-143.60
10075.07	-81.56	104.05
10113.09	-83.53	88.65
10151.25	-81.44	77.20
10189.55	-79.18	33.47
10228.01	-79.71	-35.03
10266.60	-82.65	-95.58
10305.34	-83.53	-62.70
10344.23	-79.31	156.28
10383.27	-78.55	66.40
10422.45	-81.22	62.19
10461.78	-77.94	27.46
10501.26	-80.11	-51.82
10540.88	-86.02	159.60
10580.66	-83.78	-146.68
10620.59	-82.02	142.38
10660.66	-80.68	107.32
10700.89	-78.26	61.16
10741.27	-79.36	25.54
10781.81	-76.61	-31.87
10822.49	-77.08	-127.11
10863.33	-78.01	163.46
10904.33	-78.89	99.69
10945.47	-77.82	61.75
10986.78	-78.78	18.01
11028.24	-81.28	-24.70
11069.85	-82.68	-78.40
11111.63	-84.06	-156.20
11153.56	-81.17	118.23
11195.64	-79.77	107.92
11237.89	-77.65	52.46
11280.30	-82.34	4.90
11322.87	-77.66	-28.64
11365.59	-77.88	-125.18
11408.48	-77.12	159.81
11451.53	-76.05	86.71
11494.75	-79.39	36.69
11538.12	-79.48	-16.36
11581.66	-83.98	-176.75
11625.37	-82.93	-115.15
11669.24	-83.03	104.48
11713.27	-80.76	113.73
11757.47	-80.68	70.59
11801.84	-79.03	26.18
11846.37	-82.78	-49.50
11891.08	-82.82	80.25
11935.95	-82.71	143.54
11980.99	-79.91	92.96
12026.20	-79.28	47.93
12071.58	-82.57	0.33
12117.14	-86.20	-21.65
12162.86	-85.43	-91.67
12208.76	-88.33	-160.52
12254.83	-83.22	-112.48
12301.07	-82.61	76.70
12347.49	-80.27	28.91
12394.08	-82.00	-97.66
12440.85	-86.98	-110.66
12487.80	-85.84	-38.95
12534.92	-83.88	83.23
12582.23	-83.78	68.75
12629.71	-81.81	25.95
12677.37	-84.90	-29.87
12725.20	-86.90	176.66
12773.22	-82.87	117.38
12821.42	-83.51	84.68
12869.81	-82.44	51.92
12918.37	-84.60	21.49
12967.12	-85.60	112.07
13016.05	-86.83	157.19
13065.17	-84.25	101.59
13114.47	-82.69	70.78
13163.96	-81.82	32.84
13213.64	-86.58	-16.52
13263.50	-85.60	-149.91
13313.55	-82.79	111.47
13363.79	-84.29	61.94
13414.22	-84.24	69.52
13464.84	-81.61	12.43
13515.65	-89.16	-173.19
13566.65	-82.91	151.09
13617.84	-82.86	50.26
13669.23	-84.33	76.88
13720.81	-84.47	16.64
13772.59	-89.81	-143.06
13824.56	-87.36	-118.80
13876.73	-83.75	96.96
13929.09	-83.78	60.29
13981.66	-84.93	36.48
14034.42	-85.31	16.54
14087.38	-87.99	60.48
14140.54	-85.01	77.11
14193.90	-85.71	78.55
14247.46	-83.16	64.78
14301.22	-83.42	-16.41
14355.19	-86.48	-80.47
14409.36	-83.38	130.19
14463.73	-81.71	84.75
14518.31	-85.00	-11.42
14573.10	-88.50	32.58
14628.09	-87.78	70.17
14683.29	-86.93	-136.84
14738.70	-84.40	113.77
14794.32	-80.14	58.01
14850.15	-80.71	-27.96
14906.18	-82.71	-170.16
14962.43	-82.73	91.66
15018.90	-82.75	54.98
15075.57	-86.68	25.38
15132.46	-87.41	-4.51
15189.56	-85.99	-112.23
15246.88	-82.50	119.17
15304.42	-80.71	70.69
15362.17	-81.52	5.61
15420.14	-86.21	-105.05
15478.33	-82.95	125.94
15536.74	-81.54	68.70
15595.37	-83.04	36.15
15654.22	-85.97	10.42
15713.29	-91.18	-163.55
15772.58	-83.56	103.04
15832.10	-81.48	55.00
15891.85	-83.54	3.05
15951.81	-88.10	-44.85
16012.01	-85.49	131.23
16072.43	-81.41	69.43
16133.08	-82.29	31.01
16193.96	-88.55	-38.36
16255.07	-89.94	26.91
16316.41	-84.70	89.34
16377.98	-83.87	60.67
16439.79	-83.49	32.53
16501.82	-86.55	-62.61
16564.09	-83.94	124.36
16626.60	-81.75	53.18
16689.34	-84.86	15.05
16752.32	-89.01	-58.48
16815.54	-84.59	82.79
16878.99	-86.33	-89.14
16942.69	-84.10	58.25
17006.62	-84.98	26.91
17070.79	-90.15	52.59
17135.21	-83.85	94.34
17199.87	-82.38	52.45
17264.78	-85.74	7.63
17329.93	-91.24	63.06
17395.32	-86.02	88.95
17460.97	-83.24	67.55
17526.86	-83.96	24.73
17593.00	-88.05	-99.89
17659.38	-83.73	103.35
17726.02	-81.66	58.50
17792.91	-87.25	23.48
17860.06	-86.31	41.67
17927.45	-85.34	77.68
17995.10	-83.84	71.53
18063.01	-84.82	44.61
18131.17	-88.77	48.54
18199.59	-84.94	-154.25
18268.27	-83.71	52.10
18337.21	-86.54	22.29
18406.40	-87.27	82.14
18475.86	-84.72	69.14
18545.58	-85.72	64.00
18615.56	-83.88	42.40
18685.81	-88.22	29.81
18756.32	-85.95	83.84
18827.10	-83.84	62.74
18898.15	-87.43	49.77
18969.46	-89.68	-136.04
19041.04	-85.50	34.80
19112.90	-83.10	56.21
19185.02	-87.29	26.51
19257.42	-88.48	103.13
19330.09	-83.95	69.78
19403.03	-84.07	41.35
19476.25	-89.41	-176.89
19549.74	-86.54	85.96
19623.51	-84.89	65.30
19697.56	-85.10	39.22
19771.89	-87.94	-120.55
19846.51	-72.96	151.50
19921.40	-58.24	84.23
19996.57	-84.75	-100.84
20072.03	-87.01	176.38
20147.78	-83.36	76.71
20223.80	-84.37	28.84
20300.12	-87.41	153.68
20376.72	-84.57	99.48
20453.62	-81.25	45.64
20530.80	-86.01	6.47
20608.28	-85.96	53.62
20686.04	-83.98	59.50
20764.10	-84.64	39.30
20842.46	-88.33	107.11
20921.11	-83.93	77.29
21000.06	-83.88	38.50
21079.30	-88.59	38.45
21158.85	-84.41	91.87
21238.69	-82.86	59.99
21318.84	-86.60	31.53
21399.29	-87.42	73.01
21480.04	-84.64	69.83
21561.09	-85.74	47.16
21642.46	-88.14	43.46
21724.12	-86.15	63.88
21806.10	-84.84	45.80
21888.39	-87.55	44.15
21970.99	-85.84	-49.43
22053.89	-84.74	60.35
22137.12	-86.47	44.75
22220.65	-85.74	57.99
22304.50	-85.81	68.30
