Freq[Hz]	[dBV]	Phase[Deg]
10.00	-68.16	82.06
10.04	-68.17	80.32
10.08	-68.17	78.60
10.11	-68.18	76.89
10.15	-68.18	75.19
10.19	-68.18	73.50
10.23	-68.19	71.84
10.27	-68.19	70.19
10.31	-68.19	68.55
10.34	-68.18	66.94
10.38	-68.18	65.34
10.42	-68.18	63.76
10.46	-68.17	62.21
10.50	-68.17	60.67
10.54	-68.16	59.16
10.58	-68.16	57.68
10.62	-68.15	56.22
10.66	-68.14	54.78
10.70	-68.14	53.37
10.74	-68.13	52.00
10.78	-68.12	50.65
10.82	-68.11	49.33
10.86	-68.10	48.04
10.90	-68.09	46.78
10.95	-68.08	45.56
10.99	-68.07	44.38
11.03	-68.07	43.23
11.07	-68.06	42.12
11.11	-68.05	41.04
11.15	-68.04	40.01
11.20	-68.03	39.02
11.24	-68.02	38.07
11.28	-68.02	37.17
11.32	-68.01	36.31
11.37	-68.01	35.50
11.41	-68.00	34.74
11.45	-68.00	34.03
11.50	-68.00	33.37
11.54	-67.99	32.76
11.58	-67.99	32.21
11.63	-68.00	31.71
11.67	-68.00	31.27
11.71	-68.00	30.90
11.76	-68.01	30.58
11.80	-68.01	30.32
11.85	-68.02	30.12
11.89	-68.04	29.98
11.94	-68.05	29.90
11.98	-68.06	29.88
12.03	-68.08	29.92
12.07	-68.10	30.01
12.12	-68.12	30.16
12.16	-68.14	30.37
12.21	-68.16	30.63
12.26	-68.19	30.94
12.30	-68.22	31.31
12.35	-68.25	31.72
12.39	-68.28	32.19
12.44	-68.31	32.71
12.49	-68.35	33.28
12.54	-68.39	33.90
12.58	-68.43	34.56
12.63	-68.47	35.28
12.68	-68.51	36.03
12.73	-68.56	36.83
12.77	-68.61	37.68
12.82	-68.66	38.56
12.87	-68.72	39.49
12.92	-68.77	40.46
12.97	-68.83	41.46
13.02	-68.89	42.50
13.07	-68.96	43.58
13.12	-69.02	44.69
13.16	-69.09	45.84
13.21	-69.16	47.01
13.26	-69.24	48.22
13.31	-69.31	49.45
13.36	-69.39	50.71
13.41	-69.48	52.00
13.47	-69.56	53.31
13.52	-69.65	54.64
13.57	-69.74	55.99
13.62	-69.83	57.37
13.67	-69.93	58.75
13.72	-70.03	60.16
13.77	-70.13	61.57
13.83	-70.24	63.00
13.88	-70.35	64.44
13.93	-70.46	65.88
13.98	-70.58	67.33
14.04	-70.69	68.78
14.09	-70.82	70.23
14.14	-70.94	71.68
14.19	-71.07	73.13
14.25	-71.20	74.57
14.30	-71.34	76.01
14.36	-71.48	77.43
14.41	-71.62	78.84
14.46	-71.77	80.23
14.52	-71.92	81.61
14.57	-72.07	82.96
14.63	-72.23	84.30
14.68	-72.39	85.60
14.74	-72.55	86.88
14.80	-72.72	88.13
14.85	-72.89	89.36
14.91	-73.07	90.56
14.96	-73.25	91.74
15.02	-73.43	92.89
15.08	-73.61	94.02
15.13	-73.79	95.13
15.19	-73.98	96.21
15.25	-74.17	97.28
15.31	-74.36	98.32
15.36	-74.55	99.35
15.42	-74.75	100.36
15.48	-74.94	101.35
15.54	-75.13	102.32
15.60	-75.33	103.28
15.66	-75.52	104.22
15.71	-75.72	105.15
15.77	-75.91	106.06
15.83	-76.10	106.97
15.89	-76.29	107.86
15.95	-76.48	108.74
16.01	-76.67	109.62
16.07	-76.86	110.48
16.13	-77.04	111.34
16.19	-77.22	112.20
16.26	-77.40	113.05
16.32	-77.57	113.89
16.38	-77.74	114.74
16.44	-77.91	115.58
16.50	-78.07	116.42
16.56	-78.22	117.27
16.63	-78.37	118.12
16.69	-78.52	118.97
16.75	-78.66	119.83
16.82	-78.79	120.69
16.88	-78.91	121.57
16.94	-79.03	122.46
17.01	-79.14	123.35
17.07	-79.24	124.26
17.14	-79.33	125.19
17.20	-79.42	126.13
17.27	-79.49	127.09
17.33	-79.55	128.07
17.40	-79.60	129.07
17.46	-79.64	130.10
17.53	-79.67	131.15
17.59	-79.69	132.23
17.66	-79.69	133.33
17.73	-79.68	134.47
17.79	-79.66	135.63
17.86	-79.63	136.82
17.93	-79.59	138.05
18.00	-79.54	139.30
18.06	-79.48	140.58
18.13	-79.41	141.88
18.20	-79.33	143.22
18.27	-79.25	144.59
18.34	-79.16	145.99
18.41	-79.06	147.41
18.48	-78.96	148.87
18.55	-78.85	150.35
18.62	-78.74	151.87
18.69	-78.62	153.41
18.76	-78.50	154.99
18.83	-78.39	156.59
18.90	-78.27	158.22
18.97	-78.15	159.89
19.04	-78.03	161.58
19.11	-77.91	163.31
19.19	-77.79	165.06
19.26	-77.68	166.84
19.33	-77.57	168.66
19.40	-77.47	170.50
19.48	-77.37	172.38
19.55	-77.28	174.28
19.62	-77.20	176.22
19.70	-77.13	178.18
19.77	-77.07	-179.82
19.85	-77.02	-177.79
19.92	-76.98	-175.74
20.00	-76.95	-173.65
20.07	-76.94	-171.53
20.15	-76.94	-169.39
20.22	-76.97	-167.21
20.30	-77.00	-165.00
20.38	-77.06	-162.76
20.45	-77.14	-160.50
20.53	-77.24	-158.20
20.61	-77.36	-155.87
20.69	-77.50	-153.52
20.77	-77.67	-151.14
20.84	-77.85	-148.73
20.92	-78.05	-146.31
21.00	-78.27	-143.88
21.08	-78.50	-141.42
21.16	-78.75	-138.96
21.24	-79.01	-136.49
21.32	-79.28	-134.01
21.40	-79.57	-131.52
21.48	-79.86	-129.04
21.56	-80.17	-126.56
21.64	-80.48	-124.09
21.73	-80.79	-121.62
21.81	-81.11	-119.17
21.89	-81.44	-116.73
21.97	-81.76	-114.31
22.06	-82.09	-111.92
22.14	-82.41	-109.55
22.22	-82.73	-107.21
22.31	-83.05	-104.90
22.39	-83.35	-102.64
22.47	-83.66	-100.41
22.56	-83.95	-98.22
22.64	-84.23	-96.09
22.73	-84.49	-94.01
22.82	-84.75	-91.99
22.90	-84.98	-90.02
22.99	-85.20	-88.13
23.07	-85.39	-86.30
23.16	-85.57	-84.55
23.25	-85.71	-82.88
23.34	-85.84	-81.29
23.43	-85.93	-79.79
23.51	-85.99	-78.38
23.60	-86.02	-77.07
23.69	-86.02	-75.85
23.78	-86.00	-74.71
23.87	-85.95	-73.65
23.96	-85.87	-72.68
24.05	-85.77	-71.78
24.14	-85.65	-70.95
24.23	-85.50	-70.19
24.32	-85.34	-69.50
24.42	-85.16	-68.87
24.51	-84.96	-68.30
24.60	-84.75	-67.79
24.69	-84.53	-67.32
24.79	-84.29	-66.90
24.88	-84.04	-66.53
24.97	-83.79	-66.19
25.07	-83.53	-65.89
25.16	-83.27	-65.61
25.26	-83.01	-65.36
25.35	-82.74	-65.13
25.45	-82.48	-64.92
25.54	-82.22	-64.72
25.64	-81.96	-64.52
25.74	-81.72	-64.32
25.84	-81.48	-64.12
25.93	-81.26	-63.91
26.03	-81.05	-63.68
26.13	-80.86	-63.43
26.23	-80.69	-63.15
26.33	-80.54	-62.85
26.43	-80.41	-62.50
26.53	-80.31	-62.11
26.63	-80.23	-61.70
26.73	-80.17	-61.27
26.83	-80.14	-60.82
26.93	-80.12	-60.38
27.03	-80.13	-59.94
27.13	-80.15	-59.51
27.23	-80.19	-59.11
27.34	-80.24	-58.74
27.44	-80.31	-58.41
27.54	-80.39	-58.14
27.65	-80.48	-57.93
27.75	-80.58	-57.80
27.86	-80.69	-57.75
27.96	-80.80	-57.80
28.07	-80.92	-57.95
28.17	-81.04	-58.22
28.28	-81.17	-58.62
28.39	-81.29	-59.16
28.49	-81.42	-59.86
28.60	-81.54	-60.71
28.71	-81.65	-61.75
28.82	-81.76	-62.98
28.93	-81.86	-64.41
29.03	-81.94	-66.06
29.14	-82.02	-67.94
29.25	-82.08	-70.07
29.36	-82.13	-72.45
29.48	-82.15	-75.09
29.59	-82.16	-77.96
29.70	-82.16	-81.06
29.81	-82.14	-84.36
29.92	-82.10	-87.85
30.04	-82.05	-91.51
30.15	-81.99	-95.32
30.26	-81.91	-99.26
30.38	-81.82	-103.32
30.49	-81.72	-107.47
30.61	-81.61	-111.69
30.72	-81.48	-115.96
30.84	-81.35	-120.27
30.95	-81.21	-124.59
31.07	-81.05	-128.89
31.19	-80.89	-133.17
31.31	-80.73	-137.38
31.42	-80.55	-141.51
31.54	-80.37	-145.54
31.66	-80.19	-149.44
31.78	-80.00	-153.18
31.90	-79.81	-156.75
32.02	-79.61	-160.10
32.14	-79.42	-163.23
32.26	-79.22	-166.09
32.39	-79.02	-168.68
32.51	-78.83	-171.00
32.63	-78.63	-173.07
32.75	-78.44	-174.89
32.88	-78.25	-176.48
33.00	-78.06	-177.84
33.13	-77.87	-179.00
33.25	-77.68	-179.96
33.38	-77.50	179.26
33.50	-77.33	178.65
33.63	-77.16	178.21
33.76	-76.99	177.90
33.88	-76.83	177.73
34.01	-76.68	177.67
34.14	-76.53	177.72
34.27	-76.39	177.85
34.40	-76.26	178.05
34.53	-76.14	178.31
34.66	-76.02	178.61
34.79	-75.92	178.93
34.92	-75.83	179.26
35.05	-75.75	179.58
35.18	-75.68	179.86
35.32	-75.62	-179.89
35.45	-75.57	-179.68
35.58	-75.54	-179.52
35.72	-75.52	-179.40
35.85	-75.51	-179.32
35.99	-75.51	-179.28
36.12	-75.52	-179.28
36.26	-75.54	-179.33
36.40	-75.57	-179.41
36.53	-75.61	-179.53
36.67	-75.66	-179.69
36.81	-75.73	-179.89
36.95	-75.80	179.88
37.09	-75.87	179.60
37.23	-75.96	179.29
37.37	-76.06	178.94
37.51	-76.16	178.56
37.65	-76.27	178.14
37.79	-76.39	177.69
37.94	-76.51	177.20
38.08	-76.64	176.68
38.22	-76.77	176.12
38.37	-76.91	175.54
38.51	-77.06	174.91
38.66	-77.20	174.26
38.80	-77.35	173.57
38.95	-77.49	172.84
39.10	-77.63	172.08
39.24	-77.77	171.28
39.39	-77.91	170.45
39.54	-78.04	169.58
39.69	-78.16	168.67
39.84	-78.27	167.73
39.99	-78.38	166.75
40.14	-78.47	165.73
40.29	-78.54	164.67
40.45	-78.60	163.57
40.60	-78.65	162.43
40.75	-78.67	161.26
40.90	-78.67	160.04
41.06	-78.66	158.78
41.21	-78.61	157.48
41.37	-78.55	156.15
41.53	-78.47	154.80
41.68	-78.36	153.43
41.84	-78.24	152.05
42.00	-78.10	150.68
42.16	-77.95	149.31
42.32	-77.78	147.97
42.47	-77.60	146.65
42.63	-77.40	145.37
42.80	-77.20	144.13
42.96	-76.99	142.95
43.12	-76.77	141.84
43.28	-76.54	140.81
43.45	-76.32	139.86
43.61	-76.09	139.00
43.77	-75.86	138.26
43.94	-75.63	137.63
44.10	-75.40	137.14
44.27	-75.18	136.77
44.44	-74.97	136.52
44.61	-74.76	136.39
44.77	-74.56	136.38
44.94	-74.36	136.47
45.11	-74.18	136.68
45.28	-74.01	136.98
45.45	-73.85	137.38
45.63	-73.70	137.88
45.80	-73.57	138.46
45.97	-73.45	139.12
46.14	-73.35	139.86
46.32	-73.27	140.67
46.49	-73.21	141.55
46.67	-73.17	142.49
46.84	-73.15	143.48
47.02	-73.16	144.53
47.20	-73.19	145.60
47.38	-73.23	146.70
47.56	-73.30	147.78
47.74	-73.38	148.85
47.92	-73.47	149.87
48.10	-73.57	150.83
48.28	-73.67	151.71
48.46	-73.78	152.48
48.64	-73.89	153.13
48.83	-73.99	153.63
49.01	-74.09	153.95
49.20	-74.18	154.09
49.38	-74.26	154.01
49.57	-74.32	153.68
49.75	-74.36	153.09
49.94	-74.38	152.22
50.13	-74.38	151.07
50.32	-74.35	149.68
50.51	-74.30	148.08
50.70	-74.23	146.30
50.89	-74.14	144.37
51.08	-74.03	142.34
51.28	-73.91	140.23
51.47	-73.76	138.08
51.66	-73.60	135.93
51.86	-73.42	133.81
52.05	-73.23	131.78
52.25	-73.02	129.85
52.45	-72.79	128.08
52.65	-72.56	126.51
52.85	-72.31	125.17
53.04	-72.06	124.08
53.24	-71.79	123.21
53.45	-71.52	122.57
53.65	-71.25	122.12
53.85	-70.97	121.84
54.05	-70.69	121.73
54.26	-70.41	121.76
54.46	-70.13	121.90
54.67	-69.86	122.15
54.87	-69.60	122.48
55.08	-69.35	122.88
55.29	-69.11	123.31
55.50	-68.88	123.75
55.71	-68.67	124.19
55.92	-68.48	124.61
56.13	-68.30	125.00
56.34	-68.14	125.34
56.55	-67.99	125.63
56.77	-67.85	125.86
56.98	-67.73	126.02
57.19	-67.61	126.10
57.41	-67.50	126.08
57.63	-67.40	125.97
57.84	-67.30	125.75
58.06	-67.20	125.41
58.28	-67.10	124.94
58.50	-67.00	124.32
58.72	-66.89	123.55
58.94	-66.78	122.63
59.17	-66.67	121.58
59.39	-66.55	120.41
59.61	-66.42	119.13
59.84	-66.29	117.77
60.06	-66.15	116.34
60.29	-66.00	114.85
60.52	-65.84	113.33
60.75	-65.68	111.80
60.98	-65.51	110.26
61.21	-65.33	108.74
61.44	-65.14	107.26
61.67	-64.94	105.84
61.90	-64.73	104.48
62.14	-64.51	103.18
62.37	-64.29	101.92
62.61	-64.06	100.72
62.84	-63.83	99.56
63.08	-63.59	98.43
63.32	-63.35	97.34
63.56	-63.12	96.27
63.80	-62.89	95.22
64.04	-62.66	94.18
64.28	-62.43	93.14
64.52	-62.22	92.11
64.76	-62.01	91.07
65.01	-61.80	90.01
65.25	-61.61	88.93
65.50	-61.43	87.81
65.75	-61.25	86.64
66.00	-61.08	85.41
66.24	-60.92	84.11
66.49	-60.77	82.73
66.75	-60.62	81.26
67.00	-60.48	79.69
67.25	-60.35	78.00
67.50	-60.23	76.18
67.76	-60.11	74.23
68.01	-60.00	72.17
68.27	-59.89	70.02
68.53	-59.79	67.78
68.79	-59.68	65.47
69.05	-59.58	63.12
69.31	-59.48	60.73
69.57	-59.37	58.32
69.83	-59.26	55.91
70.09	-59.15	53.52
70.36	-59.02	51.17
70.62	-58.89	48.86
70.89	-58.76	46.60
71.16	-58.62	44.38
71.43	-58.49	42.20
71.70	-58.36	40.04
71.97	-58.24	37.92
72.24	-58.13	35.81
72.51	-58.04	33.73
72.79	-57.96	31.65
73.06	-57.91	29.57
73.34	-57.88	27.50
73.61	-57.89	25.42
73.89	-57.91	23.33
74.17	-57.96	21.23
74.45	-58.02	19.12
74.73	-58.10	16.99
75.01	-58.19	14.84
75.29	-58.28	12.68
75.58	-58.38	10.48
75.86	-58.47	8.26
76.15	-58.56	6.00
76.44	-58.64	3.72
76.73	-58.71	1.42
77.02	-58.77	-0.88
77.31	-58.83	-3.16
77.60	-58.88	-5.39
77.89	-58.94	-7.56
78.18	-58.99	-9.63
78.48	-59.05	-11.60
78.78	-59.12	-13.44
79.07	-59.20	-15.12
79.37	-59.29	-16.63
79.67	-59.39	-17.98
79.97	-59.50	-19.21
80.27	-59.63	-20.34
80.58	-59.76	-21.39
80.88	-59.90	-22.41
81.19	-60.06	-23.42
81.49	-60.22	-24.46
81.80	-60.39	-25.55
82.11	-60.57	-26.74
82.42	-60.76	-28.03
82.73	-60.94	-29.41
83.04	-61.13	-30.88
83.35	-61.32	-32.39
83.67	-61.50	-33.95
83.99	-61.67	-35.53
84.30	-61.83	-37.11
84.62	-61.98	-38.66
84.94	-62.10	-40.18
85.26	-62.20	-41.64
85.58	-62.28	-43.02
85.90	-62.34	-44.33
86.23	-62.39	-45.56
86.55	-62.44	-46.69
86.88	-62.48	-47.72
87.21	-62.53	-48.65
87.54	-62.59	-49.46
87.87	-62.66	-50.14
88.20	-62.74	-50.70
88.53	-62.85	-51.15
88.87	-62.97	-51.55
89.20	-63.10	-51.91
89.54	-63.25	-52.29
89.88	-63.40	-52.72
90.22	-63.56	-53.24
90.56	-63.73	-53.89
90.90	-63.89	-54.72
91.24	-64.05	-55.73
91.59	-64.21	-56.90
91.93	-64.36	-58.18
92.28	-64.50	-59.52
92.63	-64.63	-60.88
92.98	-64.73	-62.22
93.33	-64.82	-63.47
93.68	-64.88	-64.61
94.03	-64.91	-65.57
94.39	-64.93	-66.35
94.74	-64.92	-66.98
95.10	-64.91	-67.47
95.46	-64.90	-67.84
95.82	-64.90	-68.09
96.18	-64.92	-68.26
96.54	-64.97	-68.35
96.91	-65.05	-68.38
97.27	-65.16	-68.40
97.64	-65.31	-68.43
98.01	-65.48	-68.52
98.38	-65.65	-68.71
98.75	-65.84	-69.05
99.12	-66.02	-69.59
99.50	-66.18	-70.36
99.87	-66.33	-71.40
100.25	-66.46	-72.69
100.63	-66.56	-74.14
101.01	-66.64	-75.67
101.39	-66.69	-77.19
101.77	-66.71	-78.63
102.16	-66.71	-79.87
102.54	-66.67	-80.85
102.93	-66.61	-81.49
103.32	-66.54	-81.83
103.71	-66.46	-81.92
104.10	-66.40	-81.84
104.49	-66.37	-81.64
104.88	-66.39	-81.39
105.28	-66.47	-81.16
105.68	-66.63	-81.02
106.08	-66.86	-81.01
106.48	-67.14	-81.15
106.88	-67.44	-81.46
107.28	-67.73	-81.98
107.69	-67.98	-82.71
108.09	-68.18	-83.68
108.50	-68.28	-84.93
108.91	-68.27	-86.41
109.32	-68.18	-88.03
109.73	-68.03	-89.66
110.15	-67.86	-91.17
110.56	-67.68	-92.44
110.98	-67.53	-93.32
111.40	-67.44	-93.69
111.82	-67.42	-93.50
112.24	-67.47	-92.91
112.67	-67.57	-92.11
113.09	-67.72	-91.32
113.52	-67.90	-90.73
113.95	-68.10	-90.57
114.38	-68.30	-91.06
114.81	-68.49	-92.25
115.24	-68.67	-93.97
115.68	-68.82	-95.98
116.11	-68.93	-98.05
116.55	-68.98	-99.94
116.99	-68.98	-101.40
117.43	-68.90	-102.20
117.87	-68.76	-102.32
118.32	-68.59	-101.93
118.77	-68.43	-101.20
119.21	-68.31	-100.33
119.66	-68.28	-99.49
120.12	-68.36	-98.89
120.57	-68.58	-98.69
121.02	-68.90	-98.89
121.48	-69.28	-99.50
121.94	-69.66	-100.48
122.40	-69.99	-101.83
122.86	-70.21	-103.52
123.32	-70.26	-105.52
123.79	-70.15	-107.72
124.26	-69.93	-109.92
124.73	-69.65	-111.92
125.20	-69.35	-113.51
125.67	-69.09	-114.47
126.14	-68.91	-114.60
126.62	-68.85	-113.90
127.10	-68.88	-112.66
127.58	-68.99	-111.26
128.06	-69.15	-110.04
128.54	-69.34	-109.36
129.03	-69.54	-109.60
129.51	-69.73	-110.91
130.00	-69.89	-112.98
130.49	-70.02	-115.46
130.98	-70.10	-117.97
131.48	-70.12	-120.14
131.98	-70.07	-121.59
132.47	-69.95	-122.13
132.97	-69.80	-121.96
133.48	-69.66	-121.32
133.98	-69.56	-120.47
134.48	-69.55	-119.65
134.99	-69.67	-119.12
135.50	-69.91	-119.01
136.01	-70.22	-119.33
136.53	-70.54	-120.05
137.04	-70.82	-121.18
137.56	-70.98	-122.70
138.08	-70.97	-124.57
138.60	-70.82	-126.63
139.12	-70.58	-128.62
139.65	-70.32	-130.29
140.17	-70.10	-131.36
140.70	-70.00	-131.56
141.23	-70.05	-130.80
141.77	-70.21	-129.46
142.30	-70.45	-128.02
142.84	-70.72	-126.94
143.38	-70.97	-126.72
143.92	-71.15	-127.82
144.46	-71.26	-130.07
145.01	-71.29	-132.94
145.55	-71.25	-135.85
146.10	-71.15	-138.22
146.65	-70.99	-139.47
147.21	-70.80	-139.38
147.76	-70.62	-138.38
148.32	-70.52	-136.96
148.88	-70.54	-135.64
149.44	-70.74	-134.93
150.01	-71.15	-135.20
150.57	-71.68	-136.31
151.14	-72.22	-137.96
151.71	-72.64	-139.89
152.28	-72.83	-141.79
152.86	-72.69	-143.40
153.43	-72.31	-144.62
154.01	-71.83	-145.41
154.59	-71.38	-145.72
155.18	-71.11	-145.51
155.76	-71.16	-144.77
156.35	-71.46	-143.78
156.94	-71.91	-142.93
157.53	-72.38	-142.61
158.13	-72.74	-143.25
158.72	-72.90	-145.13
159.32	-72.87	-147.82
159.93	-72.72	-150.60
160.53	-72.52	-152.74
161.13	-72.34	-153.49
161.74	-72.24	-152.37
162.35	-72.22	-150.04
162.97	-72.27	-147.46
163.58	-72.38	-145.61
164.20	-72.53	-145.49
164.82	-72.70	-147.53
165.44	-72.85	-150.90
166.06	-72.94	-154.59
166.69	-72.91	-157.58
167.32	-72.74	-158.83
167.95	-72.46	-158.26
168.58	-72.16	-156.64
169.22	-71.96	-154.83
169.86	-71.99	-153.67
170.50	-72.31	-153.89
171.14	-72.82	-155.27
171.79	-73.35	-157.26
172.44	-73.70	-159.34
173.09	-73.71	-160.94
173.74	-73.34	-161.75
174.40	-72.78	-161.81
175.06	-72.25	-161.16
175.72	-71.99	-159.88
176.38	-72.16	-158.09
177.04	-72.65	-156.22
177.71	-73.23	-154.82
178.38	-73.67	-154.43
179.06	-73.75	-155.59
179.73	-73.44	-158.08
180.41	-72.94	-160.92
181.09	-72.43	-163.07
181.77	-72.11	-163.49
182.46	-72.09	-161.79
183.15	-72.29	-159.13
183.84	-72.57	-156.92
184.53	-72.81	-156.60
185.23	-72.91	-159.22
185.93	-72.87	-163.79
186.63	-72.73	-168.71
187.33	-72.52	-172.34
188.04	-72.28	-173.22
188.75	-72.06	-171.79
189.46	-71.92	-169.44
190.18	-71.92	-167.62
190.90	-72.11	-167.67
191.62	-72.43	-169.58
192.34	-72.73	-172.35
193.07	-72.87	-174.97
193.79	-72.70	-176.43
194.53	-72.28	-176.65
195.26	-71.79	-176.22
196.00	-71.43	-175.79
196.74	-71.40	-175.95
197.48	-71.67	-176.84
198.22	-72.05	-178.18
198.97	-72.33	-179.68
199.72	-72.32	178.94
200.48	-72.05	177.83
201.23	-71.73	177.03
201.99	-71.53	176.58
202.75	-71.64	176.49
203.52	-71.96	176.44
204.29	-72.29	175.96
205.06	-72.43	174.56
205.83	-72.23	171.99
206.61	-71.83	168.88
207.39	-71.42	166.19
208.17	-71.25	164.85
208.96	-71.40	165.24
209.74	-71.73	166.35
210.54	-72.04	167.01
211.33	-72.13	166.06
212.13	-71.98	163.49
212.93	-71.75	160.55
213.73	-71.60	158.53
214.54	-71.68	158.52
215.35	-71.93	159.78
216.16	-72.21	160.81
216.98	-72.38	160.07
217.80	-72.36	156.97
218.62	-72.24	152.97
219.44	-72.10	149.82
220.27	-72.03	149.13
221.10	-72.05	150.46
221.94	-72.13	151.88
222.77	-72.21	151.44
223.61	-72.28	148.21
224.46	-72.30	144.12
225.30	-72.28	141.60
226.15	-72.20	142.88
227.01	-72.09	147.13
227.86	-72.02	151.47
228.72	-72.06	152.93
229.59	-72.20	150.27
230.45	-72.38	145.74
231.32	-72.49	142.10
232.20	-72.47	141.58
233.07	-72.38	143.19
233.95	-72.34	144.61
234.84	-72.47	143.60
235.72	-72.74	140.16
236.61	-72.94	136.46
237.50	-72.87	134.81
238.40	-72.48	136.18
239.30	-72.01	138.58
240.20	-71.75	139.65
241.11	-71.91	137.64
242.02	-72.29	133.97
242.93	-72.55	131.00
243.85	-72.42	130.78
244.77	-72.00	132.60
245.69	-71.63	134.24
246.62	-71.62	133.56
247.55	-71.93	130.65
248.48	-72.20	127.58
249.42	-72.07	126.45
250.36	-71.53	127.54
251.31	-71.00	128.87
252.26	-70.94	128.28
253.21	-71.45	125.12
254.16	-72.05	121.23
255.12	-72.19	118.72
256.09	-71.67	118.59
257.05	-70.98	119.70
258.02	-70.67	120.62
259.00	-70.99	120.45
259.97	-71.52	119.42
260.95	-71.70	117.94
261.94	-71.31	116.31
262.93	-70.73	114.66
263.92	-70.46	113.07
264.92	-70.71	111.63
265.92	-71.10	110.33
266.92	-71.22	109.17
267.93	-70.92	108.08
268.94	-70.55	106.87
269.95	-70.51	105.34
270.97	-70.84	103.47
271.99	-71.16	101.51
273.02	-71.07	99.70
274.05	-70.60	98.18
275.08	-70.17	97.01
276.12	-70.17	96.20
277.16	-70.51	95.54
278.21	-70.76	94.65
279.26	-70.60	93.23
280.31	-70.25	91.41
281.37	-70.10	89.49
282.43	-70.37	87.71
283.50	-70.71	86.08
284.57	-70.68	84.61
285.64	-70.19	83.25
286.72	-69.75	81.86
287.80	-69.83	80.32
288.89	-70.35	78.85
289.98	-70.77	77.86
291.07	-70.70	77.54
292.17	-70.41	76.93
293.27	-70.39	74.68
294.38	-70.82	70.71
295.49	-71.25	67.27
296.61	-71.20	66.65
297.73	-70.83	68.20
298.85	-70.68	69.08
299.98	-71.14	67.31
301.11	-71.78	64.51
302.25	-71.99	63.13
303.39	-71.66	63.62
304.53	-71.37	63.94
305.68	-71.57	62.40
306.83	-71.99	60.33
307.99	-72.04	60.24
309.15	-71.56	62.53
310.32	-71.07	64.15
311.49	-71.06	62.27
312.67	-71.33	58.47
313.85	-71.37	56.32
315.03	-71.00	56.97
316.22	-70.57	57.51
317.41	-70.46	55.24
318.61	-70.60	51.94
319.81	-70.73	51.13
321.02	-70.77	53.13
322.23	-70.79	53.96
323.45	-70.85	50.62
324.67	-70.85	46.07
325.89	-70.67	44.74
327.12	-70.39	46.21
328.36	-70.29	45.92
329.60	-70.49	41.83
330.84	-70.75	38.22
332.09	-70.81	39.29
333.34	-70.74	41.82
334.60	-70.71	39.69
335.86	-70.75	33.08
337.13	-70.79	28.88
338.40	-70.75	30.62
339.68	-70.56	32.54
340.96	-70.20	28.93
342.25	-69.95	23.37
343.54	-70.13	22.54
344.83	-70.61	25.65
346.14	-70.83	25.99
347.44	-70.63	21.36
348.75	-70.47	17.16
350.07	-70.61	17.27
351.39	-70.67	18.70
352.72	-70.27	17.77
354.05	-69.89	15.06
355.38	-70.26	12.60
356.72	-70.99	10.85
358.07	-71.02	9.25
359.42	-70.34	7.71
360.78	-70.07	6.68
362.14	-70.57	6.32
363.51	-70.76	6.21
364.88	-70.09	5.75
366.25	-69.62	3.93
367.64	-70.20	0.45
369.02	-70.87	-2.31
370.42	-70.55	-2.23
371.81	-69.86	-2.08
373.22	-69.84	-5.36
374.63	-70.25	-9.20
376.04	-70.40	-8.74
377.46	-70.24	-6.73
378.88	-70.08	-9.43
380.31	-70.13	-15.08
381.75	-70.44	-17.13
383.19	-70.76	-16.40
384.63	-70.63	-18.99
386.09	-70.25	-24.71
387.54	-70.34	-28.38
389.00	-70.83	-29.22
390.47	-70.93	-30.27
391.95	-70.71	-32.30
393.43	-70.98	-34.00
394.91	-71.54	-34.89
396.40	-71.45	-35.28
397.90	-70.97	-35.66
399.40	-71.19	-36.62
400.90	-71.87	-37.61
402.42	-71.90	-37.56
403.94	-71.46	-38.48
405.46	-71.44	-43.35
406.99	-71.72	-47.57
408.53	-71.80	-44.61
410.07	-71.70	-41.00
411.61	-71.66	-45.28
413.17	-71.83	-50.02
414.73	-72.19	-47.27
416.29	-72.13	-44.10
417.86	-71.46	-46.54
419.44	-71.40	-50.01
421.02	-72.20	-51.42
422.61	-72.20	-52.82
424.21	-71.36	-54.98
425.81	-71.45	-56.73
427.41	-72.12	-56.69
429.03	-71.72	-53.97
430.65	-71.01	-51.98
432.27	-71.32	-54.29
433.90	-71.64	-56.76
435.54	-71.10	-56.66
437.18	-70.57	-59.17
438.83	-70.53	-64.71
440.49	-70.62	-66.50
442.15	-70.51	-66.02
443.82	-70.06	-69.74
445.49	-69.92	-74.92
447.18	-70.52	-77.05
448.86	-70.59	-76.88
450.56	-69.94	-76.80
452.26	-70.20	-79.75
453.96	-70.91	-83.91
455.68	-70.54	-85.42
457.40	-70.22	-87.52
459.12	-70.87	-91.83
460.85	-71.10	-91.72
462.59	-70.64	-89.50
464.34	-70.48	-94.75
466.09	-70.67	-99.69
467.85	-70.88	-96.64
469.62	-70.89	-96.98
471.39	-70.80	-102.72
473.17	-70.92	-104.42
474.95	-70.93	-103.53
476.74	-70.65	-104.21
478.54	-70.72	-106.01
480.35	-70.90	-108.52
482.16	-70.39	-111.77
483.98	-70.04	-115.05
485.81	-70.40	-117.12
487.64	-70.69	-116.87
489.48	-70.53	-117.67
491.33	-70.11	-122.08
493.18	-70.33	-123.26
495.04	-70.76	-122.00
496.91	-70.20	-125.33
498.79	-69.74	-129.60
500.67	-69.90	-130.97
502.56	-69.71	-130.23
504.45	-69.06	-132.94
506.36	-68.42	-139.65
508.27	-68.34	-141.29
510.19	-67.64	-151.46
512.11	-66.97	-174.07
514.04	-71.68	-170.48
515.98	-75.70	-150.85
517.93	-72.45	-144.67
519.89	-70.62	-148.88
521.85	-71.03	-153.30
523.82	-70.34	-152.44
525.79	-70.16	-154.64
527.78	-70.42	-159.84
529.77	-70.25	-163.61
531.77	-70.05	-165.90
533.78	-70.06	-169.41
535.79	-70.16	-173.50
537.81	-70.07	-171.98
539.84	-69.73	-174.45
541.88	-69.45	177.61
543.92	-69.68	178.30
545.98	-69.73	177.85
548.04	-69.50	172.93
550.10	-69.51	170.96
552.18	-69.48	170.15
554.26	-69.54	167.43
556.35	-69.85	163.07
558.45	-69.94	161.41
560.56	-69.90	158.63
562.68	-70.06	154.58
564.80	-70.45	153.66
566.93	-70.21	150.97
569.07	-70.00	144.94
571.22	-70.43	140.20
573.37	-70.51	142.69
575.54	-69.86	144.06
577.71	-69.86	139.05
579.89	-70.97	132.64
582.08	-70.46	134.51
584.27	-70.28	132.47
586.48	-71.05	128.82
588.69	-71.36	131.97
590.91	-70.95	129.38
593.14	-71.24	123.90
595.38	-71.33	125.27
597.63	-70.38	130.54
599.88	-70.53	123.14
602.15	-70.65	123.14
604.42	-70.41	122.61
606.70	-70.49	114.10
608.99	-70.95	113.70
611.29	-70.66	113.94
613.59	-70.84	108.49
615.91	-71.64	105.41
618.23	-71.99	107.18
620.57	-72.37	99.59
622.91	-74.43	103.35
625.26	-76.16	109.69
627.62	-76.91	133.95
629.99	-74.71	-179.04
632.36	-64.93	-177.28
634.75	-59.45	138.73
637.15	-60.32	98.28
639.55	-62.66	84.30
641.96	-63.71	79.77
644.39	-64.44	70.73
646.82	-65.37	69.32
649.26	-65.54	65.97
651.71	-66.05	60.49
654.17	-66.51	58.53
656.64	-66.30	57.45
659.11	-66.96	52.98
661.60	-66.98	51.75
664.10	-66.92	49.20
666.60	-67.33	44.69
669.12	-67.27	43.49
671.64	-66.91	41.85
674.18	-67.35	36.13
676.72	-67.55	36.23
679.28	-67.24	34.85
681.84	-67.54	31.16
684.41	-67.65	33.57
687.00	-67.15	28.88
689.59	-67.40	23.33
692.19	-67.65	24.96
694.80	-66.78	20.10
697.42	-67.06	14.94
700.06	-67.03	12.38
702.70	-66.76	7.75
705.35	-67.11	2.62
708.01	-67.12	1.12
710.68	-66.81	-3.00
713.36	-67.03	-5.58
716.06	-67.14	-7.78
718.76	-67.24	-13.61
721.47	-67.69	-15.57
724.19	-67.31	-17.57
726.93	-67.20	-24.80
729.67	-67.50	-26.25
732.42	-67.35	-29.09
735.19	-67.80	-37.85
737.96	-67.81	-35.80
740.75	-67.75	-39.00
743.54	-68.09	-43.54
746.35	-68.44	-47.89
749.16	-68.55	-48.94
751.99	-68.88	-52.13
754.83	-69.84	-53.08
757.68	-69.24	-56.79
760.54	-69.74	-61.19
763.41	-69.97	-62.36
766.29	-69.68	-61.63
769.18	-70.32	-61.91
772.08	-70.14	-65.40
774.99	-70.30	-69.15
777.92	-70.43	-69.94
780.85	-69.88	-70.51
783.80	-69.78	-74.66
786.76	-69.18	-78.23
789.73	-70.40	-79.30
792.71	-69.67	-81.61
795.70	-70.18	-86.12
798.70	-70.35	-84.46
801.71	-70.32	-87.72
804.74	-70.90	-88.36
807.78	-71.53	-78.37
810.83	-68.57	-64.33
813.88	-65.63	-78.82
816.96	-65.06	-96.02
820.04	-65.54	-106.78
823.13	-66.01	-110.28
826.24	-66.52	-116.49
829.36	-66.57	-116.76
832.49	-66.29	-123.57
835.63	-66.49	-126.55
838.78	-66.79	-132.29
841.95	-66.69	-135.64
845.12	-66.50	-140.67
848.31	-66.64	-144.63
851.51	-66.78	-151.61
854.73	-67.15	-159.23
857.95	-66.75	-157.54
861.19	-66.70	-165.55
864.44	-67.10	-167.38
867.70	-66.36	-170.11
870.98	-66.83	-171.74
874.26	-67.11	-178.19
877.56	-66.96	176.00
880.87	-67.22	176.55
884.20	-66.97	170.67
887.53	-67.02	164.99
890.88	-67.36	167.06
894.25	-67.23	162.36
897.62	-67.79	157.12
901.01	-67.05	150.79
904.41	-67.83	148.32
907.82	-67.10	149.43
911.25	-67.09	140.58
914.68	-67.42	140.02
918.14	-66.92	135.08
921.60	-67.47	131.28
925.08	-67.15	128.43
928.57	-66.46	120.49
932.07	-67.04	119.08
935.59	-66.49	113.78
939.12	-66.61	107.88
942.67	-65.98	103.58
946.22	-66.42	98.08
949.79	-66.42	98.86
953.38	-66.31	88.86
956.97	-66.41	84.69
960.59	-66.49	78.60
964.21	-67.12	72.43
967.85	-66.54	69.60
971.50	-67.06	59.91
975.17	-66.77	54.89
978.85	-67.07	49.13
982.54	-68.01	37.66
986.25	-68.46	26.68
989.97	-71.94	11.90
993.71	-78.85	-54.49
997.46	-72.29	153.97
1001.22	-66.28	119.95
1005.00	-64.47	92.60
1008.79	-64.18	67.63
1012.60	-64.36	45.70
1016.42	-65.27	41.94
1020.25	-65.04	34.29
1024.10	-65.68	24.75
1027.97	-65.32	23.21
1031.85	-65.97	14.96
1035.74	-66.00	8.00
1039.65	-66.28	2.99
1043.57	-66.42	1.02
1047.51	-66.21	-3.24
1051.46	-66.91	-9.69
1055.43	-67.45	-13.44
1059.41	-67.53	-21.04
1063.41	-67.10	-20.80
1067.43	-67.62	-27.04
1071.45	-68.11	-28.97
1075.50	-68.29	-33.65
1079.55	-68.29	-37.83
1083.63	-68.54	-37.32
1087.72	-68.46	-44.21
1091.82	-68.97	-45.92
1095.94	-68.67	-52.90
1100.08	-68.30	-53.59
1104.23	-68.76	-60.02
1108.40	-69.00	-59.46
1112.58	-68.91	-63.96
1116.78	-69.64	-67.70
1120.99	-69.08	-70.34
1125.22	-69.45	-72.18
1129.47	-69.54	-78.32
1133.73	-69.08	-77.84
1138.01	-68.70	-79.94
1142.30	-68.94	-84.20
1146.61	-68.62	-87.09
1150.94	-68.10	-88.41
1155.28	-67.35	-88.46
1159.64	-67.30	-94.67
1164.02	-66.80	-101.46
1168.41	-66.20	-106.79
1172.82	-65.12	-116.05
1177.25	-65.16	-128.24
1181.69	-66.23	-135.08
1186.15	-69.00	-132.85
1190.62	-67.13	-114.16
1195.12	-65.17	-123.32
1199.63	-64.72	-133.00
1204.15	-63.33	-141.86
1208.70	-63.00	-150.56
1213.26	-62.74	-159.52
1217.84	-62.60	-167.36
1222.43	-62.45	-176.96
1227.04	-62.54	173.32
1231.67	-62.23	164.57
1236.32	-62.58	158.61
1240.99	-62.50	151.75
1245.67	-62.86	145.80
1250.37	-62.34	137.24
1255.09	-62.75	130.53
1259.83	-62.78	124.72
1264.58	-63.04	117.29
1269.35	-63.28	110.04
1274.14	-63.22	104.61
1278.95	-63.28	96.80
1283.78	-63.46	91.74
1288.62	-63.81	84.54
1293.48	-64.36	82.80
1298.36	-63.84	75.39
1303.26	-64.51	71.07
1308.18	-64.33	61.86
1313.12	-64.69	60.55
1318.07	-64.95	52.18
1323.05	-64.05	46.20
1328.04	-63.78	36.81
1333.05	-63.71	25.97
1338.08	-65.77	1.87
1343.13	-70.04	16.09
1348.20	-69.00	23.59
1353.29	-68.09	27.76
1358.39	-67.15	19.88
1363.52	-67.27	15.80
1368.67	-66.48	11.65
1373.83	-66.49	8.55
1379.01	-66.27	-0.26
1384.22	-65.47	-7.40
1389.44	-65.58	-11.58
1394.68	-65.49	-17.57
1399.95	-65.39	-27.20
1405.23	-65.40	-32.67
1410.53	-65.54	-45.33
1415.86	-65.96	-47.90
1421.20	-65.70	-56.68
1426.56	-66.26	-61.02
1431.94	-66.52	-71.48
1437.35	-66.36	-74.51
1442.77	-67.41	-83.49
1448.22	-66.94	-89.35
1453.68	-67.26	-96.25
1459.17	-67.69	-100.45
1464.67	-68.21	-107.51
1470.20	-68.38	-112.26
1475.75	-69.00	-116.50
1481.32	-69.35	-122.47
1486.91	-70.01	-126.20
1492.52	-69.89	-123.21
1498.15	-69.71	-124.47
1503.80	-67.28	-119.31
1509.48	-65.94	-140.90
1515.17	-66.67	-152.42
1520.89	-67.00	-163.26
1526.63	-67.60	-167.14
1532.39	-67.34	-177.58
1538.17	-67.49	-179.32
1543.98	-68.03	172.57
1549.81	-68.35	167.63
1555.65	-69.02	160.78
1561.52	-68.57	155.60
1567.42	-69.69	150.33
1573.33	-69.68	150.73
1579.27	-68.50	152.92
1585.23	-67.65	143.54
1591.21	-67.60	132.20
1597.21	-67.36	123.24
1603.24	-68.06	115.75
1609.29	-67.73	110.49
1615.36	-68.89	102.17
1621.46	-69.25	104.90
1627.58	-68.45	104.42
1633.72	-66.55	96.21
1639.89	-66.80	86.04
1646.07	-67.30	75.46
1652.29	-67.00	70.02
1658.52	-66.94	59.18
1664.78	-66.90	50.95
1671.06	-67.26	45.28
1677.37	-67.84	35.96
1683.70	-68.80	27.55
1690.05	-69.55	43.79
1696.43	-64.83	36.03
1702.83	-65.28	14.84
1709.26	-65.93	8.79
1715.70	-66.18	-5.19
1722.18	-66.36	-13.74
1728.68	-66.66	-22.76
1735.20	-67.39	-30.96
1741.75	-67.83	-33.91
1748.32	-68.51	-44.32
1754.92	-69.08	-49.78
1761.54	-69.24	-49.05
1768.19	-68.90	-53.45
1774.86	-69.43	-60.39
1781.56	-69.29	-63.25
1788.28	-68.48	-70.34
1795.03	-68.58	-78.61
1801.80	-68.31	-87.57
1808.60	-68.48	-92.05
1815.43	-68.17	-101.67
1822.28	-68.36	-112.06
1829.15	-67.90	-117.92
1836.06	-67.80	-126.89
1842.99	-67.88	-136.49
1849.94	-67.51	-147.29
1856.92	-67.76	-158.07
1863.93	-68.14	-162.94
1870.96	-69.01	-170.94
1878.02	-69.45	176.78
1885.11	-68.96	178.36
1892.22	-69.04	166.32
1899.36	-69.16	161.18
1906.53	-69.33	151.26
1913.72	-69.05	146.41
1920.95	-69.26	146.89
1928.19	-67.15	135.16
1935.47	-66.81	120.65
1942.77	-67.30	103.76
1950.11	-69.10	90.14
1957.46	-70.44	93.70
1964.85	-69.84	80.28
1972.27	-70.76	82.30
1979.71	-70.36	76.55
1987.18	-70.65	68.58
1994.68	-70.97	62.12
2002.20	-71.08	58.74
2009.76	-70.63	53.79
2017.34	-70.11	52.67
2024.96	-70.13	42.66
2032.60	-69.75	33.44
2040.27	-68.92	29.06
2047.97	-70.29	18.50
2055.70	-69.56	8.40
2063.45	-70.34	3.75
2071.24	-70.53	1.57
2079.06	-68.53	-6.02
2086.90	-67.69	-29.48
2094.78	-69.89	-49.86
2102.68	-71.52	-48.04
2110.62	-71.68	-57.71
2118.58	-72.83	-64.11
2126.57	-73.71	-67.95
2134.60	-73.10	-58.90
2142.65	-71.95	-64.47
2150.74	-71.21	-75.60
2158.86	-71.28	-83.78
2167.00	-70.94	-96.41
2175.18	-70.41	-106.18
2183.39	-70.47	-114.42
2191.63	-71.17	-130.82
2199.90	-71.71	-138.81
2208.20	-71.86	-140.94
2216.53	-71.48	-146.90
2224.90	-70.54	-155.07
2233.29	-69.63	-166.85
2241.72	-70.13	176.74
2250.18	-70.63	173.53
2258.67	-70.28	166.08
2267.19	-69.61	158.74
2275.75	-69.72	149.67
2284.34	-69.19	139.96
2292.96	-68.87	125.32
2301.61	-69.31	120.47
2310.29	-68.96	112.11
2319.01	-68.65	102.99
2327.76	-69.07	90.78
2336.55	-69.33	81.62
2345.36	-69.48	72.03
2354.21	-69.92	64.77
2363.10	-69.95	60.85
2372.02	-69.71	51.56
2380.97	-69.53	46.27
2389.95	-68.89	36.70
2398.97	-68.76	29.51
2408.02	-68.09	14.68
2417.11	-68.40	5.58
2426.23	-69.34	-7.24
2435.39	-69.52	-13.50
2444.58	-69.83	-21.57
2453.80	-69.21	-29.26
2463.06	-69.22	-32.47
2472.35	-68.43	-43.24
2481.68	-68.28	-54.83
2491.05	-68.16	-73.01
2500.45	-68.30	-88.84
2509.88	-69.11	-100.91
2519.36	-69.28	-104.35
2528.86	-69.36	-114.01
2538.41	-69.63	-126.84
2547.98	-69.13	-133.16
2557.60	-68.81	-145.92
2567.25	-69.19	-159.18
2576.94	-69.13	-167.32
2586.66	-68.89	-178.29
2596.42	-68.67	170.26
2606.22	-69.73	157.52
2616.06	-69.95	154.50
2625.93	-69.81	149.69
2635.84	-68.97	146.20
2645.78	-67.69	133.29
2655.77	-67.30	115.89
2665.79	-66.72	102.70
2675.85	-66.99	89.52
2685.95	-67.60	78.46
2696.08	-68.10	70.61
2706.26	-67.60	64.01
2716.47	-67.73	52.37
2726.72	-67.44	41.92
2737.01	-67.59	30.40
2747.34	-67.44	21.79
2757.70	-67.78	8.56
2768.11	-67.97	-0.40
2778.56	-67.94	-9.00
2789.04	-67.95	-21.82
2799.57	-67.55	-25.57
2810.13	-67.03	-42.83
2820.73	-66.65	-59.85
2831.38	-67.09	-77.58
2842.06	-67.55	-87.92
2852.79	-68.54	-101.23
2863.55	-68.61	-112.16
2874.36	-68.90	-118.42
2885.21	-68.05	-129.24
2896.09	-68.35	-147.26
2907.02	-68.17	-156.26
2917.99	-68.48	-169.66
2929.00	-68.77	179.32
2940.06	-68.44	170.35
2951.15	-67.97	161.19
2962.29	-67.22	150.39
2973.47	-67.20	137.32
2984.69	-66.89	118.47
2995.95	-67.35	107.17
3007.25	-67.31	94.97
3018.60	-67.40	82.24
3029.99	-68.02	68.78
3041.43	-68.20	58.76
3052.90	-68.96	57.01
3064.42	-68.86	50.02
3075.99	-68.28	36.89
3087.60	-67.75	27.07
3099.25	-67.41	11.41
3110.94	-67.41	-2.59
3122.68	-68.16	-18.96
3134.47	-68.23	-29.04
3146.29	-69.00	-40.84
3158.17	-69.21	-51.49
3170.08	-68.46	-62.51
3182.05	-68.21	-80.70
3194.05	-68.39	-95.01
3206.11	-68.68	-110.17
3218.21	-69.07	-126.09
3230.35	-69.37	-140.16
3242.54	-69.79	-153.01
3254.77	-70.38	-164.09
3267.06	-70.18	-167.02
3279.39	-69.87	-179.21
3291.76	-69.30	167.89
3304.18	-69.02	157.05
3316.65	-68.06	144.24
3329.17	-67.57	131.32
3341.73	-67.54	112.54
3354.34	-67.56	100.25
3367.00	-67.80	89.69
3379.70	-67.50	77.02
3392.46	-67.52	61.24
3405.26	-67.27	46.53
3418.11	-67.85	29.63
3431.01	-68.98	18.08
3443.95	-68.78	9.60
3456.95	-68.92	-0.27
3469.99	-69.25	-18.50
3483.09	-70.45	-24.00
3496.23	-69.29	-32.74
3509.43	-69.77	-44.08
3522.67	-67.99	-57.55
3535.96	-67.49	-77.62
3549.31	-68.48	-101.22
3562.70	-69.50	-111.41
3576.14	-69.27	-126.11
3589.64	-69.11	-139.11
3603.18	-68.58	-153.95
3616.78	-67.96	-172.54
3630.43	-69.31	167.57
3644.13	-68.57	158.49
3657.88	-68.97	144.61
3671.68	-68.49	134.07
3685.54	-67.64	117.55
3699.45	-68.30	100.80
3713.41	-68.42	92.05
3727.42	-67.90	78.39
3741.49	-68.17	65.56
3755.60	-67.76	51.27
3769.78	-68.03	35.21
3784.00	-68.57	24.50
3798.28	-68.19	15.50
3812.61	-67.85	-1.36
3827.00	-68.59	-19.79
3841.44	-68.99	-32.32
3855.94	-69.49	-48.48
3870.49	-69.04	-58.50
3885.09	-68.72	-81.12
3899.75	-70.55	-102.98
3914.47	-71.23	-108.73
3929.24	-71.16	-110.53
3944.07	-68.99	-116.63
3958.95	-66.53	-143.48
3973.89	-67.38	-164.24
3988.89	-66.89	-176.04
4003.94	-67.02	160.30
4019.05	-66.75	145.09
4034.22	-66.69	132.65
4049.44	-65.83	116.73
4064.72	-65.32	95.22
4080.06	-66.45	77.26
4095.46	-66.74	73.97
4110.91	-65.81	61.47
4126.42	-64.85	46.38
4141.99	-64.58	27.48
4157.62	-64.55	1.19
4173.31	-65.43	-15.72
4189.06	-66.07	-32.61
4204.87	-66.20	-41.18
4220.74	-66.09	-57.37
4236.66	-65.41	-73.69
4252.65	-65.54	-96.57
4268.70	-65.41	-117.52
4284.81	-66.46	-138.80
4300.98	-66.42	-146.36
4317.21	-65.57	-159.47
4333.50	-64.92	-173.03
4349.85	-63.84	167.42
4366.26	-63.46	145.24
4382.74	-63.79	123.27
4399.28	-63.59	108.59
4415.88	-63.77	94.09
4432.54	-63.43	75.91
4449.27	-63.43	62.06
4466.06	-63.44	41.19
4482.91	-63.32	31.60
4499.83	-62.57	13.90
4516.81	-62.30	-5.14
4533.85	-62.19	-28.23
4550.96	-62.40	-48.18
4568.14	-62.21	-67.54
4585.37	-62.56	-82.21
4602.68	-61.77	-101.79
4620.05	-61.65	-129.05
4637.48	-62.09	-148.92
4654.98	-61.83	-163.20
4672.55	-61.50	178.85
4690.18	-61.12	157.45
4707.88	-60.74	135.75
4725.64	-61.09	117.61
4743.48	-61.07	101.84
4761.38	-60.51	81.53
4779.34	-59.65	61.38
4797.38	-59.47	41.34
4815.48	-60.10	19.05
4833.65	-60.50	-1.71
4851.89	-60.92	-22.38
4870.20	-60.84	-37.00
4888.58	-60.67	-58.43
4907.03	-60.60	-80.83
4925.54	-61.14	-102.54
4944.13	-60.81	-117.71
4962.79	-60.38	-144.20
4981.52	-60.48	-164.44
5000.31	-60.31	175.07
5019.18	-60.07	154.11
5038.12	-59.88	128.34
5057.14	-60.30	110.15
5076.22	-60.63	89.45
5095.37	-60.60	71.03
5114.60	-60.69	52.45
5133.90	-60.73	32.82
5153.27	-60.39	15.13
5172.72	-60.34	-7.34
5192.24	-60.96	-33.42
5211.83	-60.79	-47.84
5231.50	-61.25	-71.94
5251.24	-61.43	-96.97
5271.06	-61.25	-115.29
5290.95	-61.19	-139.56
5310.91	-60.78	-160.82
5330.96	-61.19	179.75
5351.07	-60.08	154.67
5371.27	-60.80	127.55
5391.53	-61.37	110.84
5411.88	-61.03	87.51
5432.30	-61.06	68.61
5452.80	-61.47	46.26
5473.38	-61.57	27.87
5494.03	-62.42	7.85
5514.76	-61.85	-12.72
5535.57	-62.00	-37.76
5556.46	-62.72	-53.79
5577.43	-61.91	-78.09
5598.48	-62.41	-105.25
5619.60	-62.26	-127.92
5640.81	-62.36	-152.97
5662.10	-62.26	-179.31
5683.46	-63.23	154.24
5704.91	-64.13	136.49
5726.44	-63.60	133.74
5748.05	-61.16	109.92
5769.74	-61.05	74.05
5791.51	-63.88	57.15
5813.36	-62.67	45.31
5835.30	-61.56	22.72
5857.32	-61.08	-4.19
5879.42	-61.21	-34.28
5901.61	-62.75	-62.86
5923.88	-63.35	-72.64
5946.23	-62.21	-98.83
5968.67	-62.23	-122.27
5991.20	-61.35	-153.64
6013.80	-62.12	173.63
6036.50	-64.00	156.66
6059.28	-63.68	138.78
6082.14	-61.77	128.86
6105.09	-60.71	93.46
6128.13	-61.77	66.43
6151.26	-60.90	51.02
6174.47	-61.64	25.74
6197.77	-60.26	4.17
6221.16	-60.92	-28.22
6244.63	-62.78	-54.11
6268.20	-62.61	-59.35
6291.85	-59.49	-95.01
6315.59	-59.96	-136.23
6339.42	-62.52	-164.44
6363.35	-62.54	-176.69
6387.36	-61.00	160.06
6411.46	-61.30	133.57
6435.66	-60.52	110.99
6459.94	-61.64	87.62
6484.32	-60.10	64.32
6508.79	-60.12	41.88
6533.35	-59.04	11.90
6558.00	-60.08	-16.44
6582.75	-60.84	-37.67
6607.59	-60.42	-62.97
6632.53	-60.86	-95.48
6657.55	-60.97	-115.59
6682.68	-59.92	-142.60
6707.90	-60.88	-168.48
6733.21	-59.48	171.77
6758.62	-57.65	140.76
6784.12	-57.63	109.21
6809.72	-58.00	84.57
6835.42	-57.81	56.86
6861.21	-58.29	32.41
6887.10	-57.86	10.75
6913.09	-57.02	-14.89
6939.18	-57.34	-47.64
6965.36	-57.60	-72.78
6991.65	-56.57	-95.21
7018.03	-55.20	-127.36
7044.51	-55.10	-163.27
7071.10	-55.24	167.40
7097.78	-54.65	138.62
7124.56	-54.20	111.80
7151.45	-53.48	83.46
7178.44	-52.64	54.78
7205.52	-52.48	24.21
7232.71	-52.10	-10.60
7260.01	-52.10	-42.46
7287.40	-51.93	-71.77
7314.90	-51.50	-107.87
7342.51	-51.46	-140.76
7370.21	-51.21	-170.28
7398.03	-50.90	153.80
7425.94	-50.66	123.26
7453.97	-50.07	86.27
7482.09	-50.90	49.85
7510.33	-51.09	20.00
7538.67	-51.37	-12.38
7567.12	-51.87	-49.21
7595.67	-52.92	-80.46
7624.33	-53.12	-109.37
7653.10	-52.84	-144.40
7681.98	-53.70	-177.10
7710.97	-53.96	151.90
7740.07	-54.34	123.08
7769.28	-54.45	93.69
7798.60	-53.99	62.11
7828.02	-55.11	29.82
7857.56	-54.88	9.14
7887.21	-54.03	-27.77
7916.98	-54.94	-71.85
7946.85	-56.51	-101.06
7976.84	-56.19	-120.50
8006.94	-55.55	-163.78
8037.16	-55.58	169.15
8067.49	-56.03	131.26
8097.93	-57.32	103.71
8128.49	-56.57	80.30
8159.16	-55.46	53.83
8189.95	-55.57	16.00
8220.86	-55.62	-20.06
8251.88	-56.45	-53.09
8283.02	-56.10	-79.74
8314.27	-55.64	-118.81
8345.65	-56.15	-152.24
8377.14	-55.41	173.26
8408.75	-55.20	138.39
8440.48	-54.47	97.47
8472.33	-55.43	67.08
8504.30	-55.90	35.99
8536.40	-56.15	6.69
8568.61	-56.01	-27.04
8600.94	-55.99	-66.37
8633.40	-56.78	-100.27
8665.98	-56.60	-135.51
8698.68	-56.23	-167.62
8731.51	-56.04	156.45
8764.46	-55.63	124.92
8797.53	-55.33	89.24
8830.73	-55.08	54.65
8864.05	-55.12	17.25
8897.50	-55.78	-12.27
8931.07	-55.54	-45.57
8964.78	-54.45	-84.14
8998.61	-54.32	-123.44
9032.56	-53.97	-163.45
9066.65	-53.81	157.16
9100.86	-53.12	118.81
9135.20	-53.72	80.30
9169.68	-53.60	45.64
9204.28	-53.77	5.10
9239.01	-53.29	-31.78
9273.88	-53.80	-74.80
9308.87	-54.30	-115.89
9344.00	-54.07	-157.43
9379.26	-54.35	164.06
9414.65	-54.28	124.12
9450.18	-54.34	85.58
9485.84	-54.27	49.53
9521.64	-54.75	7.28
9557.57	-55.55	-30.57
9593.64	-55.48	-67.08
9629.84	-55.95	-107.59
9666.18	-56.09	-150.99
9702.65	-56.29	168.12
9739.27	-57.26	126.14
9776.02	-57.55	91.46
9812.91	-57.19	53.90
9849.94	-58.18	14.88
9887.11	-58.21	-22.17
9924.42	-59.34	-62.03
9961.87	-61.23	-98.28
9999.46	-60.73	-133.57
10037.19	-59.84	-178.08
10075.07	-60.09	144.52
10113.09	-58.95	105.83
10151.25	-59.31	72.77
10189.55	-59.61	39.13
10228.01	-58.91	-1.79
10266.60	-59.52	-41.50
10305.34	-58.76	-86.82
10344.23	-60.22	-127.22
10383.27	-59.17	-164.49
10422.45	-57.57	146.70
10461.78	-58.14	104.96
10501.26	-57.61	68.14
10540.88	-57.37	30.87
10580.66	-57.52	-14.00
10620.59	-56.42	-56.21
10660.66	-57.16	-108.23
10700.89	-57.16	-154.67
10741.27	-56.58	161.26
10781.81	-56.24	113.45
10822.49	-57.34	72.79
10863.33	-56.26	30.42
10904.33	-56.73	-14.48
10945.47	-57.65	-62.54
10986.78	-58.07	-112.74
11028.24	-58.70	-158.01
11069.85	-58.39	158.18
11111.63	-58.28	113.16
11153.56	-58.11	70.64
11195.64	-58.97	24.83
11237.89	-58.79	-17.05
11280.30	-60.69	-66.51
11322.87	-60.47	-109.55
11365.59	-61.35	-155.90
11408.48	-60.03	153.05
11451.53	-60.60	109.31
11494.75	-60.53	70.70
11538.12	-60.30	22.45
11581.66	-61.77	-13.66
11625.37	-62.21	-63.40
11669.24	-62.56	-111.41
11713.27	-61.81	-162.09
11757.47	-62.20	145.66
11801.84	-61.06	104.68
11846.37	-62.19	58.49
11891.08	-62.10	21.30
11935.95	-62.30	-25.70
11980.99	-63.69	-74.12
12026.20	-63.42	-127.97
12071.58	-64.01	179.37
12117.14	-62.85	138.36
12162.86	-62.21	88.53
12208.76	-62.50	49.99
12254.83	-61.90	3.12
12301.07	-63.67	-52.62
12347.49	-63.88	-92.77
12394.08	-63.66	-157.49
12440.85	-63.46	155.73
12487.80	-61.94	105.48
12534.92	-62.03	60.33
12582.23	-62.85	13.22
12629.71	-63.70	-28.34
12677.37	-64.49	-84.75
12725.20	-64.68	-141.89
12773.22	-64.29	167.63
12821.42	-62.65	119.32
12869.81	-62.50	68.18
12918.37	-63.19	28.30
12967.12	-62.72	-21.33
13016.05	-64.35	-78.36
13065.17	-65.10	-140.76
13114.47	-63.70	172.58
13163.96	-62.45	115.97
13213.64	-62.12	65.33
13263.50	-63.17	17.78
13313.55	-63.55	-27.13
13363.79	-64.93	-86.48
13414.22	-64.82	-141.44
13464.84	-63.45	155.16
13515.65	-62.89	105.05
13566.65	-62.98	58.54
13617.84	-63.15	8.59
13669.23	-64.43	-41.32
13720.81	-64.32	-98.38
13772.59	-64.25	-166.29
13824.56	-63.03	136.05
13876.73	-63.16	90.57
13929.09	-62.67	39.19
13981.66	-63.55	-10.96
14034.42	-64.25	-69.76
14087.38	-64.35	-133.28
14140.54	-63.22	164.73
14193.90	-62.16	107.29
14247.46	-62.28	55.68
14301.22	-62.71	5.29
14355.19	-63.46	-48.52
14409.36	-63.55	-117.06
14463.73	-64.56	-178.90
14518.31	-62.96	122.73
14573.10	-62.30	73.05
14628.09	-62.15	20.53
14683.29	-63.05	-40.49
14738.70	-64.08	-101.44
14794.32	-63.91	-168.24
14850.15	-62.40	128.04
14906.18	-62.15	68.31
14962.43	-62.90	17.54
15018.90	-63.51	-34.85
15075.57	-64.40	-106.76
15132.46	-63.38	-171.98
15189.56	-62.44	124.21
15246.88	-61.72	69.17
15304.42	-62.14	14.86
15362.17	-62.84	-43.51
15420.14	-64.63	-107.41
15478.33	-63.93	-179.61
15536.74	-63.01	117.45
15595.37	-62.36	57.36
15654.22	-62.70	1.81
15713.29	-63.88	-60.11
15772.58	-64.55	-129.43
15832.10	-63.63	161.55
15891.85	-62.94	94.07
15951.81	-62.89	37.75
16012.01	-63.78	-19.77
16072.43	-65.06	-78.92
16133.08	-65.32	-159.82
16193.96	-63.92	128.70
16255.07	-63.31	71.33
16316.41	-63.91	22.00
16377.98	-65.52	-44.70
16439.79	-66.23	-119.41
16501.82	-65.19	171.04
16564.09	-64.61	106.50
16626.60	-63.10	47.93
16689.34	-64.17	-9.99
16752.32	-65.97	-80.01
16815.54	-65.52	-156.77
16878.99	-64.19	130.95
16942.69	-63.09	68.91
17006.62	-63.17	10.33
17070.79	-64.89	-59.82
17135.21	-65.09	-137.33
17199.87	-63.92	151.13
17264.78	-62.39	79.57
17329.93	-63.10	24.82
17395.32	-64.21	-47.14
17460.97	-64.59	-123.14
17526.86	-63.85	154.95
17593.00	-62.60	90.43
17659.38	-62.56	25.11
17726.02	-63.83	-41.01
17792.91	-64.43	-126.09
17860.06	-63.78	154.93
17927.45	-62.27	87.19
17995.10	-62.67	23.47
18063.01	-63.75	-46.05
18131.17	-64.66	-133.82
18199.59	-64.00	148.06
18268.27	-62.34	79.48
18337.21	-62.63	14.59
18406.40	-64.17	-60.38
18475.86	-64.91	-147.58
18545.58	-63.16	131.79
18615.56	-62.14	61.20
18685.81	-63.87	-8.61
18756.32	-65.32	-82.53
18827.10	-64.93	179.94
18898.15	-63.60	103.32
18969.46	-63.73	37.04
19041.04	-65.68	-34.22
19112.90	-67.75	-126.27
19185.02	-66.13	147.45
19257.42	-64.93	77.15
19330.09	-65.85	10.72
19403.03	-68.96	-65.26
19476.25	-69.73	-162.29
19549.74	-67.20	113.23
19623.51	-66.49	47.96
19697.56	-68.54	-15.32
19771.89	-72.25	-107.93
19846.51	-70.24	145.47
19921.40	-68.17	80.14
19996.57	-68.59	20.63
20072.03	-73.23	-53.66
20147.78	-73.84	-167.91
20223.80	-70.34	105.96
20300.12	-69.15	50.04
20376.72	-71.70	-9.26
20453.62	-76.53	-115.46
20530.80	-72.68	137.63
20608.28	-69.75	73.12
20686.04	-70.85	15.75
20764.10	-75.97	-76.23
20842.46	-75.48	161.54
20921.11	-70.48	89.83
21000.06	-70.41	30.45
21079.30	-75.79	-51.15
21158.85	-77.68	170.33
21238.69	-71.64	92.27
21318.84	-71.64	38.73
21399.29	-76.10	-28.59
21480.04	-80.42	161.99
21561.09	-73.34	93.73
21642.46	-71.57	43.97
21724.12	-76.99	-23.00
21806.10	-81.22	149.46
21888.39	-73.15	86.38
21970.99	-73.69	33.70
22053.89	-80.16	-41.61
22137.12	-78.29	104.07
22220.65	-74.36	64.29
22304.50	-76.35	25.28
