Freq[Hz]	[dBV]	Phase[Deg]
10.00	-63.33	-128.32
10.04	-63.20	-129.51
10.08	-63.06	-130.71
10.11	-62.91	-131.94
10.15	-62.77	-133.17
10.19	-62.62	-134.42
10.23	-62.46	-135.69
10.27	-62.30	-136.97
10.31	-62.14	-138.26
10.34	-61.97	-139.56
10.38	-61.80	-140.88
10.42	-61.63	-142.20
10.46	-61.46	-143.54
10.50	-61.28	-144.89
10.54	-61.10	-146.25
10.58	-60.91	-147.62
10.62	-60.73	-149.00
10.66	-60.54	-150.39
10.70	-60.35	-151.79
10.74	-60.15	-153.19
10.78	-59.96	-154.60
10.82	-59.76	-156.01
10.86	-59.56	-157.44
10.90	-59.36	-158.86
10.95	-59.16	-160.29
10.99	-58.96	-161.73
11.03	-58.76	-163.16
11.07	-58.55	-164.60
11.11	-58.35	-166.04
11.15	-58.14	-167.49
11.20	-57.94	-168.93
11.24	-57.73	-170.37
11.28	-57.53	-171.81
11.32	-57.32	-173.25
11.37	-57.12	-174.68
11.41	-56.91	-176.11
11.45	-56.71	-177.53
11.50	-56.51	-178.95
11.54	-56.31	179.64
11.58	-56.11	178.23
11.63	-55.92	176.83
11.67	-55.72	175.45
11.71	-55.53	174.07
11.76	-55.34	172.71
11.80	-55.15	171.35
11.85	-54.97	170.01
11.89	-54.79	168.68
11.94	-54.61	167.36
11.98	-54.44	166.05
12.03	-54.27	164.75
12.07	-54.10	163.46
12.12	-53.93	162.18
12.16	-53.77	160.91
12.21	-53.62	159.65
12.26	-53.46	158.40
12.30	-53.32	157.16
12.35	-53.17	155.93
12.39	-53.03	154.70
12.44	-52.89	153.48
12.49	-52.76	152.27
12.54	-52.64	151.07
12.58	-52.51	149.88
12.63	-52.40	148.69
12.68	-52.28	147.51
12.73	-52.18	146.33
12.77	-52.07	145.16
12.82	-51.98	144.00
12.87	-51.89	142.84
12.92	-51.80	141.69
12.97	-51.72	140.54
13.02	-51.65	139.39
13.07	-51.58	138.25
13.12	-51.52	137.11
13.16	-51.47	135.97
13.21	-51.42	134.84
13.26	-51.38	133.71
13.31	-51.35	132.58
13.36	-51.33	131.45
13.41	-51.31	130.32
13.47	-51.30	129.19
13.52	-51.30	128.06
13.57	-51.30	126.93
13.62	-51.31	125.79
13.67	-51.34	124.66
13.72	-51.37	123.52
13.77	-51.41	122.38
13.83	-51.46	121.24
13.88	-51.51	120.09
13.93	-51.58	118.93
13.98	-51.66	117.77
14.04	-51.74	116.60
14.09	-51.84	115.43
14.14	-51.95	114.25
14.19	-52.06	113.06
14.25	-52.19	111.86
14.30	-52.33	110.65
14.36	-52.48	109.44
14.41	-52.64	108.21
14.46	-52.82	106.97
14.52	-53.00	105.71
14.57	-53.20	104.45
14.63	-53.41	103.16
14.68	-53.63	101.87
14.74	-53.87	100.56
14.80	-54.12	99.24
14.85	-54.37	97.90
14.91	-54.64	96.57
14.96	-54.93	95.22
15.02	-55.22	93.88
15.08	-55.52	92.53
15.13	-55.83	91.19
15.19	-56.15	89.85
15.25	-56.47	88.52
15.31	-56.81	87.20
15.36	-57.15	85.89
15.42	-57.50	84.60
15.48	-57.85	83.33
15.54	-58.21	82.08
15.60	-58.57	80.85
15.66	-58.94	79.66
15.71	-59.31	78.49
15.77	-59.68	77.36
15.83	-60.06	76.26
15.89	-60.43	75.21
15.95	-60.81	74.20
16.01	-61.18	73.23
16.07	-61.56	72.32
16.13	-61.93	71.46
16.19	-62.30	70.66
16.26	-62.67	69.93
16.32	-63.03	69.26
16.38	-63.39	68.65
16.44	-63.74	68.13
16.50	-64.09	67.68
16.56	-64.42	67.31
16.63	-64.75	67.03
16.69	-65.07	66.84
16.75	-65.38	66.74
16.82	-65.68	66.74
16.88	-65.96	66.85
16.94	-66.23	67.07
17.01	-66.49	67.40
17.07	-66.73	67.84
17.14	-66.95	68.41
17.20	-67.16	69.11
17.27	-67.34	69.94
17.33	-67.51	70.91
17.40	-67.66	72.02
17.46	-67.78	73.29
17.53	-67.88	74.70
17.59	-67.95	76.28
17.66	-68.00	78.02
17.73	-68.02	79.91
17.79	-68.02	81.95
17.86	-68.00	84.13
17.93	-67.96	86.43
18.00	-67.89	88.85
18.06	-67.80	91.39
18.13	-67.70	94.02
18.20	-67.58	96.75
18.27	-67.44	99.55
18.34	-67.28	102.42
18.41	-67.11	105.36
18.48	-66.92	108.34
18.55	-66.73	111.36
18.62	-66.52	114.41
18.69	-66.30	117.47
18.76	-66.08	120.54
18.83	-65.85	123.60
18.90	-65.61	126.63
18.97	-65.36	129.64
19.04	-65.12	132.59
19.11	-64.87	135.49
19.19	-64.62	138.31
19.26	-64.38	141.05
19.33	-64.14	143.68
19.40	-63.90	146.20
19.48	-63.66	148.59
19.55	-63.44	150.83
19.62	-63.23	152.91
19.70	-63.02	154.82
19.77	-62.83	156.53
19.85	-62.66	158.04
19.92	-62.50	159.32
20.00	-62.36	160.35
20.07	-62.24	161.13
20.15	-62.14	161.63
20.22	-62.07	161.84
20.30	-62.02	161.73
20.38	-62.00	161.29
20.45	-62.02	160.50
20.53	-62.06	159.33
20.61	-62.14	157.79
20.69	-62.25	155.88
20.77	-62.40	153.61
20.84	-62.57	150.99
20.92	-62.78	148.04
21.00	-63.01	144.77
21.08	-63.27	141.20
21.16	-63.55	137.34
21.24	-63.86	133.19
21.32	-64.19	128.78
21.40	-64.55	124.13
21.48	-64.92	119.24
21.56	-65.31	114.13
21.64	-65.72	108.82
21.73	-66.14	103.33
21.81	-66.57	97.67
21.89	-67.02	91.86
21.97	-67.48	85.91
22.06	-67.94	79.85
22.14	-68.41	73.69
22.22	-68.89	67.45
22.31	-69.37	61.16
22.39	-69.85	54.82
22.47	-70.32	48.47
22.56	-70.80	42.12
22.64	-71.27	35.79
22.73	-71.73	29.51
22.82	-72.18	23.30
22.90	-72.63	17.18
22.99	-73.05	11.17
23.07	-73.46	5.29
23.16	-73.86	-0.42
23.25	-74.23	-5.94
23.34	-74.58	-11.25
23.43	-74.90	-16.33
23.51	-75.19	-21.15
23.60	-75.46	-25.70
23.69	-75.70	-30.00
23.78	-75.91	-34.04
23.87	-76.10	-37.84
23.96	-76.27	-41.40
24.05	-76.41	-44.72
24.14	-76.54	-47.81
24.23	-76.65	-50.69
24.32	-76.74	-53.34
24.42	-76.82	-55.80
24.51	-76.88	-58.04
24.60	-76.93	-60.10
24.69	-76.97	-61.97
24.79	-77.00	-63.66
24.88	-77.02	-65.17
24.97	-77.04	-66.53
25.07	-77.06	-67.73
25.16	-77.07	-68.78
25.26	-77.08	-69.69
25.35	-77.10	-70.48
25.45	-77.12	-71.14
25.54	-77.14	-71.69
25.64	-77.18	-72.14
25.74	-77.22	-72.50
25.84	-77.28	-72.78
25.93	-77.35	-72.98
26.03	-77.44	-73.13
26.13	-77.55	-73.22
26.23	-77.68	-73.27
26.33	-77.83	-73.30
26.43	-78.01	-73.31
26.53	-78.22	-73.30
26.63	-78.45	-73.28
26.73	-78.70	-73.23
26.83	-78.98	-73.17
26.93	-79.27	-73.07
27.03	-79.59	-72.94
27.13	-79.91	-72.78
27.23	-80.26	-72.58
27.34	-80.61	-72.34
27.44	-80.97	-72.06
27.54	-81.34	-71.72
27.65	-81.72	-71.33
27.75	-82.10	-70.88
27.86	-82.48	-70.38
27.96	-82.86	-69.80
28.07	-83.23	-69.16
28.17	-83.60	-68.44
28.28	-83.96	-67.64
28.39	-84.31	-66.75
28.49	-84.65	-65.78
28.60	-84.97	-64.72
28.71	-85.27	-63.56
28.82	-85.54	-62.29
28.93	-85.80	-60.92
29.03	-86.02	-59.43
29.14	-86.22	-57.82
29.25	-86.38	-56.09
29.36	-86.50	-54.24
29.48	-86.59	-52.24
29.59	-86.64	-50.11
29.70	-86.66	-47.84
29.81	-86.65	-45.42
29.92	-86.60	-42.86
30.04	-86.53	-40.14
30.15	-86.43	-37.27
30.26	-86.31	-34.23
30.38	-86.16	-31.03
30.49	-85.99	-27.66
30.61	-85.80	-24.11
30.72	-85.60	-20.39
30.84	-85.37	-16.48
30.95	-85.14	-12.39
31.07	-84.89	-8.10
31.19	-84.64	-3.62
31.31	-84.38	1.07
31.42	-84.11	5.96
31.54	-83.84	11.06
31.66	-83.57	16.38
31.78	-83.31	21.92
31.90	-83.05	27.68
32.02	-82.79	33.68
32.14	-82.55	39.91
32.26	-82.32	46.39
32.39	-82.11	53.10
32.51	-81.91	60.01
32.63	-81.72	67.08
32.75	-81.55	74.27
32.88	-81.40	81.54
33.00	-81.26	88.86
33.13	-81.14	96.17
33.25	-81.03	103.45
33.38	-80.94	110.64
33.50	-80.87	117.70
33.63	-80.81	124.59
33.76	-80.77	131.25
33.88	-80.74	137.66
34.01	-80.73	143.74
34.14	-80.74	149.46
34.27	-80.77	154.77
34.40	-80.81	159.61
34.53	-80.87	163.93
34.66	-80.94	167.68
34.79	-81.04	170.80
34.92	-81.15	173.23
35.05	-81.28	174.93
35.18	-81.42	175.83
35.32	-81.59	175.90
35.45	-81.77	175.17
35.58	-81.95	173.69
35.72	-82.15	171.49
35.85	-82.35	168.61
35.99	-82.55	165.11
36.12	-82.75	161.02
36.26	-82.95	156.39
36.40	-83.13	151.26
36.53	-83.31	145.70
36.67	-83.46	139.74
36.81	-83.60	133.43
36.95	-83.71	126.83
37.09	-83.79	119.99
37.23	-83.84	112.96
37.37	-83.85	105.81
37.51	-83.82	98.58
37.65	-83.74	91.33
37.79	-83.62	84.13
37.94	-83.44	77.03
38.08	-83.20	70.09
38.22	-82.90	63.38
38.37	-82.54	56.90
38.51	-82.14	50.65
38.66	-81.69	44.63
38.80	-81.21	38.84
38.95	-80.70	33.29
39.10	-80.17	27.97
39.24	-79.63	22.88
39.39	-79.10	18.02
39.54	-78.57	13.39
39.69	-78.06	8.99
39.84	-77.57	4.83
39.99	-77.13	0.89
40.14	-76.72	-2.81
40.29	-76.38	-6.29
40.45	-76.09	-9.53
40.60	-75.89	-12.55
40.75	-75.77	-15.34
40.90	-75.74	-17.91
41.06	-75.83	-20.24
41.21	-76.03	-22.37
41.37	-76.32	-24.34
41.53	-76.71	-26.21
41.68	-77.17	-28.03
41.84	-77.70	-29.86
42.00	-78.28	-31.75
42.16	-78.90	-33.78
42.32	-79.54	-35.99
42.47	-80.19	-38.45
42.63	-80.84	-41.23
42.80	-81.47	-44.39
42.96	-82.07	-48.00
43.12	-82.62	-52.11
43.28	-83.11	-56.82
43.45	-83.51	-62.18
43.61	-83.83	-68.26
43.77	-84.03	-75.15
43.94	-84.10	-82.92
44.10	-84.04	-91.61
44.27	-83.84	-101.09
44.44	-83.52	-111.20
44.61	-83.10	-121.77
44.77	-82.59	-132.61
44.94	-82.00	-143.54
45.11	-81.37	-154.39
45.28	-80.69	-164.95
45.45	-79.99	-175.04
45.63	-79.28	175.55
45.80	-78.58	167.01
45.97	-77.92	159.56
46.14	-77.30	153.42
46.32	-76.75	148.78
46.49	-76.28	145.89
46.67	-75.92	144.96
46.84	-75.68	146.22
47.02	-75.59	149.87
47.20	-75.63	155.78
47.38	-75.80	163.70
47.56	-76.08	173.37
47.74	-76.46	-175.49
47.92	-76.92	-163.16
48.10	-77.46	-149.91
48.28	-78.05	-136.03
48.46	-78.68	-121.82
48.64	-79.34	-107.59
48.83	-80.01	-93.64
49.01	-80.68	-80.29
49.20	-81.32	-67.85
49.38	-81.92	-56.68
49.57	-82.47	-47.09
49.75	-82.95	-39.45
49.94	-83.33	-34.05
50.13	-83.63	-30.88
50.32	-83.84	-29.69
50.51	-83.96	-30.27
50.70	-84.02	-32.36
50.89	-84.00	-35.72
51.08	-83.92	-40.10
51.28	-83.78	-45.24
51.47	-83.59	-50.88
51.66	-83.35	-56.74
51.86	-83.08	-62.55
52.05	-82.77	-68.02
52.25	-82.44	-72.88
52.45	-82.09	-76.81
52.65	-81.73	-79.52
52.85	-81.36	-80.72
53.04	-81.00	-80.34
53.24	-80.64	-78.52
53.45	-80.28	-75.42
53.65	-79.93	-71.20
53.85	-79.60	-66.01
54.05	-79.27	-60.03
54.26	-78.96	-53.43
54.46	-78.67	-46.38
54.67	-78.40	-39.05
54.87	-78.16	-31.63
55.08	-77.94	-24.30
55.29	-77.76	-17.25
55.50	-77.60	-10.69
55.71	-77.49	-4.80
55.92	-77.41	0.27
56.13	-77.36	4.55
56.34	-77.33	8.08
56.55	-77.33	10.88
56.77	-77.33	13.01
56.98	-77.34	14.50
57.19	-77.34	15.39
57.41	-77.33	15.73
57.63	-77.30	15.56
57.84	-77.24	14.92
58.06	-77.15	13.87
58.28	-77.02	12.45
58.50	-76.83	10.70
58.72	-76.58	8.68
58.94	-76.28	6.42
59.17	-75.95	3.93
59.39	-75.59	1.23
59.61	-75.24	-1.66
59.84	-74.92	-4.73
60.06	-74.63	-7.96
60.29	-74.41	-11.33
60.52	-74.27	-14.82
60.75	-74.24	-18.42
60.98	-74.34	-22.10
61.21	-74.59	-25.84
61.44	-75.01	-29.63
61.67	-75.63	-33.44
61.90	-76.43	-37.17
62.14	-77.37	-40.67
62.37	-78.42	-43.78
62.61	-79.52	-46.36
62.84	-80.65	-48.23
63.08	-81.76	-49.23
63.32	-82.80	-49.19
63.56	-83.73	-47.94
63.80	-84.50	-45.30
64.04	-85.08	-41.10
64.28	-85.40	-35.14
64.52	-85.42	-27.24
64.76	-85.12	-17.39
65.01	-84.54	-5.88
65.25	-83.72	6.95
65.50	-82.68	20.77
65.75	-81.48	35.21
66.00	-80.16	49.91
66.24	-78.76	64.52
66.49	-77.32	78.64
66.75	-75.89	91.91
67.00	-74.52	103.91
67.25	-73.25	114.25
67.50	-72.13	122.53
67.76	-71.17	128.60
68.01	-70.37	132.61
68.27	-69.70	134.71
68.53	-69.14	135.07
68.79	-68.67	133.85
69.05	-68.27	131.22
69.31	-67.93	127.35
69.57	-67.62	122.43
69.83	-67.32	116.64
70.09	-67.00	110.16
70.36	-66.66	103.19
70.62	-66.26	95.88
70.89	-65.82	88.33
71.16	-65.35	80.63
71.43	-64.85	72.85
71.70	-64.35	65.09
71.97	-63.84	57.42
72.24	-63.34	49.94
72.51	-62.86	42.75
72.79	-62.41	35.93
73.06	-62.00	29.58
73.34	-61.64	23.80
73.61	-61.34	18.60
73.89	-61.11	13.86
74.17	-60.93	9.46
74.45	-60.83	5.25
74.73	-60.79	1.11
75.01	-60.82	-3.11
75.29	-60.92	-7.55
75.58	-61.10	-12.36
75.86	-61.34	-17.69
76.15	-61.67	-23.69
76.44	-62.06	-30.48
76.73	-62.53	-37.97
77.02	-63.06	-46.01
77.31	-63.63	-54.46
77.60	-64.25	-63.14
77.89	-64.90	-71.91
78.18	-65.57	-80.59
78.48	-66.26	-89.02
78.78	-66.94	-97.02
79.07	-67.62	-104.43
79.37	-68.27	-111.07
79.67	-68.90	-116.92
79.97	-69.51	-121.98
80.27	-70.10	-126.23
80.58	-70.65	-129.70
80.88	-71.19	-132.37
81.19	-71.69	-134.25
81.49	-72.16	-135.33
81.80	-72.61	-135.63
82.11	-73.02	-135.15
82.42	-73.40	-133.89
82.73	-73.76	-131.90
83.04	-74.12	-129.22
83.35	-74.46	-125.89
83.67	-74.82	-121.97
83.99	-75.20	-117.50
84.30	-75.61	-112.52
84.62	-76.06	-107.09
84.94	-76.55	-101.25
85.26	-77.11	-95.09
85.58	-77.70	-88.81
85.90	-78.28	-82.69
86.23	-78.82	-76.99
86.55	-79.28	-71.98
86.88	-79.62	-67.94
87.21	-79.81	-65.16
87.54	-79.80	-63.93
87.87	-79.56	-64.55
88.20	-79.04	-67.21
88.53	-78.30	-71.46
88.87	-77.36	-76.69
89.20	-76.30	-82.25
89.54	-75.15	-87.49
89.88	-73.97	-91.74
90.22	-72.82	-94.31
90.56	-71.76	-94.49
90.90	-70.84	-91.58
91.24	-70.10	-85.32
91.59	-69.52	-76.46
91.93	-69.10	-65.89
92.28	-68.83	-54.51
92.63	-68.68	-43.25
92.98	-68.64	-33.07
93.33	-68.70	-24.93
93.68	-68.84	-19.83
94.03	-69.04	-18.65
94.39	-69.29	-21.25
94.74	-69.59	-27.05
95.10	-69.92	-35.42
95.46	-70.28	-45.74
95.82	-70.65	-57.35
96.18	-71.02	-69.59
96.54	-71.39	-81.80
96.91	-71.75	-93.32
97.27	-72.09	-103.90
97.64	-72.44	-113.61
98.01	-72.82	-122.55
98.38	-73.23	-130.79
98.75	-73.70	-138.42
99.12	-74.25	-145.53
99.50	-74.89	-152.20
99.87	-75.64	-158.50
100.25	-76.49	-164.31
100.63	-77.37	-169.34
101.01	-78.26	-173.33
101.39	-79.11	-175.99
101.77	-79.87	-177.03
102.16	-80.49	-176.17
102.54	-80.93	-173.09
102.93	-81.15	-167.67
103.32	-81.19	-160.39
103.71	-81.10	-151.93
104.10	-80.93	-142.99
104.49	-80.74	-134.27
104.88	-80.58	-126.49
105.28	-80.50	-120.39
105.68	-80.58	-116.69
106.08	-80.79	-115.52
106.48	-81.08	-116.42
106.88	-81.38	-118.90
107.28	-81.64	-122.45
107.69	-81.77	-126.56
108.09	-81.71	-130.70
108.50	-81.40	-134.35
108.91	-80.80	-137.29
109.32	-80.02	-140.00
109.73	-79.14	-143.03
110.15	-78.28	-146.94
110.56	-77.54	-152.32
110.98	-77.02	-159.76
111.40	-76.84	-169.86
111.82	-77.04	177.05
112.24	-77.51	161.38
112.67	-78.10	143.65
113.09	-78.67	124.39
113.52	-79.07	104.16
113.95	-79.14	83.50
114.38	-78.73	63.00
114.81	-77.81	43.34
115.24	-76.59	25.42
115.68	-75.30	10.19
116.11	-74.19	-1.41
116.55	-73.50	-8.38
116.99	-73.48	-9.73
117.43	-74.37	-4.53
117.87	-76.14	6.26
118.32	-78.49	20.00
118.77	-81.12	33.91
119.21	-83.71	45.19
119.66	-85.94	50.93
120.12	-87.47	48.19
120.57	-88.08	34.90
121.02	-87.86	12.94
121.48	-87.04	-14.82
121.94	-85.83	-45.39
122.40	-84.45	-75.74
122.86	-83.13	-102.78
123.32	-82.10	-123.47
123.79	-81.41	-137.09
124.26	-81.02	-144.74
124.73	-80.85	-147.59
125.20	-80.85	-146.84
125.67	-80.96	-143.71
126.14	-81.09	-139.46
126.62	-81.22	-135.13
127.10	-81.33	-131.49
127.58	-81.41	-129.27
128.06	-81.46	-129.23
128.54	-81.46	-132.16
129.03	-81.42	-138.84
129.51	-81.33	-149.28
130.00	-81.24	-161.96
130.49	-81.21	-175.13
130.98	-81.27	172.99
131.48	-81.48	164.24
131.98	-81.88	160.47
132.47	-82.49	162.39
132.97	-83.20	168.63
133.48	-83.92	177.56
133.98	-84.55	-172.50
134.48	-84.98	-163.25
134.99	-85.09	-156.42
135.50	-84.87	-152.82
136.01	-84.33	-152.21
136.53	-83.52	-154.30
137.04	-82.50	-158.76
137.56	-81.29	-165.28
138.08	-79.95	-173.54
138.60	-78.55	176.71
139.12	-77.17	165.67
139.65	-75.90	153.55
140.17	-74.82	140.57
140.70	-74.02	126.95
141.23	-73.56	112.89
141.77	-73.40	98.53
142.30	-73.48	84.01
142.84	-73.76	69.47
143.38	-74.17	55.05
143.92	-74.67	40.90
144.46	-75.16	27.06
145.01	-75.58	13.49
145.55	-75.85	0.16
146.10	-75.86	-12.94
146.65	-75.55	-25.85
147.21	-74.92	-38.56
147.76	-74.17	-50.95
148.32	-73.51	-62.92
148.88	-73.16	-74.37
149.44	-73.33	-85.17
150.01	-74.18	-95.19
150.57	-75.53	-104.22
151.14	-77.15	-112.04
151.71	-78.82	-118.42
152.28	-80.29	-123.13
152.86	-81.36	-125.96
153.43	-82.04	-126.97
154.01	-82.41	-126.25
154.59	-82.59	-123.92
155.18	-82.64	-120.12
155.76	-82.67	-115.05
156.35	-82.63	-109.47
156.94	-82.44	-104.38
157.53	-82.01	-100.81
158.13	-81.26	-99.81
158.72	-80.12	-102.19
159.32	-78.76	-107.21
159.93	-77.41	-113.58
160.53	-76.32	-119.93
161.13	-75.73	-124.91
161.74	-75.81	-127.55
162.35	-76.40	-128.67
162.97	-77.24	-129.59
163.58	-78.08	-131.61
164.20	-78.65	-136.11
164.82	-78.78	-143.55
165.44	-78.56	-152.51
166.06	-78.07	-161.31
166.69	-77.41	-168.21
167.32	-76.71	-171.52
167.95	-76.04	-171.40
168.58	-75.51	-169.86
169.22	-75.21	-168.99
169.86	-75.23	-170.95
170.50	-75.63	-177.38
171.14	-76.34	173.08
171.79	-77.22	162.84
172.44	-78.12	154.35
173.09	-78.90	150.11
173.74	-79.53	150.82
174.40	-80.18	154.55
175.06	-81.01	159.13
175.72	-82.21	162.34
176.38	-83.87	162.35
177.04	-85.72	159.80
177.71	-87.36	156.14
178.38	-88.36	152.90
179.06	-88.30	151.57
179.73	-87.18	152.77
180.41	-85.36	156.26
181.09	-83.26	161.77
181.77	-81.28	169.00
182.46	-79.74	177.20
183.15	-78.71	-175.45
183.84	-78.25	-170.93
184.53	-78.40	-171.29
185.23	-79.13	-177.93
185.93	-80.07	170.85
186.63	-80.75	157.75
187.33	-80.66	145.53
188.04	-79.39	136.60
188.75	-77.26	130.20
189.46	-74.96	123.92
190.18	-73.20	115.28
190.90	-72.66	102.05
191.62	-73.51	85.49
192.34	-75.55	69.32
193.07	-78.56	57.40
193.79	-82.33	53.38
194.53	-86.27	57.04
195.26	-89.55	64.99
196.00	-91.32	73.72
196.74	-90.76	79.71
197.48	-88.32	81.06
198.22	-85.42	77.13
198.97	-83.51	67.26
199.72	-83.97	50.95
200.48	-86.59	29.48
201.23	-90.14	5.28
201.99	-93.37	-19.13
202.75	-95.09	-41.47
203.52	-95.18	-61.45
204.29	-93.98	-79.75
205.06	-91.85	-97.07
205.83	-89.22	-114.36
206.61	-86.85	-133.64
207.39	-85.61	-157.27
208.17	-86.37	172.35
208.96	-89.27	136.38
209.74	-92.69	103.95
210.54	-94.80	85.41
211.33	-93.76	90.91
212.13	-89.53	119.27
212.93	-83.96	157.60
213.73	-79.00	-167.87
214.54	-76.35	-149.35
215.35	-75.85	-147.01
216.16	-76.49	-155.93
216.98	-77.27	-171.08
217.80	-77.59	172.23
218.62	-77.75	157.84
219.44	-78.18	149.55
220.27	-79.26	150.71
221.10	-80.72	158.20
221.94	-81.84	164.50
222.77	-81.88	161.84
223.61	-80.56	146.47
224.46	-78.89	125.79
225.30	-78.10	109.20
226.15	-79.31	105.46
227.01	-81.98	113.31
227.86	-84.49	124.89
228.72	-85.14	132.11
229.59	-83.31	130.57
230.45	-80.50	123.64
231.32	-78.52	115.63
232.20	-78.83	110.23
233.07	-80.66	106.36
233.95	-82.33	101.11
234.84	-82.23	91.71
235.72	-80.22	79.70
236.61	-77.66	70.82
237.50	-75.98	71.07
238.40	-75.99	81.80
239.30	-77.15	94.28
240.20	-78.75	98.32
241.11	-80.16	86.94
242.02	-81.22	68.36
242.93	-81.91	55.30
243.85	-82.23	58.97
244.77	-82.23	75.11
245.69	-82.02	91.16
246.62	-81.67	94.89
247.55	-81.17	86.11
248.48	-80.36	74.99
249.42	-79.11	71.99
250.36	-77.59	78.35
251.31	-76.36	83.78
252.26	-75.99	77.17
253.21	-76.55	56.50
254.16	-77.21	34.70
255.12	-77.08	26.33
256.09	-75.85	36.47
257.05	-74.51	51.25
258.02	-74.18	54.35
259.00	-75.41	38.59
259.97	-77.44	17.12
260.95	-79.33	5.94
261.94	-80.48	12.88
262.93	-81.00	27.48
263.92	-81.15	36.71
264.92	-81.10	34.35
265.92	-80.99	27.86
266.92	-80.92	26.36
267.93	-80.93	31.74
268.94	-80.96	33.71
269.95	-80.95	21.07
270.97	-81.06	-2.90
271.99	-81.78	-16.22
273.02	-83.54	3.31
274.05	-85.84	51.00
275.08	-87.28	97.46
276.12	-86.56	114.65
277.16	-84.05	103.67
278.21	-81.12	83.09
279.26	-78.96	69.22
280.31	-77.54	62.54
281.37	-76.43	57.98
282.43	-75.34	52.13
283.50	-74.45	46.45
284.57	-74.05	43.32
285.64	-74.17	42.33
286.72	-74.52	39.10
287.80	-74.78	29.34
288.89	-74.91	16.00
289.98	-75.05	7.12
291.07	-75.29	8.33
292.17	-75.33	12.52
293.27	-74.77	8.70
294.38	-73.70	-6.27
295.49	-73.20	-20.84
296.61	-74.37	-23.03
297.73	-76.77	-18.79
298.85	-78.91	-27.13
299.98	-79.68	-59.07
301.11	-79.57	-92.92
302.25	-79.49	-99.38
303.39	-79.83	-72.20
304.53	-80.36	-33.72
305.68	-80.95	-6.88
306.83	-82.35	-4.96
307.99	-85.64	-37.41
309.15	-90.21	-96.68
310.32	-92.65	-147.30
311.49	-89.97	-155.73
312.67	-84.22	-125.52
313.85	-79.74	-77.07
315.03	-78.54	-28.26
316.22	-78.56	7.66
317.41	-77.71	19.88
318.61	-76.19	11.95
319.81	-75.17	-6.64
321.02	-74.90	-26.59
322.23	-74.46	-38.91
323.45	-73.29	-37.87
324.67	-73.01	-32.55
325.89	-75.70	-35.84
327.12	-80.60	-52.46
328.36	-84.56	-80.09
329.60	-85.85	-109.85
330.84	-86.42	-117.92
332.09	-88.21	-84.48
333.34	-89.53	-34.10
334.60	-87.25	-9.11
335.86	-81.99	-16.21
337.13	-78.40	-24.23
338.40	-78.94	-14.94
339.68	-80.21	-7.32
340.96	-78.75	-20.80
342.25	-76.63	-41.62
343.54	-77.71	-44.99
344.83	-81.17	-31.88
346.14	-82.45	-23.88
347.44	-79.87	-32.58
348.75	-76.58	-52.45
350.07	-75.29	-75.14
351.39	-75.95	-88.61
352.72	-77.81	-83.50
354.05	-79.13	-72.06
355.38	-78.04	-73.12
356.72	-75.73	-85.33
358.07	-75.32	-94.55
359.42	-77.29	-101.56
360.78	-79.21	-123.15
362.14	-80.07	-153.58
363.51	-81.49	-148.14
364.88	-83.97	-89.70
366.25	-84.49	-40.77
367.64	-81.03	-53.72
369.02	-77.28	-95.21
370.42	-77.23	-120.35
371.81	-79.27	-130.37
373.22	-80.38	-140.97
374.63	-80.69	-162.13
376.04	-81.53	162.41
377.46	-82.82	144.46
378.88	-83.70	-171.16
380.31	-83.73	-99.50
381.75	-82.75	-82.58
383.19	-81.26	-119.09
384.63	-80.30	-147.49
386.09	-81.46	-156.97
387.54	-86.46	-177.51
389.00	-92.11	159.16
390.47	-91.39	173.27
391.95	-86.16	-133.66
393.43	-85.55	-74.55
394.91	-88.82	-37.03
396.40	-87.26	-40.95
397.90	-81.47	-70.28
399.40	-79.11	-84.19
400.90	-80.18	-88.45
402.42	-79.72	-117.83
403.94	-79.13	-156.91
405.46	-82.85	-164.28
406.99	-87.19	-143.81
408.53	-85.57	-120.83
410.07	-80.17	-109.08
411.61	-75.99	-114.66
413.17	-74.52	-129.26
414.73	-75.60	-141.75
416.29	-76.82	-146.72
417.86	-76.41	-147.55
419.44	-75.27	-165.67
421.02	-74.52	162.13
422.61	-75.01	162.76
424.21	-76.44	-168.83
425.81	-77.29	-175.41
427.41	-77.20	153.45
429.03	-76.73	154.44
430.65	-77.02	169.82
432.27	-78.72	155.31
433.90	-79.56	100.75
435.54	-79.22	36.94
437.18	-83.63	66.29
438.83	-91.77	172.62
440.49	-93.00	-176.50
442.15	-87.83	121.96
443.82	-84.20	132.15
445.49	-82.46	167.31
447.18	-81.45	143.61
448.86	-84.21	89.09
450.56	-90.76	62.41
452.26	-95.68	127.88
453.96	-95.00	-123.87
455.68	-87.60	-81.42
457.40	-80.50	-97.60
459.12	-79.03	-131.91
460.85	-79.11	-155.40
462.59	-77.99	-166.72
464.34	-75.77	173.02
466.09	-75.23	143.61
467.85	-78.21	115.96
469.62	-81.41	104.22
471.39	-83.39	79.95
473.17	-85.12	-13.22
474.95	-85.10	-117.59
476.74	-82.62	-169.19
478.54	-81.14	160.98
480.35	-81.87	145.58
482.16	-83.29	158.28
483.98	-82.98	156.67
485.81	-81.64	119.22
487.64	-84.49	87.54
489.48	-88.25	106.07
491.33	-87.26	176.08
493.18	-83.90	-172.19
495.04	-81.05	146.76
496.91	-79.99	148.61
498.79	-78.90	132.54
500.67	-79.46	82.08
502.56	-86.82	84.75
504.45	-90.32	115.87
506.36	-84.97	121.04
508.27	-85.24	90.14
510.19	-85.89	96.87
512.11	-79.06	172.39
514.04	-74.85	-177.99
515.98	-75.87	135.19
517.93	-78.46	112.49
519.89	-78.80	122.17
521.85	-77.83	132.06
523.82	-77.63	118.05
525.79	-76.26	114.77
527.78	-74.15	109.28
529.77	-73.26	83.33
531.77	-74.50	74.18
533.78	-76.02	70.37
535.79	-76.63	53.82
537.81	-78.32	47.28
539.84	-79.93	71.66
541.88	-79.51	105.37
543.92	-76.86	93.78
545.98	-75.38	82.79
548.04	-75.93	85.71
550.10	-76.02	71.87
552.18	-73.88	64.86
554.26	-71.02	57.55
556.35	-69.75	34.65
558.45	-70.15	13.61
560.56	-72.05	-3.87
562.68	-73.75	-24.99
564.80	-74.88	-51.99
566.93	-82.48	-65.59
569.07	-86.91	-32.99
571.22	-81.71	24.05
573.37	-79.24	20.21
575.54	-78.34	0.03
577.71	-76.40	-23.32
579.89	-76.77	-46.24
582.08	-85.52	-9.71
584.27	-87.33	5.78
586.48	-82.75	-13.59
588.69	-83.05	-14.22
590.91	-83.41	-0.33
593.14	-82.86	14.89
595.38	-83.90	1.35
597.63	-85.70	-28.07
599.88	-82.50	-4.07
602.15	-80.13	-9.20
604.42	-84.23	-22.61
606.70	-87.98	-16.62
608.99	-82.95	-29.41
611.29	-88.19	7.43
613.59	-85.78	43.90
615.91	-81.72	30.70
618.23	-88.06	4.59
620.57	-78.76	21.32
622.91	-75.83	6.83
625.26	-77.64	-13.02
627.62	-78.71	-1.75
629.99	-78.93	20.87
632.36	-70.30	25.31
634.75	-64.75	-15.35
637.15	-65.82	-64.33
639.55	-68.66	-88.12
641.96	-71.09	-97.82
644.39	-74.97	-109.79
646.82	-77.09	-99.47
649.26	-79.32	-99.15
651.71	-77.71	-92.79
654.17	-75.72	-82.34
656.64	-77.47	-89.78
659.11	-76.62	-95.98
661.60	-76.53	-95.01
664.10	-74.68	-86.34
666.60	-70.70	-100.62
669.12	-69.38	-138.28
671.64	-72.98	-161.08
674.18	-75.84	-158.11
676.72	-73.51	-167.26
679.28	-74.29	161.87
681.84	-78.93	132.21
684.41	-82.30	150.02
687.00	-84.33	156.26
689.59	-86.79	-133.66
692.19	-85.54	-53.41
694.80	-79.70	-126.41
697.42	-78.41	-168.65
700.06	-82.31	178.68
702.70	-87.67	-171.47
705.35	-82.78	-146.03
708.01	-78.62	-158.14
710.68	-86.98	-174.14
713.36	-86.57	-137.11
716.06	-79.38	-108.40
718.76	-76.64	-133.36
721.47	-72.55	-170.04
724.19	-74.43	161.17
726.93	-75.36	152.11
729.67	-77.46	124.59
732.42	-79.26	102.87
735.19	-80.73	74.41
737.96	-83.41	-85.01
740.75	-77.60	-137.86
743.54	-74.86	177.13
746.35	-74.44	151.32
749.16	-77.57	101.01
751.99	-83.23	156.85
754.83	-79.57	161.06
757.68	-76.47	134.35
760.54	-81.88	101.31
763.41	-81.61	150.78
766.29	-76.70	172.58
769.18	-73.95	128.69
772.08	-77.32	99.12
774.99	-81.83	93.28
777.92	-78.40	117.46
780.85	-81.24	99.90
783.80	-82.28	97.02
786.76	-79.80	124.16
789.73	-76.24	86.60
792.71	-77.79	73.07
795.70	-86.35	64.11
798.70	-79.56	137.90
801.71	-77.71	107.60
804.74	-77.38	114.53
807.78	-79.09	112.79
810.83	-72.47	129.30
813.88	-68.89	93.57
816.96	-68.82	62.09
820.04	-71.42	52.19
823.13	-72.17	38.57
826.24	-74.91	22.22
829.36	-76.22	40.52
832.49	-74.94	49.71
835.63	-71.09	33.02
838.78	-73.27	13.47
841.95	-74.41	17.85
845.12	-77.29	-12.14
848.31	-78.09	28.53
851.51	-73.50	34.14
854.73	-71.42	-0.43
857.95	-71.40	-13.38
861.19	-71.93	-31.69
864.44	-73.71	-62.78
867.70	-84.31	-79.14
870.98	-78.72	-1.20
874.26	-75.99	-11.53
877.56	-73.79	-46.53
880.87	-73.63	-70.98
884.20	-94.11	-41.43
887.53	-76.84	-5.41
890.88	-76.13	-24.11
894.25	-73.31	-29.82
897.62	-72.21	-55.13
901.01	-74.27	-80.63
904.41	-75.57	-76.42
907.82	-72.47	-75.25
911.25	-74.29	-102.79
914.68	-73.91	-83.40
918.14	-74.18	-117.64
921.60	-77.38	-111.74
925.08	-74.76	-116.00
928.57	-77.02	-133.83
932.07	-77.12	-129.50
935.59	-79.47	-123.94
939.12	-75.80	-110.74
942.67	-75.53	-135.40
946.22	-75.45	-142.26
949.79	-76.45	-149.00
953.38	-75.69	-150.39
956.97	-74.59	-176.86
960.59	-73.26	179.13
964.21	-72.43	132.88
967.85	-81.75	111.92
971.50	-87.43	-169.73
975.17	-80.20	150.16
978.85	-84.10	167.67
982.54	-82.07	123.12
986.25	-84.12	120.62
989.97	-86.11	88.38
993.71	-82.28	30.75
997.46	-75.40	-69.94
1001.22	-80.75	-115.53
1005.00	-75.78	-82.88
1008.79	-71.96	-142.19
1012.60	-72.08	-173.84
1016.42	-72.20	164.53
1020.25	-73.67	152.29
1024.10	-74.96	137.39
1027.97	-73.37	120.20
1031.85	-79.27	118.32
1035.74	-77.93	155.63
1039.65	-72.92	147.45
1043.57	-72.88	98.42
1047.51	-74.65	86.59
1051.46	-73.97	79.78
1055.43	-77.02	66.35
1059.41	-81.81	50.27
1063.41	-80.10	80.84
1067.43	-79.46	27.69
1071.45	-88.48	-119.92
1075.50	-83.50	131.69
1079.55	-76.41	114.81
1083.63	-76.50	81.51
1087.72	-76.07	62.15
1091.82	-79.54	40.90
1095.94	-79.03	55.10
1100.08	-78.00	58.60
1104.23	-78.61	36.56
1108.40	-82.65	24.15
1112.58	-82.33	31.81
1116.78	-81.58	67.41
1120.99	-74.40	61.52
1125.22	-75.76	40.96
1129.47	-76.63	34.63
1133.73	-75.74	22.59
1138.01	-77.17	19.84
1142.30	-74.23	19.21
1146.61	-72.79	8.57
1150.94	-72.00	-4.48
1155.28	-70.74	-24.08
1159.64	-72.70	-51.96
1164.02	-75.90	-61.05
1168.41	-78.25	-59.09
1172.82	-81.66	-41.63
1177.25	-71.68	-14.15
1181.69	-71.30	-64.37
1186.15	-73.81	-77.78
1190.62	-74.92	-77.80
1195.12	-74.34	-71.37
1199.63	-74.43	-87.61
1204.15	-72.27	-89.01
1208.70	-69.41	-111.39
1213.26	-72.14	-150.70
1217.84	-80.20	-130.56
1222.43	-79.19	-131.28
1227.04	-78.48	-103.92
1231.67	-72.44	-113.43
1236.32	-71.99	-143.43
1240.99	-76.05	178.21
1245.67	-73.95	-160.65
1250.37	-78.55	-172.82
1255.09	-77.73	-150.40
1259.83	-75.35	-169.00
1264.58	-71.59	175.15
1269.35	-75.40	122.36
1274.14	-80.15	174.50
1278.95	-73.77	179.94
1283.78	-71.67	153.46
1288.62	-75.28	135.77
1293.48	-72.55	130.88
1298.36	-73.05	112.53
1303.26	-76.32	103.47
1308.18	-78.57	111.42
1313.12	-75.58	135.70
1318.07	-71.20	117.64
1323.05	-69.19	76.11
1328.04	-71.96	49.74
1333.05	-71.14	54.11
1338.08	-69.19	-11.27
1343.13	-79.33	-93.89
1348.20	-105.01	-12.11
1353.29	-85.12	103.11
1358.39	-78.98	90.45
1363.52	-78.91	64.21
1368.67	-74.28	53.89
1373.83	-75.49	20.22
1379.01	-78.11	-16.74
1384.22	-83.32	11.35
1389.44	-80.58	-2.90
1394.68	-81.41	35.75
1399.95	-79.72	10.81
1405.23	-81.12	13.04
1410.53	-77.48	21.40
1415.86	-74.33	-8.33
1421.20	-75.02	-22.50
1426.56	-74.90	-44.43
1431.94	-77.45	-55.71
1437.35	-79.65	-54.76
1442.77	-77.06	-53.10
1448.22	-76.96	-73.56
1453.68	-80.87	-92.22
1459.17	-79.78	-77.27
1464.67	-79.88	-84.05
1470.20	-79.27	-107.18
1475.75	-81.98	-137.73
1481.32	-88.05	-104.06
1486.91	-83.40	-67.20
1492.52	-81.88	-56.48
1498.15	-77.52	-78.72
1503.80	-73.23	-98.30
1509.48	-73.99	-136.46
1515.17	-74.97	-145.47
1520.89	-74.81	-162.77
1526.63	-73.51	-173.40
1532.39	-73.87	165.77
1538.17	-79.01	136.30
1543.98	-82.03	140.69
1549.81	-81.02	175.14
1555.65	-79.34	154.95
1561.52	-79.63	126.04
1567.42	-84.35	168.81
1573.33	-77.65	-179.35
1579.27	-71.86	141.28
1585.23	-74.80	96.24
1591.21	-79.48	104.28
1597.21	-78.26	95.30
1603.24	-78.41	78.42
1609.29	-80.53	103.97
1615.36	-79.08	86.56
1621.46	-78.03	62.83
1627.58	-77.91	67.11
1633.72	-78.77	39.62
1639.89	-81.44	40.83
1646.07	-81.79	10.45
1652.29	-87.25	36.89
1658.52	-81.58	63.75
1664.78	-77.33	54.76
1671.06	-75.68	45.71
1677.37	-77.70	19.13
1683.70	-79.43	7.20
1690.05	-74.40	44.24
1696.43	-72.27	-0.31
1702.83	-73.20	-30.58
1709.26	-78.38	-36.76
1715.70	-75.30	-31.98
1722.18	-76.82	-37.84
1728.68	-74.71	-51.71
1735.20	-71.96	-63.49
1741.75	-73.65	-87.48
1748.32	-75.85	-92.47
1754.92	-74.21	-103.72
1761.54	-74.88	-129.07
1768.19	-75.45	-123.66
1774.86	-75.68	-150.86
1781.56	-79.03	-106.58
1788.28	-75.33	-146.75
1795.03	-74.02	-170.09
1801.80	-75.67	160.16
1808.60	-75.62	-170.34
1815.43	-76.68	148.34
1822.28	-74.55	157.20
1829.15	-77.42	127.35
1836.06	-76.98	94.87
1842.99	-82.64	153.13
1849.94	-76.20	150.84
1856.92	-76.21	118.31
1863.93	-76.87	79.37
1870.96	-81.47	94.77
1878.02	-79.45	97.25
1885.11	-82.52	80.52
1892.22	-81.88	82.78
1899.36	-84.47	70.05
1906.53	-81.57	117.31
1913.72	-75.83	86.11
1920.95	-76.36	89.80
1928.19	-70.76	53.89
1935.47	-72.94	-2.07
1942.77	-78.48	-9.61
1950.11	-82.02	0.15
1957.46	-78.90	-17.37
1964.85	-79.74	20.70
1972.27	-75.48	-12.36
1979.71	-77.36	-50.34
1987.18	-77.28	-13.77
1994.68	-75.81	-44.88
2002.20	-74.87	-72.94
2009.76	-78.69	-85.54
2017.34	-78.58	-110.92
2024.96	-83.32	-79.12
2032.60	-78.80	-60.38
2040.27	-74.96	-91.21
2047.97	-74.72	-136.04
2055.70	-76.55	-164.54
2063.45	-83.00	-178.10
2071.24	-76.89	-134.26
2079.06	-78.52	137.94
2086.90	-78.91	-124.38
2094.78	-77.62	146.75
2102.68	-82.15	123.79
2110.62	-83.72	120.89
2118.58	-86.06	151.56
2126.57	-81.32	122.42
2134.60	-79.17	120.50
2142.65	-82.37	114.14
2150.74	-83.47	120.82
2158.86	-81.34	121.50
2167.00	-81.94	86.26
2175.18	-80.08	109.55
2183.39	-79.11	69.63
2191.63	-82.50	76.12
2199.90	-76.69	94.45
2208.20	-78.37	45.97
2216.53	-79.41	67.46
2224.90	-75.64	44.49
2233.29	-75.16	16.06
2241.72	-78.10	5.55
2250.18	-76.84	-15.37
2258.67	-79.49	-11.37
2267.19	-79.89	-25.79
2275.75	-79.74	-39.07
2284.34	-76.93	-46.80
2292.96	-77.03	-73.86
2301.61	-79.54	-96.75
2310.29	-80.52	-97.23
2319.01	-81.00	-95.64
2327.76	-77.71	-115.20
2336.55	-77.31	-114.30
2345.36	-75.37	-161.89
2354.21	-80.25	169.32
2363.10	-81.61	179.97
2372.02	-78.78	124.56
2380.97	-83.56	-159.65
2389.95	-83.47	133.38
2398.97	-85.16	172.17
2408.02	-80.99	146.39
2417.11	-79.37	127.93
2426.23	-80.85	87.26
2435.39	-87.11	100.05
2444.58	-87.33	131.31
2453.80	-80.79	132.10
2463.06	-78.35	92.42
2472.35	-79.96	87.08
2481.68	-79.04	72.42
2491.05	-79.75	52.74
2500.45	-75.80	54.45
2509.88	-78.45	35.04
2519.36	-76.41	18.58
2528.86	-80.15	7.55
2538.41	-75.75	-15.80
2547.98	-81.86	-44.57
2557.60	-76.93	-8.24
2567.25	-79.72	-58.26
2576.94	-76.79	-66.65
2586.66	-77.91	-70.73
2596.42	-78.24	-117.03
2606.22	-83.61	-95.44
2616.06	-81.05	-122.55
2625.93	-85.11	-114.66
2635.84	-80.09	-127.43
2645.78	-79.03	-139.13
2655.77	-74.82	-174.65
2665.79	-75.72	170.50
2675.85	-78.66	145.83
2685.95	-79.74	130.83
2696.08	-82.54	129.30
2706.26	-79.32	122.98
2716.47	-81.97	101.03
2726.72	-80.57	131.32
2737.01	-83.87	82.04
2747.34	-80.63	118.70
2757.70	-78.00	103.67
2768.11	-74.50	67.62
2778.56	-79.01	45.60
2789.04	-76.47	49.98
2799.57	-76.16	29.97
2810.13	-76.18	18.68
2820.73	-76.12	-5.30
2831.38	-74.44	-20.79
2842.06	-75.32	-50.24
2852.79	-77.13	-61.56
2863.55	-76.08	-80.30
2874.36	-76.34	-103.19
2885.21	-76.43	-135.64
2896.09	-82.00	-125.63
2907.02	-79.69	-130.15
2917.99	-77.02	-165.32
2929.00	-81.19	176.97
2940.06	-79.96	-176.60
2951.15	-79.22	176.04
2962.29	-78.38	150.35
2973.47	-82.25	138.70
2984.69	-82.04	153.24
2995.95	-78.24	127.53
3007.25	-77.62	100.84
3018.60	-78.24	74.03
3029.99	-77.54	94.59
3041.43	-75.77	65.09
3052.90	-76.97	43.73
3064.42	-76.28	24.39
3075.99	-80.39	10.99
3087.60	-77.07	15.31
3099.25	-77.97	-29.14
3110.94	-77.81	-15.22
3122.68	-77.34	-41.14
3134.47	-75.20	-47.06
3146.29	-76.11	-92.67
3158.17	-79.00	-91.56
3170.08	-78.48	-111.24
3182.05	-74.69	-132.08
3194.05	-77.08	-165.77
3206.11	-79.53	173.43
3218.21	-80.13	158.77
3230.35	-80.40	160.45
3242.54	-79.22	141.59
3254.77	-78.93	124.90
3267.06	-79.87	112.99
3279.39	-80.12	108.08
3291.76	-79.92	76.16
3304.18	-79.09	90.05
3316.65	-76.39	65.73
3329.17	-80.72	40.85
3341.73	-78.54	37.04
3354.34	-81.57	19.16
3367.00	-78.62	27.33
3379.70	-78.35	-7.09
3392.46	-78.47	-38.58
3405.26	-78.08	-36.78
3418.11	-77.18	-80.30
3431.01	-79.19	-71.39
3443.95	-78.38	-110.30
3456.95	-77.69	-128.34
3469.99	-78.99	-152.42
3483.09	-80.92	-163.38
3496.23	-79.41	178.04
3509.43	-79.22	155.56
3522.67	-82.87	146.93
3535.96	-78.41	134.27
3549.31	-82.79	130.06
3562.70	-80.90	103.35
3576.14	-78.61	101.18
3589.64	-78.71	86.16
3603.18	-78.94	65.10
3616.78	-79.55	60.59
3630.43	-77.10	27.36
3644.13	-79.70	-2.25
3657.88	-79.89	-4.96
3671.68	-82.40	-16.33
3685.54	-80.80	-30.69
3699.45	-83.06	-50.80
3713.41	-77.78	-58.47
3727.42	-79.26	-79.37
3741.49	-76.26	-103.35
3755.60	-79.62	-130.63
3769.78	-78.08	-145.04
3784.00	-77.71	-163.23
3798.28	-78.74	159.39
3812.61	-77.66	145.05
3827.00	-76.98	112.00
3841.44	-79.61	89.12
3855.94	-79.26	102.15
3870.49	-80.51	79.42
3885.09	-79.01	67.77
3899.75	-79.52	78.35
3914.47	-77.19	38.98
3929.24	-79.04	34.77
3944.07	-79.48	16.58
3958.95	-76.42	0.48
3973.89	-75.34	-40.52
3988.89	-77.81	-58.02
4003.94	-78.35	-88.87
4019.05	-76.94	-99.72
4034.22	-81.76	-145.28
4049.44	-79.92	-132.18
4064.72	-78.30	-157.08
4080.06	-78.60	-176.86
4095.46	-77.39	169.79
4110.91	-76.15	147.10
4126.42	-75.81	114.80
4141.99	-75.41	105.15
4157.62	-74.63	80.23
4173.31	-74.96	49.34
4189.06	-77.39	35.12
4204.87	-77.49	20.62
4220.74	-76.06	5.05
4236.66	-78.05	-23.12
4252.65	-78.75	-25.66
4268.70	-77.94	-38.78
4284.81	-77.52	-37.81
4300.98	-75.80	-81.08
4317.21	-75.68	-95.23
4333.50	-73.94	-121.85
4349.85	-71.33	-163.55
4366.26	-74.00	163.13
4382.74	-74.81	145.16
4399.28	-72.36	132.65
4415.88	-73.01	99.90
4432.54	-74.16	84.04
4449.27	-74.81	72.84
4466.06	-73.38	45.05
4482.91	-74.39	36.80
4499.83	-72.66	9.60
4516.81	-71.35	-17.22
4533.85	-72.41	-56.14
4550.96	-75.34	-73.98
4568.14	-72.82	-86.31
4585.37	-73.54	-116.14
4602.68	-71.91	-147.53
4620.05	-75.22	-178.25
4637.48	-75.28	168.63
4654.98	-73.97	153.48
4672.55	-73.81	129.93
4690.18	-73.40	122.02
4707.88	-70.79	90.03
4725.64	-72.40	59.87
4743.48	-70.86	39.15
4761.38	-71.26	2.15
4779.34	-73.10	-28.61
4797.38	-75.10	-40.34
4815.48	-75.40	-56.49
4833.65	-75.43	-87.49
4851.89	-76.43	-93.28
4870.20	-74.70	-112.88
4888.58	-72.73	-139.42
4907.03	-72.09	-171.41
4925.54	-70.83	162.21
4944.13	-69.87	128.49
4962.79	-71.07	101.08
4981.52	-70.86	70.58
5000.31	-71.04	59.40
5019.18	-71.56	12.32
5038.12	-75.90	-6.23
5057.14	-74.82	-5.40
5076.22	-74.59	-32.29
5095.37	-76.53	-44.88
5114.60	-71.40	-71.48
5133.90	-73.85	-114.22
5153.27	-72.05	-140.29
5172.72	-72.71	-171.59
5192.24	-73.50	172.10
5211.83	-72.75	147.01
5231.50	-72.32	134.34
5251.24	-69.23	106.49
5271.06	-69.40	65.97
5290.95	-69.28	43.90
5310.91	-69.48	11.67
5330.96	-69.21	-19.88
5351.07	-69.71	-53.03
5371.27	-72.61	-94.70
5391.53	-73.77	-118.79
5411.88	-76.25	-129.30
5432.30	-75.22	-142.74
5452.80	-74.58	-159.48
5473.38	-71.45	171.00
5494.03	-70.58	137.39
5514.76	-70.31	100.74
5535.57	-71.38	75.63
5556.46	-70.60	42.53
5577.43	-72.93	21.36
5598.48	-72.96	-2.53
5619.60	-72.89	-28.19
5640.81	-72.79	-49.76
5662.10	-70.73	-85.01
5683.46	-72.03	-113.74
5704.91	-73.49	-161.19
5726.44	-71.25	-178.40
5748.05	-73.18	141.84
5769.74	-75.49	119.67
5791.51	-74.44	110.02
5813.36	-72.72	78.59
5835.30	-71.10	50.51
5857.32	-72.45	10.57
5879.42	-75.98	-0.18
5901.61	-74.21	-24.41
5923.88	-72.43	-56.25
5946.23	-76.06	-96.96
5968.67	-74.53	-114.50
5991.20	-75.43	-158.67
6013.80	-76.22	-173.48
6036.50	-73.00	170.35
6059.28	-73.03	141.26
6082.14	-69.44	103.15
6105.09	-70.33	61.37
6128.13	-71.05	25.42
6151.26	-72.95	3.52
6174.47	-74.07	-26.00
6197.77	-75.24	-40.48
6221.16	-73.34	-72.83
6244.63	-73.62	-97.35
6268.20	-69.17	-134.98
6291.85	-70.49	168.92
6315.59	-74.28	137.36
6339.42	-74.68	130.63
6363.35	-72.92	109.15
6387.36	-71.32	73.83
6411.46	-70.88	51.06
6435.66	-70.26	17.50
6459.94	-68.99	-24.02
6484.32	-71.54	-62.47
6508.79	-71.18	-95.25
6533.35	-72.18	-141.48
6558.00	-75.71	-159.37
6582.75	-72.60	-175.78
6607.59	-71.89	158.37
6632.53	-69.54	128.47
6657.55	-69.52	81.16
6682.68	-69.68	53.63
6707.90	-69.53	24.11
6733.21	-69.48	-9.03
6758.62	-69.18	-48.37
6784.12	-70.63	-78.33
6809.72	-69.94	-109.04
6835.42	-69.36	-140.02
6861.21	-68.40	-176.29
6887.10	-67.57	144.32
6913.09	-68.61	110.20
6939.18	-67.84	78.26
6965.36	-69.29	53.54
6991.65	-66.66	27.46
7018.03	-66.26	-10.80
7044.51	-65.23	-51.08
7071.10	-65.42	-97.63
7097.78	-67.32	-139.32
7124.56	-65.69	-165.14
7151.45	-66.46	161.41
7178.44	-63.85	131.02
7205.52	-63.55	91.68
7232.71	-62.25	49.72
7260.01	-62.31	9.63
7287.40	-62.76	-31.73
7314.90	-62.35	-78.26
7342.51	-63.83	-109.97
7370.21	-62.52	-158.57
7398.03	-63.47	167.54
7425.94	-62.47	126.76
7453.97	-63.94	83.67
7482.09	-64.62	45.16
7510.33	-65.79	17.29
7538.67	-64.26	-10.67
7567.12	-65.03	-50.53
7595.67	-63.26	-97.61
7624.33	-63.68	-145.61
7653.10	-64.55	172.29
7681.98	-65.78	135.25
7710.97	-65.67	101.83
7740.07	-66.59	68.64
7769.28	-64.91	38.12
7798.60	-65.61	-16.66
7828.02	-66.40	-46.02
7857.56	-66.76	-88.27
7887.21	-68.08	-131.35
7916.98	-67.75	-166.81
7946.85	-66.79	160.93
7976.84	-64.94	107.73
8006.94	-67.05	68.98
8037.16	-67.17	23.61
8067.49	-70.12	-6.03
8097.93	-68.51	-20.99
8128.49	-67.95	-72.78
8159.16	-67.30	-124.74
8189.95	-67.97	-156.30
8220.86	-67.64	157.29
8251.88	-66.57	120.07
8283.02	-66.44	66.16
8314.27	-68.71	32.44
8345.65	-68.40	-6.67
8377.14	-70.35	-53.39
8408.75	-71.73	-81.12
8440.48	-69.14	-117.80
8472.33	-69.48	-166.23
8504.30	-68.57	151.25
8536.40	-69.54	113.66
8568.61	-67.52	74.65
8600.94	-68.98	30.20
8633.40	-68.46	-14.06
8665.98	-69.49	-49.05
8698.68	-69.41	-94.41
8731.51	-69.41	-129.64
8764.46	-68.16	-177.90
8797.53	-66.24	138.32
8830.73	-66.15	83.37
8864.05	-66.99	45.45
8897.50	-68.29	1.31
8931.07	-69.14	-39.83
8964.78	-68.84	-74.78
8998.61	-67.24	-120.58
9032.56	-67.68	179.10
9066.65	-67.19	137.93
9100.86	-66.39	96.06
9135.20	-67.12	45.14
9169.68	-65.94	-0.68
9204.28	-67.68	-46.74
9239.01	-68.27	-99.61
9273.88	-68.47	-145.92
9308.87	-68.01	177.10
9344.00	-66.97	130.08
9379.26	-67.62	78.14
9414.65	-66.33	36.25
9450.18	-67.44	-12.36
9485.84	-68.25	-60.30
9521.64	-68.76	-107.74
9557.57	-67.74	-162.30
9593.64	-68.06	137.53
9629.84	-69.50	102.04
9666.18	-68.71	53.77
9702.65	-68.99	16.53
9739.27	-69.02	-38.91
9776.02	-70.65	-92.91
9812.91	-71.82	-148.63
9849.94	-71.90	156.37
9887.11	-73.32	117.91
9924.42	-72.65	77.46
9961.87	-72.69	39.58
9999.46	-72.27	-2.88
10037.19	-75.03	-63.95
10075.07	-76.68	-106.50
10113.09	-75.32	-135.58
10151.25	-72.81	167.44
10189.55	-72.69	112.91
10228.01	-72.97	72.22
10266.60	-72.79	38.81
10305.34	-70.36	-8.87
10344.23	-70.66	-71.82
10383.27	-71.47	-136.04
10422.45	-71.55	-178.57
10461.78	-70.44	128.95
10501.26	-69.07	86.48
10540.88	-67.87	32.32
10580.66	-68.62	-29.94
10620.59	-69.05	-90.17
10660.66	-70.66	-140.63
10700.89	-69.46	164.80
10741.27	-68.56	107.50
10781.81	-69.43	59.39
10822.49	-69.16	5.99
10863.33	-70.41	-43.88
10904.33	-69.95	-100.98
10945.47	-70.52	-166.54
10986.78	-70.55	138.39
11028.24	-70.63	93.22
11069.85	-70.02	38.33
11111.63	-70.22	-13.45
11153.56	-70.98	-70.35
11195.64	-71.89	-129.31
11237.89	-71.84	174.20
11280.30	-70.22	118.88
11322.87	-69.96	62.66
11365.59	-71.80	4.15
11408.48	-73.10	-37.06
11451.53	-72.65	-96.57
11494.75	-71.96	-168.96
11538.12	-72.72	128.88
11581.66	-72.48	77.45
11625.37	-73.54	45.24
11669.24	-71.45	-8.60
11713.27	-72.74	-85.93
11757.47	-74.24	-151.26
11801.84	-73.70	158.86
11846.37	-72.79	102.31
11891.08	-72.07	53.38
11935.95	-73.02	-5.86
11980.99	-74.31	-53.10
12026.20	-73.86	-124.63
12071.58	-72.57	166.42
12117.14	-71.45	104.49
12162.86	-73.35	50.59
12208.76	-74.34	4.38
12254.83	-74.58	-57.07
12301.07	-74.87	-132.32
12347.49	-74.55	160.60
12394.08	-73.80	103.89
12440.85	-73.54	50.57
12487.80	-74.58	-8.60
12534.92	-77.74	-69.22
12582.23	-78.40	-119.43
12629.71	-77.06	174.08
12677.37	-73.89	105.99
12725.20	-74.67	49.55
12773.22	-74.79	6.77
12821.42	-75.85	-52.96
12869.81	-75.17	-130.73
12918.37	-74.22	150.40
12967.12	-73.07	100.56
13016.05	-72.16	36.73
13065.17	-73.66	-24.48
13114.47	-76.07	-100.31
13163.96	-74.82	-165.01
13213.64	-72.78	127.39
13263.50	-72.33	61.98
13313.55	-74.31	0.93
13363.79	-76.12	-60.39
13414.22	-75.99	-136.42
13464.84	-76.80	146.57
13515.65	-74.72	100.25
13566.65	-74.45	39.15
13617.84	-75.17	-22.91
13669.23	-77.75	-105.55
13720.81	-77.74	-175.88
13772.59	-75.62	126.96
13824.56	-73.67	61.38
13876.73	-75.41	-1.39
13929.09	-76.61	-59.97
13981.66	-76.12	-141.38
14034.42	-75.57	134.34
14087.38	-74.34	72.52
14140.54	-74.42	21.76
14193.90	-77.02	-46.53
14247.46	-77.03	-130.95
14301.22	-75.64	144.58
14355.19	-75.08	87.71
14409.36	-74.04	36.20
14463.73	-74.21	-42.54
14518.31	-75.89	-119.93
14573.10	-74.68	157.29
14628.09	-73.76	91.57
14683.29	-72.84	26.23
14738.70	-75.43	-51.33
14794.32	-75.80	-132.53
14850.15	-75.76	138.97
14906.18	-73.99	74.90
14962.43	-74.65	11.68
15018.90	-77.02	-62.00
15075.57	-78.69	-154.39
15132.46	-77.90	132.71
15189.56	-75.15	74.52
15246.88	-76.28	10.79
15304.42	-79.26	-67.03
15362.17	-79.41	-147.26
15420.14	-75.99	129.46
15478.33	-75.72	62.33
15536.74	-76.86	1.82
15595.37	-77.41	-87.28
15654.22	-78.24	178.52
15713.29	-76.38	106.83
15772.58	-74.83	44.45
15832.10	-77.54	-35.95
15891.85	-80.81	-121.90
15951.81	-78.36	143.40
16012.01	-76.23	74.05
16072.43	-78.60	16.50
16133.08	-79.69	-43.08
16193.96	-79.51	-143.36
16255.07	-77.48	115.79
16316.41	-76.05	62.06
16377.98	-76.73	-14.87
16439.79	-80.11	-104.96
16501.82	-78.53	153.74
16564.09	-75.74	80.00
16626.60	-76.76	12.49
16689.34	-79.89	-58.34
16752.32	-78.64	-173.88
16815.54	-77.29	103.55
16878.99	-77.34	42.54
16942.69	-78.71	-21.92
17006.62	-81.59	-123.82
17070.79	-77.08	139.63
17135.21	-75.88	62.61
17199.87	-77.09	0.30
17264.78	-78.30	-90.29
17329.93	-76.62	154.99
17395.32	-75.62	71.72
17460.97	-76.06	6.85
17526.86	-78.62	-91.82
17593.00	-78.37	163.68
17659.38	-76.43	81.91
17726.02	-77.41	10.57
17792.91	-80.24	-71.64
17860.06	-78.82	174.94
17927.45	-75.77	86.82
17995.10	-76.76	18.87
18063.01	-79.97	-66.55
18131.17	-78.37	169.84
18199.59	-77.07	82.65
18268.27	-77.44	11.51
18337.21	-81.89	-82.87
18406.40	-81.44	154.54
18475.86	-78.17	79.95
18545.58	-79.67	7.80
18615.56	-83.85	-67.63
18685.81	-82.29	153.17
18756.32	-78.74	80.26
18827.10	-79.43	16.35
18898.15	-82.67	-83.59
18969.46	-80.54	136.99
19041.04	-78.67	60.21
19112.90	-81.18	-9.40
19185.02	-85.79	-137.35
19257.42	-81.82	117.95
19330.09	-79.68	48.43
19403.03	-84.33	-7.42
19476.25	-89.81	-79.77
19549.74	-83.26	92.46
19623.51	-80.54	48.02
19697.56	-85.18	-3.16
19771.89	-87.58	110.35
19846.51	-80.78	97.32
19921.40	-49.45	110.71
19996.57	-82.82	126.27
20072.03	-86.95	158.70
20147.78	-81.38	79.02
20223.80	-81.98	31.42
20300.12	-88.43	-61.03
20376.72	-83.63	123.65
20453.62	-79.85	61.59
20530.80	-83.11	-11.43
20608.28	-86.97	-162.15
20686.04	-80.69	88.65
20764.10	-80.95	29.80
20842.46	-86.00	135.28
20921.11	-83.91	139.36
21000.06	-79.60	58.37
21079.30	-82.72	-9.23
21158.85	-86.10	93.75
21238.69	-79.92	82.09
21318.84	-80.97	15.64
21399.29	-86.23	-118.08
21480.04	-80.41	109.51
21561.09	-80.22	36.02
21642.46	-84.65	-50.90
21724.12	-83.37	120.58
21806.10	-80.29	46.46
21888.39	-85.62	-33.55
21970.99	-86.34	11.33
22053.89	-81.82	54.43
22137.12	-85.75	15.82
22220.65	-86.90	74.99
22304.50	-82.87	57.50
