Freq[Hz]	[dBV]	Phase[Deg]
10.00	-40.95	-9.61
10.04	-40.94	-7.56
10.08	-40.93	-5.48
10.11	-40.92	-3.36
10.15	-40.91	-1.21
10.19	-40.90	0.97
10.23	-40.89	3.18
10.27	-40.88	5.42
10.31	-40.88	7.68
10.34	-40.87	9.97
10.38	-40.87	12.28
10.42	-40.87	14.62
10.46	-40.87	16.97
10.50	-40.87	19.34
10.54	-40.87	21.73
10.58	-40.88	24.12
10.62	-40.89	26.53
10.66	-40.90	28.95
10.70	-40.91	31.38
10.74	-40.93	33.81
10.78	-40.94	36.24
10.82	-40.96	38.67
10.86	-40.99	41.10
10.90	-41.01	43.52
10.95	-41.04	45.94
10.99	-41.07	48.34
11.03	-41.11	50.74
11.07	-41.15	53.12
11.11	-41.19	55.48
11.15	-41.24	57.81
11.20	-41.29	60.13
11.24	-41.35	62.42
11.28	-41.41	64.68
11.32	-41.47	66.91
11.37	-41.54	69.10
11.41	-41.62	71.25
11.45	-41.70	73.36
11.50	-41.78	75.43
11.54	-41.87	77.45
11.58	-41.97	79.41
11.63	-42.07	81.32
11.67	-42.18	83.17
11.71	-42.29	84.96
11.76	-42.41	86.68
11.80	-42.54	88.34
11.85	-42.67	89.93
11.89	-42.81	91.45
11.94	-42.95	92.91
11.98	-43.10	94.30
12.03	-43.26	95.63
12.07	-43.42	96.89
12.12	-43.59	98.08
12.16	-43.76	99.21
12.21	-43.94	100.28
12.26	-44.13	101.28
12.30	-44.31	102.22
12.35	-44.51	103.10
12.39	-44.70	103.91
12.44	-44.91	104.66
12.49	-45.11	105.35
12.54	-45.32	105.98
12.58	-45.53	106.54
12.63	-45.75	107.05
12.68	-45.97	107.49
12.73	-46.20	107.88
12.77	-46.43	108.20
12.82	-46.66	108.47
12.87	-46.89	108.68
12.92	-47.12	108.83
12.97	-47.36	108.93
13.02	-47.60	108.97
13.07	-47.84	108.95
13.12	-48.08	108.88
13.16	-48.33	108.75
13.21	-48.57	108.58
13.26	-48.82	108.35
13.31	-49.07	108.07
13.36	-49.31	107.73
13.41	-49.56	107.35
13.47	-49.81	106.92
13.52	-50.05	106.44
13.57	-50.30	105.92
13.62	-50.54	105.35
13.67	-50.78	104.73
13.72	-51.02	104.07
13.77	-51.26	103.37
13.83	-51.50	102.62
13.88	-51.73	101.83
13.93	-51.96	101.01
13.98	-52.19	100.15
14.04	-52.41	99.24
14.09	-52.63	98.31
14.14	-52.84	97.34
14.19	-53.05	96.33
14.25	-53.26	95.30
14.30	-53.45	94.23
14.36	-53.65	93.14
14.41	-53.83	92.01
14.46	-54.01	90.86
14.52	-54.18	89.69
14.57	-54.35	88.50
14.63	-54.50	87.28
14.68	-54.65	86.04
14.74	-54.79	84.79
14.80	-54.92	83.52
14.85	-55.04	82.24
14.91	-55.15	80.95
14.96	-55.25	79.65
15.02	-55.35	78.34
15.08	-55.44	77.03
15.13	-55.52	75.72
15.19	-55.59	74.41
15.25	-55.65	73.11
15.31	-55.71	71.82
15.36	-55.76	70.53
15.42	-55.80	69.26
15.48	-55.83	68.01
15.54	-55.86	66.77
15.60	-55.88	65.56
15.66	-55.89	64.37
15.71	-55.89	63.21
15.77	-55.89	62.08
15.83	-55.89	60.99
15.89	-55.87	59.94
15.95	-55.85	58.93
16.01	-55.83	57.96
16.07	-55.80	57.05
16.13	-55.76	56.19
16.19	-55.72	55.38
16.26	-55.67	54.64
16.32	-55.62	53.96
16.38	-55.56	53.35
16.44	-55.50	52.81
16.50	-55.44	52.35
16.56	-55.37	51.97
16.63	-55.29	51.68
16.69	-55.21	51.48
16.75	-55.13	51.37
16.82	-55.05	51.36
16.88	-54.96	51.46
16.94	-54.87	51.66
17.01	-54.78	51.98
17.07	-54.69	52.42
17.14	-54.59	52.98
17.20	-54.49	53.67
17.27	-54.40	54.49
17.33	-54.30	55.46
17.40	-54.20	56.57
17.46	-54.10	57.83
17.53	-54.00	59.25
17.59	-53.90	60.83
17.66	-53.80	62.57
17.73	-53.70	64.48
17.79	-53.60	66.54
17.86	-53.50	68.76
17.93	-53.41	71.12
18.00	-53.32	73.63
18.06	-53.23	76.27
18.13	-53.14	79.05
18.20	-53.06	81.96
18.27	-52.98	84.99
18.34	-52.90	88.14
18.41	-52.83	91.40
18.48	-52.76	94.77
18.55	-52.70	98.24
18.62	-52.64	101.80
18.69	-52.59	105.45
18.76	-52.55	109.19
18.83	-52.51	113.00
18.90	-52.48	116.87
18.97	-52.45	120.81
19.04	-52.44	124.81
19.11	-52.43	128.86
19.19	-52.43	132.94
19.26	-52.44	137.06
19.33	-52.46	141.21
19.40	-52.49	145.37
19.48	-52.53	149.54
19.55	-52.58	153.72
19.62	-52.65	157.89
19.70	-52.72	162.04
19.77	-52.81	166.17
19.85	-52.91	170.27
19.92	-53.03	174.33
20.00	-53.16	178.34
20.07	-53.30	-177.71
20.15	-53.46	-173.84
20.22	-53.64	-170.04
20.30	-53.83	-166.33
20.38	-54.04	-162.73
20.45	-54.27	-159.23
20.53	-54.52	-155.86
20.61	-54.78	-152.61
20.69	-55.07	-149.50
20.77	-55.37	-146.51
20.84	-55.69	-143.66
20.92	-56.02	-140.94
21.00	-56.37	-138.35
21.08	-56.73	-135.89
21.16	-57.10	-133.56
21.24	-57.48	-131.37
21.32	-57.88	-129.31
21.40	-58.28	-127.39
21.48	-58.69	-125.59
21.56	-59.11	-123.94
21.64	-59.54	-122.42
21.73	-59.97	-121.03
21.81	-60.40	-119.78
21.89	-60.84	-118.66
21.97	-61.28	-117.68
22.06	-61.71	-116.84
22.14	-62.15	-116.14
22.22	-62.58	-115.57
22.31	-63.01	-115.14
22.39	-63.44	-114.84
22.47	-63.86	-114.68
22.56	-64.27	-114.66
22.64	-64.67	-114.78
22.73	-65.05	-115.04
22.82	-65.43	-115.43
22.90	-65.79	-115.97
22.99	-66.14	-116.64
23.07	-66.46	-117.45
23.16	-66.77	-118.40
23.25	-67.06	-119.48
23.34	-67.32	-120.71
23.43	-67.56	-122.07
23.51	-67.78	-123.57
23.60	-67.97	-125.20
23.69	-68.13	-126.94
23.78	-68.27	-128.79
23.87	-68.38	-130.73
23.96	-68.48	-132.75
24.05	-68.55	-134.84
24.14	-68.60	-136.98
24.23	-68.63	-139.15
24.32	-68.65	-141.35
24.42	-68.64	-143.56
24.51	-68.62	-145.77
24.60	-68.59	-147.95
24.69	-68.53	-150.10
24.79	-68.47	-152.20
24.88	-68.40	-154.23
24.97	-68.31	-156.18
25.07	-68.22	-158.03
25.16	-68.11	-159.76
25.26	-68.00	-161.35
25.35	-67.89	-162.79
25.45	-67.77	-164.06
25.54	-67.64	-165.14
25.64	-67.52	-166.01
25.74	-67.39	-166.65
25.84	-67.27	-167.05
25.93	-67.15	-167.17
26.03	-67.03	-167.00
26.13	-66.93	-166.52
26.23	-66.82	-165.71
26.33	-66.73	-164.55
26.43	-66.65	-163.01
26.53	-66.58	-161.09
26.63	-66.52	-158.80
26.73	-66.48	-156.16
26.83	-66.44	-153.19
26.93	-66.42	-149.89
27.03	-66.40	-146.28
27.13	-66.39	-142.39
27.23	-66.40	-138.21
27.34	-66.41	-133.78
27.44	-66.43	-129.10
27.54	-66.46	-124.20
27.65	-66.50	-119.08
27.75	-66.54	-113.78
27.86	-66.60	-108.30
27.96	-66.66	-102.67
28.07	-66.72	-96.91
28.17	-66.79	-91.03
28.28	-66.87	-85.05
28.39	-66.95	-79.00
28.49	-67.04	-72.90
28.60	-67.13	-66.76
28.71	-67.22	-60.62
28.82	-67.32	-54.49
28.93	-67.41	-48.39
29.03	-67.52	-42.36
29.14	-67.62	-36.41
29.25	-67.72	-30.57
29.36	-67.82	-24.86
29.48	-67.93	-19.29
29.59	-68.03	-13.87
29.70	-68.13	-8.58
29.81	-68.24	-3.42
29.92	-68.34	1.60
30.04	-68.44	6.49
30.15	-68.55	11.26
30.26	-68.65	15.90
30.38	-68.75	20.42
30.49	-68.85	24.83
30.61	-68.95	29.12
30.72	-69.05	33.30
30.84	-69.15	37.37
30.95	-69.25	41.34
31.07	-69.34	45.21
31.19	-69.44	48.99
31.31	-69.53	52.67
31.42	-69.63	56.26
31.54	-69.72	59.77
31.66	-69.81	63.20
31.78	-69.90	66.55
31.90	-69.98	69.83
32.02	-70.07	73.04
32.14	-70.15	76.20
32.26	-70.23	79.29
32.39	-70.31	82.33
32.51	-70.39	85.32
32.63	-70.46	88.27
32.75	-70.54	91.17
32.88	-70.61	94.05
33.00	-70.68	96.89
33.13	-70.74	99.71
33.25	-70.81	102.50
33.38	-70.87	105.28
33.50	-70.92	108.05
33.63	-70.98	110.82
33.76	-71.03	113.59
33.88	-71.08	116.36
34.01	-71.13	119.15
34.14	-71.17	121.95
34.27	-71.21	124.78
34.40	-71.25	127.64
34.53	-71.28	130.53
34.66	-71.32	133.47
34.79	-71.34	136.46
34.92	-71.37	139.50
35.05	-71.39	142.61
35.18	-71.40	145.79
35.32	-71.42	149.04
35.45	-71.43	152.36
35.58	-71.44	155.74
35.72	-71.44	159.17
35.85	-71.45	162.65
35.99	-71.46	166.17
36.12	-71.47	169.72
36.26	-71.48	173.29
36.40	-71.50	176.88
36.53	-71.52	-179.52
36.67	-71.54	-175.92
36.81	-71.58	-172.34
36.95	-71.62	-168.77
37.09	-71.67	-165.22
37.23	-71.73	-161.72
37.37	-71.80	-158.26
37.51	-71.88	-154.85
37.65	-71.98	-151.51
37.79	-72.09	-148.24
37.94	-72.22	-145.06
38.08	-72.36	-141.97
38.22	-72.52	-138.98
38.37	-72.70	-136.08
38.51	-72.89	-133.26
38.66	-73.09	-130.48
38.80	-73.30	-127.74
38.95	-73.50	-125.01
39.10	-73.71	-122.27
39.24	-73.92	-119.50
39.39	-74.12	-116.69
39.54	-74.31	-113.81
39.69	-74.48	-110.83
39.84	-74.64	-107.74
39.99	-74.78	-104.51
40.14	-74.89	-101.12
40.29	-74.97	-97.55
40.45	-75.02	-93.77
40.60	-75.03	-89.75
40.75	-75.00	-85.47
40.90	-74.92	-80.91
41.06	-74.80	-76.03
41.21	-74.62	-70.83
41.37	-74.39	-65.32
41.53	-74.13	-59.51
41.68	-73.82	-53.43
41.84	-73.48	-47.08
42.00	-73.12	-40.50
42.16	-72.73	-33.69
42.32	-72.32	-26.67
42.47	-71.90	-19.48
42.63	-71.48	-12.11
42.80	-71.05	-4.61
42.96	-70.63	3.02
43.12	-70.22	10.76
43.28	-69.83	18.57
43.45	-69.46	26.44
43.61	-69.12	34.35
43.77	-68.81	42.27
43.94	-68.55	50.17
44.10	-68.34	58.04
44.27	-68.16	65.85
44.44	-68.03	73.58
44.61	-67.94	81.21
44.77	-67.87	88.71
44.94	-67.83	96.06
45.11	-67.81	103.23
45.28	-67.79	110.21
45.45	-67.79	116.96
45.63	-67.79	123.46
45.80	-67.79	129.69
45.97	-67.77	135.61
46.14	-67.74	141.20
46.32	-67.68	146.42
46.49	-67.60	151.27
46.67	-67.48	155.69
46.84	-67.32	159.67
47.02	-67.11	163.17
47.20	-66.86	166.25
47.38	-66.58	168.96
47.56	-66.28	171.37
47.74	-65.98	173.54
47.92	-65.69	175.55
48.10	-65.43	177.47
48.28	-65.20	179.35
48.46	-65.03	-178.71
48.64	-64.92	-176.64
48.83	-64.89	-174.38
49.01	-64.96	-171.84
49.20	-65.14	-168.93
49.38	-65.45	-165.58
49.57	-65.90	-161.71
49.75	-66.52	-157.22
49.94	-67.30	-152.06
50.13	-68.25	-146.29
50.32	-69.32	-140.09
50.51	-70.49	-133.63
50.70	-71.72	-127.10
50.89	-72.98	-120.67
51.08	-74.24	-114.53
51.28	-75.46	-108.88
51.47	-76.60	-103.90
51.66	-77.63	-99.80
51.86	-78.51	-96.77
52.05	-79.20	-95.04
52.25	-79.67	-94.80
52.45	-79.87	-96.29
52.65	-79.76	-99.71
52.85	-79.30	-105.29
53.04	-78.50	-112.97
53.24	-77.40	-122.47
53.45	-76.05	-133.50
53.65	-74.48	-145.75
53.85	-72.75	-158.92
54.05	-70.91	-172.68
54.26	-69.00	173.29
54.46	-67.08	159.31
54.67	-65.20	145.73
54.87	-63.40	132.90
55.08	-61.75	121.17
55.29	-60.30	110.91
55.50	-59.10	102.47
55.71	-58.22	96.25
55.92	-57.68	92.43
56.13	-57.46	90.75
56.34	-57.52	90.88
56.55	-57.81	92.50
56.77	-58.32	95.26
56.98	-58.98	98.82
57.19	-59.77	102.81
57.41	-60.64	106.88
57.63	-61.55	110.65
57.84	-62.45	113.75
58.06	-63.31	115.77
58.28	-64.07	116.32
58.50	-64.69	115.00
58.72	-65.13	111.41
58.94	-65.37	105.55
59.17	-65.45	97.73
59.39	-65.38	88.28
59.61	-65.19	77.56
59.84	-64.92	65.89
60.06	-64.58	53.65
60.29	-64.21	41.19
60.52	-63.83	28.90
60.75	-63.48	17.14
60.98	-63.18	6.31
61.21	-62.96	-3.19
61.44	-62.87	-10.95
61.67	-62.92	-16.58
61.90	-63.11	-19.99
62.14	-63.42	-21.32
62.37	-63.83	-20.70
62.61	-64.31	-18.29
62.84	-64.83	-14.22
63.08	-65.36	-8.66
63.32	-65.87	-1.75
63.56	-66.35	6.33
63.80	-66.75	15.43
64.04	-67.05	25.38
64.28	-67.22	36.00
64.52	-67.22	47.13
64.76	-67.05	58.56
65.01	-66.75	70.07
65.25	-66.35	81.42
65.50	-65.90	92.36
65.75	-65.45	102.64
66.00	-65.03	112.02
66.24	-64.70	120.24
66.49	-64.50	127.02
66.75	-64.47	132.10
67.00	-64.68	135.19
67.25	-65.16	136.03
67.50	-65.96	134.32
67.76	-67.08	130.10
68.01	-68.44	123.73
68.27	-69.95	115.59
68.53	-71.52	106.07
68.79	-73.07	95.59
69.05	-74.51	84.55
69.31	-75.75	73.37
69.57	-76.68	62.49
69.83	-77.23	52.35
70.09	-77.28	43.40
70.36	-76.74	36.10
70.62	-75.56	30.72
70.89	-73.85	27.02
71.16	-71.72	24.71
71.43	-69.29	23.46
71.70	-66.70	22.95
71.97	-64.07	22.86
72.24	-61.53	22.84
72.51	-59.22	22.56
72.79	-57.28	21.66
73.06	-55.85	19.77
73.34	-55.07	16.55
73.61	-54.99	11.85
73.89	-55.51	5.93
74.17	-56.52	-0.92
74.45	-57.90	-8.42
74.73	-59.54	-16.26
75.01	-61.32	-24.14
75.29	-63.10	-31.73
75.58	-64.78	-38.74
75.86	-66.20	-44.81
76.15	-67.25	-49.62
76.44	-67.82	-52.90
76.73	-67.93	-54.74
77.02	-67.66	-55.35
77.31	-67.09	-54.94
77.60	-66.30	-53.75
77.89	-65.35	-51.98
78.18	-64.35	-49.88
78.48	-63.36	-47.67
78.78	-62.48	-45.61
79.07	-61.79	-43.93
79.37	-61.37	-42.86
79.67	-61.22	-42.40
79.97	-61.32	-42.50
80.27	-61.63	-43.10
80.58	-62.13	-44.14
80.88	-62.79	-45.57
81.19	-63.59	-47.32
81.49	-64.50	-49.33
81.80	-65.48	-51.53
82.11	-66.50	-53.86
82.42	-67.55	-56.27
82.73	-68.59	-58.73
83.04	-69.58	-61.21
83.35	-70.51	-63.71
83.67	-71.35	-66.18
83.99	-72.06	-68.60
84.30	-72.61	-70.96
84.62	-72.97	-73.23
84.94	-73.12	-75.37
85.26	-73.03	-77.36
85.58	-72.74	-79.14
85.90	-72.31	-80.64
86.23	-71.81	-81.78
86.55	-71.31	-82.49
86.88	-70.86	-82.70
87.21	-70.54	-82.33
87.54	-70.42	-81.30
87.87	-70.57	-79.53
88.20	-71.04	-77.00
88.53	-71.77	-73.92
88.87	-72.67	-70.58
89.20	-73.67	-67.29
89.54	-74.65	-64.37
89.88	-75.54	-62.14
90.22	-76.22	-60.91
90.56	-76.61	-61.03
90.90	-76.60	-62.84
91.24	-76.15	-66.44
91.59	-75.32	-71.44
91.93	-74.20	-77.38
92.28	-72.87	-83.78
92.63	-71.44	-90.15
92.98	-69.98	-96.01
93.33	-68.60	-100.84
93.68	-67.39	-104.12
94.03	-66.44	-105.39
94.39	-65.78	-104.67
94.74	-65.41	-102.22
95.10	-65.34	-98.29
95.46	-65.57	-93.15
95.82	-66.10	-87.08
96.18	-66.93	-80.34
96.54	-68.08	-73.23
96.91	-69.53	-66.05
97.27	-71.21	-59.19
97.64	-73.01	-53.13
98.01	-74.79	-48.37
98.38	-76.43	-45.41
98.75	-77.80	-44.75
99.12	-78.75	-46.92
99.50	-79.16	-52.47
99.87	-78.89	-61.82
100.25	-78.00	-74.29
100.63	-76.63	-88.49
101.01	-74.94	-103.01
101.39	-73.10	-116.38
101.77	-71.25	-127.14
102.16	-69.59	-133.75
102.54	-68.26	-134.66
102.93	-67.42	-128.92
103.32	-67.07	-118.10
103.71	-67.19	-104.42
104.10	-67.76	-90.18
104.49	-68.75	-77.69
104.88	-70.14	-69.36
105.28	-71.90	-67.61
105.68	-74.00	-74.82
106.08	-76.33	-90.86
106.48	-78.71	-113.23
106.88	-80.93	-139.25
107.28	-82.81	-166.19
107.69	-84.12	168.75
108.09	-84.67	148.42
108.50	-84.24	135.73
108.91	-82.78	132.21
109.32	-80.57	136.62
109.73	-77.93	147.36
110.15	-75.19	162.78
110.56	-72.70	-178.79
110.98	-70.78	-159.07
111.40	-69.80	-139.81
111.82	-69.94	-122.45
112.24	-70.98	-107.63
112.67	-72.61	-95.84
113.09	-74.54	-87.62
113.52	-76.45	-83.49
113.95	-78.03	-84.00
114.38	-78.96	-89.70
114.81	-79.07	-100.28
115.24	-78.50	-113.89
115.68	-77.43	-128.46
116.11	-76.02	-141.85
116.55	-74.46	-151.90
116.99	-72.93	-156.39
117.43	-71.63	-153.20
117.87	-70.64	-142.96
118.32	-70.01	-128.78
118.77	-69.74	-113.91
119.21	-69.88	-101.68
119.66	-70.44	-95.48
120.12	-71.45	-98.82
120.57	-72.90	-114.00
121.02	-74.62	-138.38
121.48	-76.37	-167.99
121.94	-77.93	161.24
122.40	-79.06	133.50
122.86	-79.52	113.02
123.32	-79.09	103.95
123.79	-77.85	106.83
124.26	-76.12	119.43
124.73	-74.24	139.35
125.20	-72.54	164.17
125.67	-71.39	-168.60
126.14	-71.14	-141.52
126.62	-71.87	-116.76
127.10	-73.27	-96.00
127.58	-74.99	-80.88
128.06	-76.66	-73.07
128.54	-77.91	-74.29
129.03	-78.36	-86.29
129.51	-77.84	-108.80
130.00	-76.58	-137.50
130.49	-74.87	-167.52
130.98	-73.03	166.12
131.48	-71.35	148.53
131.98	-70.14	144.88
132.47	-69.59	156.69
132.97	-69.62	178.72
133.48	-70.12	-155.08
133.98	-70.98	-130.90
134.48	-72.09	-115.09
134.99	-73.35	-113.95
135.50	-74.61	-128.47
136.01	-75.75	-153.31
136.53	-76.61	177.33
137.04	-77.05	149.38
137.56	-76.91	128.94
138.08	-76.07	121.44
138.60	-74.67	125.57
139.12	-72.97	136.22
139.65	-71.28	148.15
140.17	-69.88	155.99
140.70	-69.08	154.24
141.23	-69.06	139.86
141.77	-69.66	116.43
142.30	-70.68	88.70
142.84	-71.90	61.50
143.38	-73.10	39.82
143.92	-74.07	28.37
144.46	-74.70	27.88
145.01	-74.97	36.49
145.55	-74.87	52.24
146.10	-74.36	73.13
146.65	-73.43	97.12
147.21	-72.16	122.98
147.76	-70.83	150.87
148.32	-69.74	-178.90
148.88	-69.21	-146.02
149.44	-69.55	-110.17
150.01	-70.95	-72.10
150.57	-73.13	-36.26
151.14	-75.71	-8.01
151.71	-78.28	7.17
152.28	-80.44	3.69
152.86	-81.84	-22.15
153.43	-82.47	-62.96
154.01	-82.44	-107.28
154.59	-81.87	-143.41
155.18	-80.86	-159.39
155.76	-79.54	-145.54
156.35	-78.08	-108.84
156.94	-76.67	-63.34
157.53	-75.49	-23.39
158.13	-74.75	-3.69
158.72	-74.58	-16.08
159.32	-74.85	-53.84
159.93	-75.26	-103.23
160.53	-75.54	-150.17
161.13	-75.42	179.73
161.74	-74.70	176.83
162.35	-73.66	-165.73
162.97	-72.70	-139.27
163.58	-72.22	-115.41
164.20	-72.62	-105.98
164.82	-74.03	-116.62
165.44	-75.95	-139.29
166.06	-77.80	-164.00
166.69	-78.96	179.44
167.32	-78.86	-179.02
167.95	-77.55	-160.05
168.58	-75.72	-134.71
169.22	-74.11	-114.72
169.86	-73.45	-112.06
170.50	-74.33	-135.76
171.14	-76.25	-177.65
171.79	-78.37	136.55
172.44	-79.82	101.40
173.09	-79.73	91.58
173.74	-77.99	110.34
174.40	-75.61	144.09
175.06	-73.74	177.59
175.72	-73.52	-164.73
176.38	-75.80	-175.21
177.04	-79.66	153.03
177.71	-83.50	113.59
178.38	-85.73	80.39
179.06	-84.78	67.20
179.73	-80.84	77.25
180.41	-75.82	103.32
181.09	-71.79	137.58
181.77	-70.81	172.03
182.46	-73.80	-159.72
183.15	-78.93	-140.14
183.84	-83.93	-131.21
184.53	-86.48	-134.92
185.23	-84.83	-152.05
185.93	-80.10	-177.36
186.63	-74.30	156.27
187.33	-69.48	136.16
188.04	-67.46	128.59
188.75	-67.93	130.29
189.46	-69.46	133.12
190.18	-70.58	128.69
190.90	-69.93	109.42
191.62	-67.87	79.94
192.34	-65.95	53.36
193.07	-65.76	43.28
193.79	-68.80	62.37
194.53	-74.44	105.32
195.26	-80.38	152.31
196.00	-84.19	-177.27
196.74	-83.59	177.04
197.48	-79.22	138.68
198.22	-73.97	89.12
198.97	-70.88	50.78
199.72	-72.71	44.44
200.48	-78.69	66.88
201.23	-85.65	98.99
201.99	-90.34	120.98
202.75	-89.92	115.02
203.52	-85.33	81.20
204.29	-79.26	27.99
205.06	-74.51	-35.88
205.83	-73.21	-101.09
206.61	-74.60	-156.30
207.39	-77.07	170.54
208.17	-78.97	171.72
208.96	-79.32	-151.39
209.74	-78.59	-101.93
210.54	-77.47	-66.83
211.33	-76.65	-72.49
212.13	-76.37	-118.43
212.93	-76.42	-176.16
213.73	-76.57	144.72
214.54	-76.62	149.42
215.35	-76.66	-175.76
216.16	-76.94	-141.08
216.98	-77.69	-137.44
217.80	-78.89	-177.20
218.62	-79.98	127.86
219.44	-80.28	91.81
220.27	-79.21	106.08
221.10	-77.14	161.14
221.94	-75.14	-140.56
222.77	-74.29	-117.89
223.61	-75.14	-151.63
224.46	-76.81	147.54
225.30	-78.15	97.92
226.15	-78.08	95.07
227.01	-76.76	133.25
227.86	-75.14	179.41
228.72	-74.21	-160.55
229.59	-74.46	178.24
230.45	-75.37	139.64
231.32	-76.30	112.71
232.20	-76.69	120.97
233.07	-76.60	150.42
233.95	-76.34	172.30
234.84	-76.23	158.69
235.72	-76.38	112.78
236.61	-76.70	68.03
237.50	-77.12	59.74
238.40	-77.57	100.40
239.30	-78.09	153.05
240.20	-78.71	173.64
241.11	-79.40	131.55
242.02	-79.71	60.05
242.93	-79.12	11.22
243.85	-77.23	30.71
244.77	-75.02	98.20
245.69	-74.24	157.90
246.62	-76.53	155.84
247.55	-81.08	95.74
248.48	-84.97	31.12
249.42	-85.23	16.85
250.36	-81.60	61.63
251.31	-77.24	116.35
252.26	-75.55	127.82
253.21	-77.57	80.58
254.16	-80.44	21.65
255.12	-80.86	4.59
256.09	-77.67	49.49
257.05	-73.92	109.21
258.02	-73.21	127.95
259.00	-77.01	80.51
259.97	-82.00	9.66
260.95	-84.21	-32.14
261.94	-81.85	-13.83
262.93	-77.96	47.96
263.92	-76.26	129.93
264.92	-78.31	-152.12
265.92	-81.29	-103.67
266.92	-81.83	-110.44
267.93	-78.94	-168.48
268.94	-75.59	135.59
269.95	-75.12	139.42
270.97	-77.91	-151.87
271.99	-80.54	-80.93
273.02	-79.53	-72.85
274.05	-75.55	-132.53
275.08	-73.16	150.44
276.12	-76.49	105.19
277.16	-83.37	97.35
278.21	-87.80	106.46
279.26	-85.07	113.53
280.31	-78.42	111.32
281.37	-73.97	96.70
282.43	-75.38	71.33
283.50	-79.06	50.96
284.57	-80.07	53.77
285.64	-77.08	78.23
286.72	-74.02	93.73
287.80	-74.96	70.27
288.89	-79.19	22.71
289.98	-82.61	-2.04
291.07	-82.07	28.90
292.17	-79.58	74.45
293.27	-78.79	70.92
294.38	-81.03	1.50
295.49	-83.34	-63.09
296.61	-82.61	-48.08
297.73	-80.06	33.01
298.85	-80.05	102.65
299.98	-85.16	104.21
301.11	-90.61	70.88
302.25	-89.92	56.96
303.39	-82.63	73.96
304.53	-75.76	80.26
305.68	-75.47	41.39
306.83	-79.06	-8.91
307.99	-80.41	-10.94
309.15	-77.62	45.20
310.32	-75.64	87.44
311.49	-79.08	49.82
312.67	-84.73	-24.63
313.85	-85.85	-43.78
315.03	-80.28	22.33
316.22	-73.62	98.19
317.41	-71.30	111.25
318.61	-72.35	81.95
319.81	-73.18	67.83
321.02	-72.31	83.68
322.23	-71.07	86.28
323.45	-70.85	44.41
324.67	-72.12	0.51
325.89	-75.04	13.91
327.12	-78.09	69.60
328.36	-78.28	88.75
329.60	-74.78	35.09
330.84	-71.90	-20.84
332.09	-73.78	-7.36
333.34	-77.77	41.66
334.60	-78.51	49.79
335.86	-75.61	10.84
337.13	-73.95	-6.83
338.40	-75.97	33.27
339.68	-77.33	78.28
340.96	-74.14	70.66
342.25	-71.60	11.60
343.54	-77.68	-74.55
344.83	-88.24	-147.05
346.14	-89.56	-152.58
347.44	-78.74	-83.75
348.75	-70.68	-7.38
350.07	-75.21	23.03
351.39	-81.07	18.01
352.72	-76.31	1.01
354.05	-70.21	-2.63
355.38	-78.34	29.72
356.72	-94.47	77.16
358.07	-98.53	90.92
359.42	-87.61	51.35
360.78	-77.49	-28.81
362.14	-76.28	-113.86
363.51	-77.65	-132.67
364.88	-77.03	-60.41
366.25	-77.85	1.29
367.64	-82.50	-27.22
369.02	-84.87	-67.36
370.42	-79.32	-29.48
371.81	-73.38	36.67
373.22	-76.76	49.29
374.63	-83.31	29.33
376.04	-81.50	34.90
377.46	-74.31	49.52
378.88	-71.95	21.94
380.31	-74.80	-23.42
381.75	-77.03	-18.09
383.19	-76.37	19.55
384.63	-73.46	10.61
386.09	-71.13	-35.22
387.54	-73.61	-38.73
389.00	-78.29	-2.46
390.47	-77.21	2.37
391.95	-72.46	-26.77
393.43	-74.37	-33.40
394.91	-80.67	-12.79
396.40	-79.03	-4.07
397.90	-71.26	-19.91
399.40	-69.64	-50.01
400.90	-73.86	-71.72
402.42	-75.22	-58.58
403.94	-73.30	-33.95
405.46	-72.42	-43.97
406.99	-72.72	-66.85
408.53	-72.35	-57.02
410.07	-70.58	-41.02
411.61	-67.85	-61.20
413.17	-67.94	-94.88
414.73	-72.96	-109.10
416.29	-75.46	-104.35
417.86	-71.57	-93.96
419.44	-71.09	-104.31
421.02	-77.07	-132.21
422.61	-78.26	-124.09
424.21	-73.05	-88.52
425.81	-71.52	-102.09
427.41	-74.37	-141.23
429.03	-75.61	-123.19
430.65	-74.39	-93.48
432.27	-72.70	-123.93
433.90	-74.10	-147.10
435.54	-78.72	-112.50
437.18	-77.97	-94.78
438.83	-72.98	-125.98
440.49	-77.90	-159.32
442.15	-86.36	-166.13
443.82	-80.95	-142.44
445.49	-73.74	-130.49
447.18	-78.70	-157.92
448.86	-81.62	-158.39
450.56	-76.09	-122.66
452.26	-73.70	-139.50
453.96	-76.39	-175.51
455.68	-78.79	-138.38
457.40	-78.11	-109.50
459.12	-75.31	-149.92
460.85	-77.14	-155.86
462.59	-80.76	-118.36
464.34	-75.89	-128.37
466.09	-70.55	-178.51
467.85	-73.97	139.85
469.62	-78.47	147.04
471.39	-79.00	167.57
473.17	-76.79	118.28
474.95	-77.54	118.51
476.74	-83.29	-125.15
478.54	-84.30	-128.37
480.35	-80.73	153.28
482.16	-80.56	-121.80
483.98	-80.15	-72.73
485.81	-78.03	-155.80
487.64	-80.84	-110.03
489.48	-81.56	-19.99
491.33	-73.04	-76.13
493.18	-70.60	-153.38
495.04	-74.78	-172.62
496.91	-72.82	-156.86
498.79	-70.48	-163.71
500.67	-72.52	163.70
502.56	-75.04	171.41
504.45	-74.11	-177.55
506.36	-70.56	160.76
508.27	-71.96	145.97
510.19	-74.03	137.94
512.11	-72.24	118.65
514.04	-74.54	89.49
515.98	-78.58	95.54
517.93	-77.82	152.16
519.89	-73.35	154.52
521.85	-72.91	82.32
523.82	-79.89	12.98
525.79	-80.78	74.94
527.78	-78.04	124.76
529.77	-80.02	49.45
531.77	-83.37	113.19
533.78	-80.03	159.72
535.79	-74.67	74.65
537.81	-89.46	178.04
539.84	-92.71	-121.27
541.88	-78.03	91.86
543.92	-89.02	-37.22
545.98	-90.84	-142.17
548.04	-75.51	131.03
550.10	-73.99	77.39
552.18	-80.51	-33.20
554.26	-85.72	-83.37
556.35	-85.72	42.18
558.45	-82.05	-176.89
560.56	-76.39	-149.21
562.68	-75.37	128.18
564.80	-83.21	58.48
566.93	-81.76	108.55
569.07	-75.10	144.42
571.22	-75.18	91.99
573.37	-79.24	125.55
575.54	-76.48	138.53
577.71	-72.49	80.28
579.89	-76.22	35.77
582.08	-77.96	86.72
584.27	-76.46	54.41
586.48	-78.66	41.49
588.69	-84.29	171.71
590.91	-77.75	108.22
593.14	-73.67	4.57
595.38	-75.81	-68.34
597.63	-79.23	160.50
599.88	-87.50	15.48
602.15	-85.09	95.70
604.42	-75.58	144.22
606.70	-78.12	79.13
608.99	-93.76	-143.41
611.29	-81.97	170.44
613.59	-72.86	67.14
615.91	-78.04	64.31
618.23	-77.45	88.01
620.57	-75.67	62.55
622.91	-80.98	32.35
625.26	-78.21	73.57
627.62	-77.24	77.39
629.99	-86.67	9.16
632.36	-71.86	105.85
634.75	-64.69	73.62
637.15	-68.55	-1.10
639.55	-72.69	-3.69
641.96	-74.26	-18.70
644.39	-77.48	-53.37
646.82	-86.65	88.83
649.26	-78.78	86.27
651.71	-74.17	-11.62
654.17	-81.79	-25.96
656.64	-82.20	13.16
659.11	-77.48	2.27
661.60	-83.05	-79.51
664.10	-81.76	-13.73
666.60	-92.44	-29.04
669.12	-90.02	171.73
671.64	-69.92	50.90
674.18	-71.81	8.89
676.72	-77.83	-9.10
679.28	-72.95	7.46
681.84	-71.66	-38.76
684.41	-83.23	-37.20
687.00	-80.97	-4.94
689.59	-77.45	-23.42
692.19	-82.01	-25.67
694.80	-72.34	6.17
697.42	-72.21	-48.24
700.06	-79.63	-72.78
702.70	-77.09	-34.27
705.35	-73.16	-76.65
708.01	-82.09	-98.73
710.68	-86.23	-100.06
713.36	-81.43	167.65
716.06	-75.08	53.16
718.76	-71.43	-13.51
721.47	-75.17	-44.81
724.19	-76.96	-24.88
726.93	-72.57	-52.08
729.67	-74.64	-74.94
732.42	-73.13	-55.91
735.19	-70.86	-89.53
737.96	-76.69	-136.14
740.75	-79.71	-61.25
743.54	-73.75	-111.15
746.35	-90.11	-105.80
749.16	-79.72	-69.15
751.99	-77.87	-145.72
754.83	-81.66	-46.38
757.68	-74.04	-21.88
760.54	-73.87	-86.15
763.41	-74.35	-76.64
766.29	-69.24	-119.88
769.18	-85.72	-116.09
772.08	-83.00	-71.93
774.99	-70.79	-110.60
777.92	-72.57	-107.93
780.85	-76.81	-150.52
783.80	-73.32	-109.57
786.76	-70.79	-138.55
789.73	-75.67	-178.30
792.71	-77.24	-139.95
795.70	-75.34	-165.80
798.70	-75.80	-159.14
801.71	-74.13	-161.02
804.74	-78.82	178.78
807.78	-78.70	-92.34
810.83	-70.71	-119.60
813.88	-67.90	-161.66
816.96	-67.79	-179.43
820.04	-68.01	146.92
823.13	-75.19	115.94
826.24	-77.73	155.04
829.36	-77.39	142.96
832.49	-79.97	-168.52
835.63	-71.14	177.68
838.78	-73.42	135.79
841.95	-76.33	167.36
845.12	-72.33	146.18
848.31	-74.10	148.48
851.51	-71.31	136.57
854.73	-72.71	114.89
857.95	-73.21	129.07
861.19	-70.25	115.45
864.44	-73.02	93.35
867.70	-72.58	108.67
870.98	-71.92	87.55
874.26	-73.73	83.45
877.56	-71.99	67.21
880.87	-79.54	45.42
884.20	-76.36	82.95
887.53	-75.49	48.27
890.88	-86.32	132.62
894.25	-71.76	108.18
897.62	-74.11	50.25
901.01	-74.49	61.28
904.41	-78.28	11.05
907.82	-79.87	108.70
911.25	-73.58	77.18
914.68	-75.35	56.37
918.14	-74.09	51.36
921.60	-77.88	9.37
925.08	-76.67	79.84
928.57	-72.70	49.90
932.07	-75.03	29.64
935.59	-70.09	53.39
939.12	-70.77	10.90
942.67	-71.54	12.25
946.22	-70.50	-8.89
949.79	-74.35	-27.46
953.38	-74.74	-11.93
956.97	-73.77	-28.70
960.59	-76.78	-21.05
964.21	-77.83	-32.47
967.85	-75.93	-18.94
971.50	-71.49	-40.82
975.17	-77.66	-87.70
978.85	-76.07	-21.77
982.54	-73.83	-78.99
986.25	-74.95	-65.99
989.97	-72.94	-117.80
993.71	-76.23	155.77
997.46	-81.50	146.67
1001.22	-74.21	88.70
1005.00	-71.45	27.82
1008.79	-76.88	-22.35
1012.60	-73.36	-32.05
1016.42	-78.27	-65.61
1020.25	-73.24	-32.33
1024.10	-74.35	-99.77
1027.97	-83.06	-89.72
1031.85	-76.40	-75.15
1035.74	-78.81	-41.09
1039.65	-71.45	-66.17
1043.57	-75.41	-117.53
1047.51	-75.73	-88.47
1051.46	-75.67	-131.86
1055.43	-81.82	-106.06
1059.41	-77.67	-116.13
1063.41	-79.61	-101.79
1067.43	-77.93	-126.77
1071.45	-83.51	-85.81
1075.50	-74.90	-120.57
1079.55	-82.28	-176.01
1083.63	-77.22	-110.02
1087.72	-74.81	-174.49
1091.82	-88.06	-147.78
1095.94	-79.59	-171.13
1100.08	-84.96	-153.93
1104.23	-81.77	-160.60
1108.40	-80.30	-123.62
1112.58	-73.47	-173.73
1116.78	-78.65	-173.74
1120.99	-82.37	-178.31
1125.22	-83.84	27.02
1129.47	-84.57	-105.24
1133.73	-79.93	-72.27
1138.01	-74.68	-136.02
1142.30	-80.45	-128.40
1146.61	-73.77	-127.73
1150.94	-75.42	-160.28
1155.28	-72.95	-158.37
1159.64	-75.47	176.94
1164.02	-71.34	-159.71
1168.41	-72.52	149.15
1172.82	-75.64	-177.48
1177.25	-71.39	143.65
1181.69	-74.30	154.65
1186.15	-70.80	124.50
1190.62	-74.99	116.62
1195.12	-71.97	128.11
1199.63	-73.92	109.27
1204.15	-70.54	105.38
1208.70	-76.60	90.22
1213.26	-71.63	108.41
1217.84	-72.56	79.90
1222.43	-70.46	88.97
1227.04	-72.48	58.66
1231.67	-73.67	79.88
1236.32	-71.13	75.15
1240.99	-68.08	61.24
1245.67	-69.81	25.10
1250.37	-71.74	42.40
1255.09	-72.38	16.40
1259.83	-70.79	35.40
1264.58	-72.02	16.77
1269.35	-70.18	24.66
1274.14	-70.28	3.68
1278.95	-69.92	4.92
1283.78	-70.19	-15.71
1288.62	-69.75	-15.60
1293.48	-68.81	-41.19
1298.36	-72.26	-54.17
1303.26	-74.61	-59.34
1308.18	-72.33	-34.91
1313.12	-73.11	-68.15
1318.07	-73.40	-37.03
1323.05	-72.99	-56.45
1328.04	-71.39	-54.29
1333.05	-69.99	-55.42
1338.08	-66.93	-88.12
1343.13	-69.92	-126.83
1348.20	-72.81	-112.71
1353.29	-72.71	-127.14
1358.39	-72.48	-115.68
1363.52	-70.80	-141.43
1368.67	-71.32	-137.72
1373.83	-71.04	-171.57
1379.01	-73.49	-171.45
1384.22	-75.08	161.32
1389.44	-73.35	171.25
1394.68	-76.18	121.98
1399.95	-79.01	-179.90
1405.23	-82.14	166.89
1410.53	-78.06	155.91
1415.86	-84.20	-138.12
1421.20	-76.57	-178.05
1426.56	-78.66	150.18
1431.94	-77.63	134.67
1437.35	-80.99	137.27
1442.77	-82.56	107.38
1448.22	-79.59	161.29
1453.68	-82.82	140.32
1459.17	-74.56	151.23
1464.67	-75.95	78.02
1470.20	-77.95	105.89
1475.75	-82.52	19.00
1481.32	-84.02	87.54
1486.91	-82.30	66.54
1492.52	-84.83	64.36
1498.15	-81.88	-177.76
1503.80	-79.31	144.27
1509.48	-75.95	121.73
1515.17	-77.77	106.01
1520.89	-74.52	88.73
1526.63	-79.89	63.92
1532.39	-75.56	73.00
1538.17	-79.65	59.25
1543.98	-76.35	53.09
1549.81	-80.33	44.64
1555.65	-78.21	19.96
1561.52	-76.72	85.48
1567.42	-73.68	10.89
1573.33	-82.05	10.51
1579.27	-86.85	16.29
1585.23	-84.04	60.84
1591.21	-74.38	55.52
1597.21	-75.10	0.50
1603.24	-75.32	11.35
1609.29	-79.08	-18.64
1615.36	-75.93	1.75
1621.46	-78.02	2.19
1627.58	-73.31	-15.63
1633.72	-74.63	-43.73
1639.89	-75.86	-62.54
1646.07	-78.12	-22.64
1652.29	-75.05	-52.04
1658.52	-74.65	-75.08
1664.78	-77.40	-74.25
1671.06	-73.34	-80.52
1677.37	-74.77	-89.76
1683.70	-73.83	-116.27
1690.05	-76.97	-99.64
1696.43	-75.26	-112.37
1702.83	-72.50	-124.76
1709.26	-74.55	-135.26
1715.70	-70.84	-150.06
1722.18	-75.30	-175.59
1728.68	-80.24	162.79
1735.20	-75.56	-156.68
1741.75	-79.36	-168.48
1748.32	-74.48	-170.35
1754.92	-74.25	-173.00
1761.54	-71.55	150.14
1768.19	-73.53	144.86
1774.86	-74.36	132.31
1781.56	-73.64	119.84
1788.28	-76.68	125.33
1795.03	-71.61	117.51
1801.80	-72.41	91.73
1808.60	-72.56	70.17
1815.43	-71.94	47.64
1822.28	-76.59	17.36
1829.15	-81.66	5.57
1836.06	-79.18	53.74
1842.99	-81.32	46.93
1849.94	-76.49	42.71
1856.92	-79.43	21.52
1863.93	-80.72	-7.42
1870.96	-83.10	5.89
1878.02	-83.22	43.97
1885.11	-79.87	-23.79
1892.22	-79.36	40.15
1899.36	-79.72	-78.50
1906.53	-80.32	54.31
1913.72	-80.43	56.51
1920.95	-79.21	4.07
1928.19	-74.59	-7.78
1935.47	-80.03	-55.54
1942.77	-79.67	-40.88
1950.11	-77.48	2.60
1957.46	-78.78	-88.19
1964.85	-76.22	-16.80
1972.27	-77.26	-70.88
1979.71	-78.23	-113.21
1987.18	-79.88	-44.98
1994.68	-82.80	-68.04
2002.20	-79.44	-105.41
2009.76	-76.03	-63.38
2017.34	-78.54	-89.23
2024.96	-73.77	-127.17
2032.60	-75.70	-133.81
2040.27	-77.18	-165.21
2047.97	-76.11	179.38
2055.70	-80.58	-162.69
2063.45	-82.64	-174.98
2071.24	-75.09	-139.22
2079.06	-73.63	179.95
2086.90	-73.56	119.21
2094.78	-82.49	162.35
2102.68	-78.18	144.31
2110.62	-75.59	122.45
2118.58	-77.46	103.59
2126.57	-81.43	107.83
2134.60	-79.27	122.46
2142.65	-73.33	113.44
2150.74	-74.70	71.87
2158.86	-75.56	50.55
2167.00	-77.78	62.69
2175.18	-76.34	43.19
2183.39	-77.68	34.37
2191.63	-78.07	35.47
2199.90	-76.70	26.66
2208.20	-73.92	21.45
2216.53	-74.57	-16.34
2224.90	-75.69	-63.29
2233.29	-82.54	-7.71
2241.72	-79.36	-6.08
2250.18	-79.50	-48.50
2258.67	-79.04	-89.05
2267.19	-89.13	-107.94
2275.75	-83.99	-24.83
2284.34	-81.48	-48.50
2292.96	-79.17	-39.10
2301.61	-83.61	-61.61
2310.29	-79.61	-75.17
2319.01	-81.18	-79.19
2327.76	-84.82	-81.96
2336.55	-78.56	-105.83
2345.36	-81.04	-91.11
2354.21	-81.87	-96.98
2363.10	-80.30	-125.74
2372.02	-74.04	-135.45
2380.97	-77.22	-133.02
2389.95	-75.58	-163.60
2398.97	-74.73	172.31
2408.02	-80.30	167.93
2417.11	-77.24	170.93
2426.23	-74.59	164.82
2435.39	-74.40	142.80
2444.58	-75.08	116.62
2453.80	-74.52	97.64
2463.06	-72.44	90.92
2472.35	-75.49	56.79
2481.68	-76.00	56.60
2491.05	-75.41	58.25
2500.45	-80.04	22.80
2509.88	-77.34	18.69
2519.36	-79.23	28.70
2528.86	-78.72	42.98
2538.41	-77.47	-0.83
2547.98	-77.03	-4.16
2557.60	-77.80	-11.84
2567.25	-79.49	-32.70
2576.94	-79.28	-38.52
2586.66	-77.75	-32.63
2596.42	-82.22	-54.95
2606.22	-81.94	-71.85
2616.06	-79.44	-77.98
2625.93	-80.19	-73.66
2635.84	-82.54	-94.12
2645.78	-81.30	-123.52
2655.77	-82.67	-112.35
2665.79	-81.86	-81.65
2675.85	-79.22	-109.08
2685.95	-78.00	-126.58
2696.08	-78.04	-132.84
2706.26	-77.74	-142.40
2716.47	-75.14	-165.94
2726.72	-74.81	166.01
2737.01	-77.07	156.56
2747.34	-75.96	139.78
2757.70	-77.39	125.96
2768.11	-77.23	127.36
2778.56	-77.78	125.31
2789.04	-76.04	101.41
2799.57	-75.22	95.72
2810.13	-74.30	86.19
2820.73	-74.82	63.50
2831.38	-73.68	35.86
2842.06	-75.46	37.58
2852.79	-74.50	34.54
2863.55	-74.88	2.24
2874.36	-75.37	-4.84
2885.21	-75.70	-22.63
2896.09	-77.36	-25.06
2907.02	-76.25	-43.24
2917.99	-75.54	-63.73
2929.00	-75.98	-82.58
2940.06	-81.50	-78.82
2951.15	-78.05	-90.17
2962.29	-75.11	-92.25
2973.47	-75.56	-118.15
2984.69	-77.22	-139.42
2995.95	-76.48	-158.98
3007.25	-77.80	-173.31
3018.60	-77.68	-168.70
3029.99	-76.83	-176.26
3041.43	-75.94	137.38
3052.90	-76.09	135.33
3064.42	-77.53	134.99
3075.99	-76.80	120.01
3087.60	-75.75	97.84
3099.25	-76.99	79.68
3110.94	-76.74	85.29
3122.68	-76.56	64.24
3134.47	-76.49	44.88
3146.29	-79.42	41.15
3158.17	-77.97	29.56
3170.08	-79.13	12.12
3182.05	-79.18	9.80
3194.05	-78.36	-8.65
3206.11	-75.38	-22.85
3218.21	-79.43	-34.25
3230.35	-78.09	-43.03
3242.54	-76.83	-75.73
3254.77	-79.36	-79.23
3267.06	-81.32	-67.85
3279.39	-80.08	-105.37
3291.76	-79.63	-122.50
3304.18	-77.73	-138.49
3316.65	-79.38	-147.52
3329.17	-80.18	-153.74
3341.73	-79.16	-174.70
3354.34	-80.22	-173.01
3367.00	-76.37	171.03
3379.70	-75.81	152.37
3392.46	-76.57	123.29
3405.26	-76.53	102.38
3418.11	-76.18	77.72
3431.01	-78.15	79.79
3443.95	-76.72	71.82
3456.95	-78.96	42.03
3469.99	-78.40	43.60
3483.09	-77.82	14.82
3496.23	-79.52	20.44
3509.43	-81.81	47.63
3522.67	-80.22	2.21
3535.96	-78.56	-19.15
3549.31	-79.58	-35.42
3562.70	-76.44	-31.79
3576.14	-79.17	-59.09
3589.64	-76.41	-78.73
3603.18	-75.77	-102.21
3616.78	-76.22	-111.70
3630.43	-78.72	-141.73
3644.13	-80.67	-148.31
3657.88	-79.73	-154.26
3671.68	-76.41	-169.98
3685.54	-76.04	165.33
3699.45	-76.56	141.51
3713.41	-77.75	126.27
3727.42	-78.36	105.91
3741.49	-78.37	98.98
3755.60	-77.69	97.16
3769.78	-76.82	82.12
3784.00	-76.49	51.46
3798.28	-76.78	33.91
3812.61	-75.36	31.63
3827.00	-76.61	8.29
3841.44	-76.09	6.22
3855.94	-77.61	-28.22
3870.49	-78.40	-46.54
3885.09	-78.25	-45.66
3899.75	-79.11	-61.52
3914.47	-77.89	-70.57
3929.24	-81.13	-92.29
3944.07	-77.94	-85.92
3958.95	-74.27	-122.75
3973.89	-77.61	-146.97
3988.89	-76.17	-147.82
4003.94	-75.55	-173.20
4019.05	-75.89	158.35
4034.22	-73.67	147.63
4049.44	-75.25	115.61
4064.72	-74.64	109.46
4080.06	-75.57	92.40
4095.46	-76.20	74.92
4110.91	-74.03	70.90
4126.42	-72.38	44.68
4141.99	-73.69	29.86
4157.62	-73.40	9.89
4173.31	-74.60	-17.58
4189.06	-75.37	-37.92
4204.87	-74.63	-44.75
4220.74	-74.31	-61.71
4236.66	-74.43	-82.41
4252.65	-75.58	-94.87
4268.70	-74.04	-127.07
4284.81	-73.66	-133.32
4300.98	-72.65	-163.35
4317.21	-73.02	-177.49
4333.50	-73.21	155.71
4349.85	-72.51	141.14
4366.26	-72.30	121.25
4382.74	-71.47	95.30
4399.28	-71.74	78.37
4415.88	-73.55	48.02
4432.54	-76.31	39.65
4449.27	-74.61	33.81
4466.06	-75.13	2.36
4482.91	-74.98	7.69
4499.83	-74.47	-13.64
4516.81	-74.01	-33.49
4533.85	-75.22	-51.13
4550.96	-73.44	-65.70
4568.14	-71.70	-83.30
4585.37	-71.15	-105.34
4602.68	-69.45	-133.06
4620.05	-69.74	-174.42
4637.48	-71.70	173.04
4654.98	-70.27	154.27
4672.55	-70.17	126.11
4690.18	-70.19	106.72
4707.88	-72.12	85.46
4725.64	-72.23	77.35
4743.48	-71.13	60.53
4761.38	-69.69	32.11
4779.34	-69.82	9.80
4797.38	-70.70	-11.94
4815.48	-71.53	-36.80
4833.65	-72.13	-56.61
4851.89	-71.91	-84.21
4870.20	-73.73	-83.50
4888.58	-70.59	-95.30
4907.03	-70.43	-134.28
4925.54	-70.19	-155.46
4944.13	-70.16	-173.03
4962.79	-68.99	160.02
4981.52	-68.81	132.55
5000.31	-68.34	111.73
5019.18	-68.83	90.25
5038.12	-68.75	66.25
5057.14	-67.96	46.14
5076.22	-68.10	22.49
5095.37	-68.54	-1.41
5114.60	-70.07	-19.30
5133.90	-68.52	-42.96
5153.27	-68.84	-69.46
5172.72	-68.05	-97.94
5192.24	-67.79	-129.74
5211.83	-68.75	-162.02
5231.50	-70.28	-179.94
5251.24	-70.16	149.41
5271.06	-73.00	140.13
5290.95	-70.77	123.08
5310.91	-71.27	99.86
5330.96	-71.88	81.83
5351.07	-69.92	69.74
5371.27	-70.27	30.31
5391.53	-71.08	14.10
5411.88	-70.26	-6.73
5432.30	-70.83	-24.99
5452.80	-71.42	-49.64
5473.38	-70.49	-68.25
5494.03	-70.16	-99.15
5514.76	-68.59	-128.00
5535.57	-68.34	-157.05
5556.46	-69.40	167.66
5577.43	-69.67	135.65
5598.48	-70.37	108.80
5619.60	-71.81	93.76
5640.81	-71.35	67.88
5662.10	-73.56	49.46
5683.46	-73.31	32.02
5704.91	-74.16	22.74
5726.44	-73.10	-0.44
5748.05	-72.11	-22.82
5769.74	-71.61	-56.45
5791.51	-74.02	-83.00
5813.36	-73.66	-103.13
5835.30	-73.43	-129.77
5857.32	-73.56	-138.41
5879.42	-70.92	-170.27
5901.61	-69.38	157.35
5923.88	-70.86	127.16
5946.23	-70.10	101.39
5968.67	-70.23	78.36
5991.20	-70.03	50.21
6013.80	-70.07	23.50
6036.50	-71.16	-6.24
6059.28	-72.43	-39.21
6082.14	-74.10	-44.51
6105.09	-71.43	-77.38
6128.13	-73.92	-101.29
6151.26	-73.28	-118.98
6174.47	-72.87	-160.81
6197.77	-73.92	-175.30
6221.16	-73.07	154.69
6244.63	-71.18	145.45
6268.20	-71.82	116.69
6291.85	-68.28	105.93
6315.59	-66.81	61.76
6339.42	-67.28	26.39
6363.35	-68.45	-4.98
6387.36	-69.50	-37.47
6411.46	-69.97	-65.18
6435.66	-70.16	-91.62
6459.94	-71.17	-123.02
6484.32	-69.60	-153.45
6508.79	-71.49	-177.51
6533.35	-70.51	150.26
6558.00	-72.23	132.62
6582.75	-70.95	110.94
6607.59	-71.19	87.80
6632.53	-71.52	67.95
6657.55	-69.63	48.14
6682.68	-67.82	10.31
6707.90	-68.56	-14.38
6733.21	-68.73	-43.94
6758.62	-67.45	-71.89
6784.12	-66.92	-108.73
6809.72	-67.02	-141.87
6835.42	-66.51	-171.96
6861.21	-65.59	158.36
6887.10	-64.85	122.04
6913.09	-66.15	87.71
6939.18	-65.26	59.69
6965.36	-66.20	22.20
6991.65	-67.70	-2.85
7018.03	-69.62	-25.55
7044.51	-68.55	-36.59
7071.10	-66.30	-60.65
7097.78	-65.44	-104.77
7124.56	-65.22	-137.86
7151.45	-64.06	-161.02
7178.44	-61.73	165.52
7205.52	-61.76	126.14
7232.71	-60.18	87.16
7260.01	-60.19	51.23
7287.40	-60.84	18.28
7314.90	-60.16	-23.36
7342.51	-61.03	-62.48
7370.21	-61.70	-101.04
7398.03	-63.19	-131.74
7425.94	-63.63	-151.36
7453.97	-62.35	175.81
7482.09	-61.13	140.54
7510.33	-61.12	102.55
7538.67	-60.83	71.23
7567.12	-60.01	35.37
7595.67	-60.75	-8.19
7624.33	-60.83	-33.03
7653.10	-59.46	-76.43
7681.98	-60.19	-122.77
7710.97	-61.30	-165.76
7740.07	-62.95	160.78
7769.28	-63.46	123.47
7798.60	-64.30	94.91
7828.02	-64.83	57.40
7857.56	-67.26	34.04
7887.21	-65.79	14.37
7916.98	-66.16	-31.50
7946.85	-67.87	-67.70
7976.84	-68.42	-70.72
8006.94	-65.75	-111.29
8037.16	-65.10	-150.15
8067.49	-63.52	163.85
8097.93	-64.82	127.53
8128.49	-65.28	89.35
8159.16	-65.10	59.31
8189.95	-64.81	19.15
8220.86	-66.42	-18.26
8251.88	-66.44	-52.48
8283.02	-68.07	-80.93
8314.27	-67.63	-112.75
8345.65	-67.89	-153.35
8377.14	-66.71	-175.50
8408.75	-65.49	145.93
8440.48	-64.28	104.04
8472.33	-63.67	69.12
8504.30	-64.32	26.60
8536.40	-63.76	-4.33
8568.61	-64.39	-50.87
8600.94	-64.55	-94.55
8633.40	-65.03	-146.85
8665.98	-67.36	-174.66
8698.68	-67.23	149.60
8731.51	-67.07	118.35
8764.46	-68.04	87.33
8797.53	-67.39	55.22
8830.73	-66.61	31.32
8864.05	-65.26	-5.58
8897.50	-64.41	-50.70
8931.07	-63.72	-89.08
8964.78	-63.32	-136.85
8998.61	-62.43	-179.42
9032.56	-62.61	131.67
9066.65	-62.18	90.62
9100.86	-62.52	50.10
9135.20	-63.59	2.20
9169.68	-64.22	-32.43
9204.28	-65.80	-75.06
9239.01	-64.95	-107.18
9273.88	-64.23	-150.07
9308.87	-63.50	165.23
9344.00	-62.49	120.76
9379.26	-63.33	75.64
9414.65	-62.85	34.59
9450.18	-63.83	-12.88
9485.84	-64.76	-59.83
9521.64	-66.53	-99.11
9557.57	-66.64	-152.76
9593.64	-69.85	174.36
9629.84	-69.58	149.17
9666.18	-66.71	117.07
9702.65	-66.72	67.83
9739.27	-66.62	30.48
9776.02	-67.44	-8.29
9812.91	-66.30	-54.44
9849.94	-67.25	-107.08
9887.11	-66.80	-147.52
9924.42	-66.88	154.89
9961.87	-68.85	110.84
9999.46	-70.05	73.53
10037.19	-68.81	50.78
10075.07	-69.34	10.58
10113.09	-68.89	-33.89
10151.25	-69.34	-79.28
10189.55	-69.53	-122.99
10228.01	-68.40	-168.88
10266.60	-67.53	147.01
10305.34	-67.96	94.38
10344.23	-68.21	55.79
10383.27	-68.27	20.69
10422.45	-68.56	-28.56
10461.78	-69.86	-75.16
10501.26	-68.80	-113.83
10540.88	-68.65	-169.74
10580.66	-69.99	152.40
10620.59	-67.01	113.06
10660.66	-66.74	55.82
10700.89	-67.67	18.39
10741.27	-66.47	-24.03
10781.81	-66.05	-81.08
10822.49	-66.99	-139.66
10863.33	-67.15	171.99
10904.33	-67.58	121.19
10945.47	-67.25	83.38
10986.78	-66.86	31.87
11028.24	-68.06	-14.61
11069.85	-68.28	-58.65
11111.63	-68.45	-109.12
11153.56	-68.46	-160.55
11195.64	-66.46	143.87
11237.89	-67.94	83.88
11280.30	-68.31	48.92
11322.87	-69.15	-0.32
11365.59	-70.70	-51.56
11408.48	-71.38	-87.89
11451.53	-69.41	-140.87
11494.75	-70.11	160.77
11538.12	-68.29	114.06
11581.66	-68.23	54.80
11625.37	-70.92	3.42
11669.24	-71.37	-27.66
11713.27	-70.87	-91.12
11757.47	-71.25	-148.23
11801.84	-72.18	161.90
11846.37	-71.54	117.98
11891.08	-70.46	65.16
11935.95	-72.70	20.41
11980.99	-73.35	-16.90
12026.20	-73.31	-66.23
12071.58	-72.19	-130.12
12117.14	-72.26	165.38
12162.86	-72.32	114.44
12208.76	-73.91	74.16
12254.83	-70.43	41.39
12301.07	-71.45	-25.71
12347.49	-72.31	-76.93
12394.08	-71.49	-141.42
12440.85	-73.14	156.84
12487.80	-71.55	113.72
12534.92	-71.36	58.24
12582.23	-71.91	13.87
12629.71	-71.65	-35.76
12677.37	-72.45	-106.30
12725.20	-73.53	-164.12
12773.22	-72.80	138.32
12821.42	-72.78	93.21
12869.81	-71.46	44.74
12918.37	-72.66	-10.48
12967.12	-73.02	-60.18
13016.05	-73.63	-129.65
13065.17	-71.86	171.83
13114.47	-72.04	110.06
13163.96	-72.33	60.28
13213.64	-71.97	4.52
13263.50	-74.00	-54.71
13313.55	-76.25	-115.18
13363.79	-76.47	-174.02
13414.22	-74.78	141.64
13464.84	-72.18	88.64
13515.65	-72.79	30.21
13566.65	-73.78	-27.83
13617.84	-74.59	-89.79
13669.23	-75.75	-167.38
13720.81	-76.32	137.83
13772.59	-74.57	95.66
13824.56	-72.05	45.81
13876.73	-72.08	-22.09
13929.09	-72.35	-86.02
13981.66	-73.03	-163.48
14034.42	-72.11	137.97
14087.38	-71.41	79.28
14140.54	-72.65	30.81
14193.90	-73.44	-14.33
14247.46	-74.44	-83.85
14301.22	-75.23	-156.96
14355.19	-74.06	134.43
14409.36	-72.07	78.86
14463.73	-70.97	22.88
14518.31	-71.96	-37.66
14573.10	-74.67	-102.79
14628.09	-75.66	-168.08
14683.29	-72.91	123.82
14738.70	-71.27	60.60
14794.32	-71.66	5.78
14850.15	-73.21	-55.46
14906.18	-74.91	-129.10
14962.43	-72.14	150.97
15018.90	-71.12	92.37
15075.57	-72.65	42.74
15132.46	-73.48	-26.22
15189.56	-73.55	-93.09
15246.88	-73.78	-160.50
15304.42	-72.09	122.12
15362.17	-71.41	56.57
15420.14	-72.74	3.69
15478.33	-74.43	-64.46
15536.74	-74.71	-149.57
15595.37	-74.14	153.60
15654.22	-72.84	87.72
15713.29	-71.42	22.15
15772.58	-74.76	-38.90
15832.10	-75.41	-124.99
15891.85	-74.47	170.35
15951.81	-73.73	92.44
16012.01	-72.58	46.95
16072.43	-73.83	-16.95
16133.08	-74.71	-96.27
16193.96	-74.66	-176.87
16255.07	-71.69	108.12
16316.41	-72.98	43.34
16377.98	-73.65	-13.94
16439.79	-75.48	-87.72
16501.82	-73.93	-172.28
16564.09	-73.47	108.89
16626.60	-72.31	50.45
16689.34	-73.93	-23.78
16752.32	-77.73	-94.12
16815.54	-76.86	-170.90
16878.99	-74.48	116.78
16942.69	-73.40	58.36
17006.62	-72.80	-11.34
17070.79	-74.40	-93.65
17135.21	-74.67	174.24
17199.87	-72.52	105.40
17264.78	-72.74	41.49
17329.93	-73.86	-25.56
17395.32	-74.14	-109.04
17460.97	-72.48	155.81
17526.86	-72.58	84.25
17593.00	-72.80	18.12
17659.38	-74.00	-57.06
17726.02	-75.13	-146.97
17792.91	-72.81	133.83
17860.06	-72.15	61.22
17927.45	-72.45	-11.10
17995.10	-74.77	-99.57
18063.01	-74.31	166.71
18131.17	-73.36	100.17
18199.59	-73.24	32.23
18268.27	-73.73	-42.85
18337.21	-75.45	-140.83
18406.40	-73.69	131.01
18475.86	-73.37	63.21
18545.58	-73.98	-9.19
18615.56	-75.72	-88.64
18685.81	-73.72	167.61
18756.32	-72.27	81.10
18827.10	-73.55	8.66
18898.15	-76.41	-80.37
18969.46	-77.06	-171.24
19041.04	-74.54	101.91
19112.90	-74.49	27.66
19185.02	-78.50	-45.83
19257.42	-79.66	-155.88
19330.09	-78.18	118.96
19403.03	-76.96	55.53
19476.25	-78.07	-13.27
19549.74	-82.06	-106.62
19623.51	-78.81	137.12
19697.56	-77.55	67.21
19771.89	-78.82	-0.14
19846.51	-82.04	-87.99
19921.40	-50.11	91.69
19996.57	-78.74	78.49
20072.03	-79.04	15.13
20147.78	-85.08	-65.86
20223.80	-83.91	141.79
20300.12	-80.23	87.99
20376.72	-80.26	36.01
20453.62	-84.12	-31.23
20530.80	-85.58	-179.73
20608.28	-81.36	92.03
20686.04	-80.21	35.81
20764.10	-83.19	-11.81
20842.46	-84.82	-169.82
20921.11	-80.37	93.13
21000.06	-80.16	37.23
21079.30	-84.78	-23.59
21158.85	-85.33	-177.71
21238.69	-79.20	84.01
21318.84	-80.54	29.93
21399.29	-86.46	-138.56
21480.04	-85.25	137.35
21561.09	-81.41	76.97
21642.46	-81.49	18.83
21724.12	-87.92	52.64
21806.10	-83.44	69.03
21888.39	-81.33	59.63
21970.99	-85.90	6.94
22053.89	-86.86	85.97
22137.12	-83.01	67.76
22220.65	-83.67	23.48
22304.50	-86.29	8.79
