Freq[Hz]	[dBV]	Phase[Deg]
10.00	-53.70	175.71
10.04	-53.69	176.66
10.08	-53.67	177.62
10.11	-53.66	178.58
10.15	-53.65	179.55
10.19	-53.63	-179.48
10.23	-53.62	-178.50
10.27	-53.61	-177.52
10.31	-53.60	-176.53
10.34	-53.60	-175.52
10.38	-53.59	-174.51
10.42	-53.59	-173.49
10.46	-53.59	-172.46
10.50	-53.59	-171.42
10.54	-53.59	-170.36
10.58	-53.60	-169.29
10.62	-53.60	-168.21
10.66	-53.61	-167.11
10.70	-53.63	-165.99
10.74	-53.65	-164.86
10.78	-53.67	-163.71
10.82	-53.69	-162.54
10.86	-53.72	-161.35
10.90	-53.75	-160.14
10.95	-53.79	-158.91
10.99	-53.83	-157.65
11.03	-53.87	-156.37
11.07	-53.92	-155.07
11.11	-53.98	-153.74
11.15	-54.04	-152.38
11.20	-54.11	-150.99
11.24	-54.18	-149.57
11.28	-54.26	-148.13
11.32	-54.34	-146.65
11.37	-54.43	-145.13
11.41	-54.53	-143.59
11.45	-54.63	-142.00
11.50	-54.74	-140.38
11.54	-54.86	-138.72
11.58	-54.99	-137.02
11.63	-55.13	-135.28
11.67	-55.27	-133.50
11.71	-55.42	-131.67
11.76	-55.58	-129.79
11.80	-55.75	-127.87
11.85	-55.93	-125.91
11.89	-56.12	-123.91
11.94	-56.31	-121.87
11.98	-56.52	-119.78
12.03	-56.73	-117.66
12.07	-56.95	-115.51
12.12	-57.17	-113.32
12.16	-57.40	-111.09
12.21	-57.64	-108.84
12.26	-57.89	-106.56
12.30	-58.14	-104.25
12.35	-58.39	-101.92
12.39	-58.66	-99.56
12.44	-58.92	-97.18
12.49	-59.19	-94.79
12.54	-59.47	-92.37
12.58	-59.75	-89.94
12.63	-60.03	-87.50
12.68	-60.32	-85.05
12.73	-60.61	-82.59
12.77	-60.90	-80.12
12.82	-61.20	-77.65
12.87	-61.49	-75.18
12.92	-61.79	-72.71
12.97	-62.09	-70.24
13.02	-62.39	-67.78
13.07	-62.69	-65.33
13.12	-62.99	-62.89
13.16	-63.28	-60.46
13.21	-63.58	-58.05
13.26	-63.88	-55.67
13.31	-64.17	-53.30
13.36	-64.46	-50.96
13.41	-64.75	-48.65
13.47	-65.03	-46.37
13.52	-65.31	-44.13
13.57	-65.58	-41.93
13.62	-65.85	-39.76
13.67	-66.11	-37.65
13.72	-66.37	-35.58
13.77	-66.62	-33.56
13.83	-66.86	-31.61
13.88	-67.10	-29.71
13.93	-67.32	-27.87
13.98	-67.53	-26.10
14.04	-67.74	-24.41
14.09	-67.93	-22.78
14.14	-68.11	-21.24
14.19	-68.28	-19.78
14.25	-68.44	-18.41
14.30	-68.59	-17.13
14.36	-68.71	-15.95
14.41	-68.83	-14.87
14.46	-68.93	-13.89
14.52	-69.01	-13.03
14.57	-69.07	-12.28
14.63	-69.12	-11.64
14.68	-69.14	-11.14
14.74	-69.15	-10.76
14.80	-69.14	-10.49
14.85	-69.11	-10.35
14.91	-69.07	-10.32
14.96	-69.00	-10.41
15.02	-68.93	-10.60
15.08	-68.83	-10.89
15.13	-68.72	-11.29
15.19	-68.60	-11.78
15.25	-68.47	-12.37
15.31	-68.32	-13.04
15.36	-68.16	-13.80
15.42	-67.99	-14.64
15.48	-67.81	-15.56
15.54	-67.62	-16.55
15.60	-67.42	-17.60
15.66	-67.21	-18.72
15.71	-67.00	-19.90
15.77	-66.78	-21.12
15.83	-66.56	-22.40
15.89	-66.33	-23.72
15.95	-66.10	-25.08
16.01	-65.87	-26.47
16.07	-65.63	-27.88
16.13	-65.40	-29.32
16.19	-65.17	-30.77
16.26	-64.94	-32.23
16.32	-64.71	-33.69
16.38	-64.49	-35.15
16.44	-64.27	-36.60
16.50	-64.06	-38.04
16.56	-63.86	-39.45
16.63	-63.66	-40.84
16.69	-63.48	-42.18
16.75	-63.31	-43.49
16.82	-63.15	-44.74
16.88	-63.00	-45.94
16.94	-62.87	-47.07
17.01	-62.76	-48.13
17.07	-62.67	-49.10
17.14	-62.59	-49.99
17.20	-62.54	-50.78
17.27	-62.51	-51.47
17.33	-62.51	-52.04
17.40	-62.53	-52.49
17.46	-62.58	-52.81
17.53	-62.65	-52.98
17.59	-62.76	-53.01
17.66	-62.90	-52.88
17.73	-63.07	-52.60
17.79	-63.27	-52.18
17.86	-63.50	-51.61
17.93	-63.76	-50.91
18.00	-64.04	-50.09
18.06	-64.34	-49.14
18.13	-64.67	-48.08
18.20	-65.02	-46.90
18.27	-65.39	-45.62
18.34	-65.78	-44.25
18.41	-66.19	-42.79
18.48	-66.61	-41.24
18.55	-67.05	-39.62
18.62	-67.50	-37.93
18.69	-67.96	-36.18
18.76	-68.43	-34.37
18.83	-68.91	-32.52
18.90	-69.39	-30.64
18.97	-69.88	-28.72
19.04	-70.37	-26.78
19.11	-70.86	-24.83
19.19	-71.35	-22.88
19.26	-71.83	-20.94
19.33	-72.31	-19.01
19.40	-72.78	-17.10
19.48	-73.24	-15.23
19.55	-73.69	-13.40
19.62	-74.13	-11.63
19.70	-74.55	-9.92
19.77	-74.95	-8.29
19.85	-75.32	-6.74
19.92	-75.68	-5.29
20.00	-76.01	-3.95
20.07	-76.31	-2.72
20.15	-76.58	-1.63
20.22	-76.81	-0.68
20.30	-77.01	0.11
20.38	-77.17	0.73
20.45	-77.29	1.18
20.53	-77.36	1.43
20.61	-77.39	1.48
20.69	-77.37	1.34
20.77	-77.31	1.01
20.84	-77.21	0.50
20.92	-77.08	-0.18
21.00	-76.91	-1.03
21.08	-76.70	-2.04
21.16	-76.46	-3.20
21.24	-76.20	-4.51
21.32	-75.91	-5.95
21.40	-75.59	-7.51
21.48	-75.26	-9.20
21.56	-74.90	-11.00
21.64	-74.53	-12.90
21.73	-74.15	-14.89
21.81	-73.75	-16.96
21.89	-73.35	-19.11
21.97	-72.95	-21.32
22.06	-72.54	-23.59
22.14	-72.14	-25.90
22.22	-71.74	-28.24
22.31	-71.34	-30.61
22.39	-70.96	-32.98
22.47	-70.60	-35.36
22.56	-70.25	-37.73
22.64	-69.92	-40.08
22.73	-69.62	-42.39
22.82	-69.35	-44.65
22.90	-69.11	-46.86
22.99	-68.91	-48.99
23.07	-68.75	-51.04
23.16	-68.63	-53.00
23.25	-68.56	-54.84
23.34	-68.55	-56.55
23.43	-68.59	-58.12
23.51	-68.69	-59.55
23.60	-68.85	-60.81
23.69	-69.07	-61.91
23.78	-69.34	-62.85
23.87	-69.67	-63.62
23.96	-70.04	-64.23
24.05	-70.46	-64.66
24.14	-70.92	-64.93
24.23	-71.42	-65.01
24.32	-71.96	-64.92
24.42	-72.52	-64.65
24.51	-73.12	-64.19
24.60	-73.74	-63.55
24.69	-74.39	-62.72
24.79	-75.05	-61.69
24.88	-75.73	-60.48
24.97	-76.42	-59.06
25.07	-77.11	-57.45
25.16	-77.81	-55.63
25.26	-78.51	-53.60
25.35	-79.20	-51.37
25.45	-79.88	-48.92
25.54	-80.55	-46.26
25.64	-81.20	-43.39
25.74	-81.83	-40.29
25.84	-82.43	-36.96
25.93	-82.99	-33.41
26.03	-83.52	-29.63
26.13	-84.01	-25.62
26.23	-84.45	-21.36
26.33	-84.83	-16.87
26.43	-85.16	-12.13
26.53	-85.43	-7.16
26.63	-85.64	-1.98
26.73	-85.80	3.40
26.83	-85.91	8.96
26.93	-85.97	14.67
27.03	-85.98	20.51
27.13	-85.95	26.46
27.23	-85.89	32.51
27.34	-85.78	38.62
27.44	-85.64	44.77
27.54	-85.47	50.94
27.65	-85.27	57.11
27.75	-85.05	63.25
27.86	-84.81	69.33
27.96	-84.55	75.33
28.07	-84.27	81.23
28.17	-83.99	86.99
28.28	-83.70	92.58
28.39	-83.41	97.99
28.49	-83.12	103.17
28.60	-82.83	108.11
28.71	-82.55	112.77
28.82	-82.29	117.11
28.93	-82.05	121.11
29.03	-81.82	124.74
29.14	-81.63	127.96
29.25	-81.46	130.74
29.36	-81.33	133.04
29.48	-81.24	134.88
29.59	-81.18	136.27
29.70	-81.16	137.24
29.81	-81.16	137.82
29.92	-81.20	138.05
30.04	-81.27	137.95
30.15	-81.37	137.55
30.26	-81.49	136.89
30.38	-81.64	135.99
30.49	-81.81	134.89
30.61	-82.00	133.63
30.72	-82.21	132.24
30.84	-82.43	130.76
30.95	-82.67	129.22
31.07	-82.93	127.66
31.19	-83.20	126.11
31.31	-83.47	124.63
31.42	-83.75	123.24
31.54	-84.04	121.99
31.66	-84.33	120.92
31.78	-84.63	120.07
31.90	-84.92	119.49
32.02	-85.20	119.22
32.14	-85.48	119.31
32.26	-85.75	119.80
32.39	-86.01	120.73
32.51	-86.26	122.08
32.63	-86.50	123.86
32.75	-86.72	126.06
32.88	-86.92	128.67
33.00	-87.11	131.68
33.13	-87.28	135.10
33.25	-87.43	138.90
33.38	-87.56	143.10
33.50	-87.67	147.67
33.63	-87.75	152.62
33.76	-87.81	157.93
33.88	-87.84	163.60
34.01	-87.85	169.61
34.14	-87.82	175.97
34.27	-87.76	-177.34
34.40	-87.67	-170.32
34.53	-87.55	-163.00
34.66	-87.39	-155.36
34.79	-87.19	-147.43
34.92	-86.95	-139.21
35.05	-86.68	-130.72
35.18	-86.36	-121.96
35.32	-85.99	-112.96
35.45	-85.59	-103.76
35.58	-85.15	-94.44
35.72	-84.68	-85.05
35.85	-84.19	-75.65
35.99	-83.67	-66.30
36.12	-83.14	-57.08
36.26	-82.60	-48.04
36.40	-82.05	-39.26
36.53	-81.51	-30.79
36.67	-80.96	-22.72
36.81	-80.43	-15.12
36.95	-79.91	-8.05
37.09	-79.41	-1.60
37.23	-78.93	4.17
37.37	-78.49	9.16
37.51	-78.09	13.31
37.65	-77.74	16.52
37.79	-77.43	18.72
37.94	-77.18	19.82
38.08	-77.00	19.73
38.22	-76.88	18.39
38.37	-76.83	15.85
38.51	-76.84	12.20
38.66	-76.91	7.52
38.80	-77.01	1.89
38.95	-77.17	-4.58
39.10	-77.35	-11.81
39.24	-77.56	-19.69
39.39	-77.79	-28.14
39.54	-78.04	-37.06
39.69	-78.29	-46.33
39.84	-78.54	-55.85
39.99	-78.78	-65.52
40.14	-79.00	-75.23
40.29	-79.20	-84.87
40.45	-79.37	-94.31
40.60	-79.49	-103.44
40.75	-79.57	-112.15
40.90	-79.58	-120.31
41.06	-79.54	-127.79
41.21	-79.42	-134.51
41.37	-79.24	-140.46
41.53	-79.00	-145.64
41.68	-78.72	-150.04
41.84	-78.40	-153.67
42.00	-78.05	-156.53
42.16	-77.68	-158.61
42.32	-77.30	-159.91
42.47	-76.92	-160.43
42.63	-76.55	-160.18
42.80	-76.20	-159.14
42.96	-75.87	-157.33
43.12	-75.59	-154.73
43.28	-75.36	-151.36
43.45	-75.19	-147.20
43.61	-75.09	-142.27
43.77	-75.07	-136.55
43.94	-75.15	-130.05
44.10	-75.33	-122.79
44.27	-75.61	-114.86
44.44	-75.97	-106.39
44.61	-76.40	-97.50
44.77	-76.89	-88.31
44.94	-77.43	-78.95
45.11	-78.00	-69.57
45.28	-78.59	-60.29
45.45	-79.19	-51.24
45.63	-79.77	-42.59
45.80	-80.34	-34.46
45.97	-80.86	-27.01
46.14	-81.33	-20.39
46.32	-81.74	-14.75
46.49	-82.05	-10.26
46.67	-82.27	-7.07
46.84	-82.37	-5.34
47.02	-82.34	-5.22
47.20	-82.18	-6.62
47.38	-81.92	-9.32
47.56	-81.55	-13.15
47.74	-81.10	-17.89
47.92	-80.58	-23.33
48.10	-80.01	-29.28
48.28	-79.41	-35.49
48.46	-78.78	-41.77
48.64	-78.15	-47.87
48.83	-77.53	-53.56
49.01	-76.94	-58.61
49.20	-76.39	-62.77
49.38	-75.92	-65.80
49.57	-75.52	-67.43
49.75	-75.23	-67.42
49.94	-75.06	-65.51
50.13	-75.00	-61.73
50.32	-75.04	-56.22
50.51	-75.17	-49.12
50.70	-75.37	-40.61
50.89	-75.63	-30.83
51.08	-75.93	-19.96
51.28	-76.24	-8.16
51.47	-76.57	4.40
51.66	-76.88	17.53
51.86	-77.17	31.07
52.05	-77.40	44.82
52.25	-77.58	58.59
52.45	-77.67	72.20
52.65	-77.65	85.44
52.85	-77.52	98.12
53.04	-77.25	110.12
53.24	-76.88	121.39
53.45	-76.40	131.89
53.65	-75.83	141.56
53.85	-75.18	150.36
54.05	-74.46	158.25
54.26	-73.69	165.17
54.46	-72.88	171.07
54.67	-72.04	175.90
54.87	-71.18	179.60
55.08	-70.32	-177.87
55.29	-69.48	-176.58
55.50	-68.66	-176.57
55.71	-67.88	-177.92
55.92	-67.16	179.39
56.13	-66.49	175.46
56.34	-65.87	170.41
56.55	-65.32	164.39
56.77	-64.82	157.52
56.98	-64.38	149.95
57.19	-64.00	141.82
57.41	-63.68	133.27
57.63	-63.42	124.45
57.84	-63.23	115.51
58.06	-63.10	106.62
58.28	-63.04	97.93
58.50	-63.04	89.60
58.72	-63.11	81.79
58.94	-63.26	74.56
59.17	-63.47	67.87
59.39	-63.76	61.69
59.61	-64.12	55.98
59.84	-64.57	50.70
60.06	-65.09	45.82
60.29	-65.70	41.29
60.52	-66.39	37.08
60.75	-67.17	33.13
60.98	-68.04	29.41
61.21	-69.01	25.88
61.44	-70.07	22.49
61.67	-71.22	19.19
61.90	-72.46	16.00
62.14	-73.75	12.96
62.37	-75.08	10.12
62.61	-76.40	7.52
62.84	-77.70	5.22
63.08	-78.94	3.27
63.32	-80.10	1.71
63.56	-81.14	0.60
63.80	-82.04	0.00
64.04	-82.76	-0.05
64.28	-83.28	0.52
64.52	-83.55	1.76
64.76	-83.56	3.70
65.01	-83.34	6.30
65.25	-82.92	9.53
65.50	-82.31	13.35
65.75	-81.55	17.72
66.00	-80.67	22.58
66.24	-79.69	27.91
66.49	-78.65	33.66
66.75	-77.57	39.78
67.00	-76.49	46.23
67.25	-75.43	52.96
67.50	-74.43	59.92
67.76	-73.51	67.01
68.01	-72.64	74.08
68.27	-71.83	80.96
68.53	-71.07	87.51
68.79	-70.33	93.54
69.05	-69.62	98.90
69.31	-68.93	103.40
69.57	-68.23	106.88
69.83	-67.53	109.14
70.09	-66.80	110.01
70.36	-66.05	109.29
70.62	-65.26	106.90
70.89	-64.44	102.98
71.16	-63.61	97.71
71.43	-62.77	91.28
71.70	-61.96	83.90
71.97	-61.17	75.75
72.24	-60.42	67.05
72.51	-59.73	57.99
72.79	-59.11	48.80
73.06	-58.58	39.69
73.34	-58.15	30.88
73.61	-57.84	22.46
73.89	-57.66	14.31
74.17	-57.61	6.29
74.45	-57.71	-1.76
74.73	-57.98	-9.98
75.01	-58.42	-18.53
75.29	-59.04	-27.55
75.58	-59.86	-37.22
75.86	-60.90	-47.69
76.15	-62.15	-59.14
76.44	-63.63	-71.64
76.73	-65.29	-84.81
77.02	-67.07	-98.13
77.31	-68.90	-111.06
77.60	-70.70	-123.05
77.89	-72.43	-133.52
78.18	-73.99	-141.90
78.48	-75.34	-147.61
78.78	-76.38	-150.02
79.07	-77.04	-148.54
79.37	-77.28	-142.70
79.67	-77.11	-132.99
79.97	-76.63	-120.22
80.27	-75.90	-105.22
80.58	-74.99	-88.85
80.88	-73.98	-71.98
81.19	-72.96	-55.49
81.49	-72.00	-40.30
81.80	-71.18	-27.34
82.11	-70.59	-17.57
82.42	-70.28	-11.51
82.73	-70.21	-8.90
83.04	-70.36	-9.34
83.35	-70.70	-12.43
83.67	-71.18	-17.78
83.99	-71.77	-24.95
84.30	-72.43	-33.54
84.62	-73.12	-43.09
84.94	-73.81	-53.17
85.26	-74.46	-63.37
85.58	-75.04	-73.49
85.90	-75.54	-83.39
86.23	-75.94	-92.94
86.55	-76.23	-102.00
86.88	-76.39	-110.44
87.21	-76.39	-118.09
87.54	-76.22	-124.83
87.87	-75.87	-130.49
88.20	-75.31	-134.94
88.53	-74.61	-138.18
88.87	-73.84	-140.25
89.20	-73.05	-141.18
89.54	-72.32	-141.00
89.88	-71.73	-139.76
90.22	-71.36	-137.48
90.56	-71.27	-134.21
90.90	-71.54	-129.99
91.24	-72.21	-124.91
91.59	-73.21	-119.19
91.93	-74.46	-113.07
92.28	-75.87	-106.80
92.63	-77.35	-100.61
92.98	-78.81	-94.76
93.33	-80.17	-89.52
93.68	-81.33	-85.14
94.03	-82.21	-81.87
94.39	-82.78	-79.78
94.74	-83.07	-78.83
95.10	-83.07	-79.00
95.46	-82.81	-80.25
95.82	-82.30	-82.56
96.18	-81.55	-85.91
96.54	-80.58	-90.25
96.91	-79.41	-95.54
97.27	-78.08	-101.55
97.64	-76.68	-107.91
98.01	-75.30	-114.23
98.38	-74.02	-120.12
98.75	-72.92	-125.19
99.12	-72.11	-129.02
99.50	-71.67	-131.19
99.87	-71.69	-131.33
100.25	-72.13	-129.67
100.63	-72.91	-126.80
101.01	-73.92	-123.32
101.39	-75.06	-119.85
101.77	-76.24	-117.03
102.16	-77.34	-115.50
102.54	-78.26	-115.94
102.93	-78.90	-118.77
103.32	-79.27	-123.53
103.71	-79.39	-129.49
104.10	-79.26	-135.92
104.49	-78.91	-142.07
104.88	-78.36	-147.17
105.28	-77.62	-150.42
105.68	-76.72	-151.07
106.08	-75.73	-149.16
106.48	-74.80	-145.51
106.88	-74.05	-140.99
107.28	-73.62	-136.49
107.69	-73.67	-132.92
108.09	-74.33	-131.20
108.50	-75.76	-132.30
108.91	-77.97	-136.60
109.32	-80.75	-143.40
109.73	-83.81	-151.85
110.15	-86.90	-161.08
110.56	-89.72	-170.20
110.98	-92.01	-178.31
111.40	-93.46	175.54
111.82	-93.90	171.98
112.24	-93.45	170.98
112.67	-92.28	172.36
113.09	-90.56	175.97
113.52	-88.46	-178.37
113.95	-86.15	-170.84
114.38	-83.83	-161.60
114.81	-81.62	-151.01
115.24	-79.60	-139.68
115.68	-77.81	-128.28
116.11	-76.32	-117.51
116.55	-75.18	-108.05
116.99	-74.44	-100.62
117.43	-74.18	-95.94
117.87	-74.39	-94.27
118.32	-75.04	-95.48
118.77	-76.10	-99.45
119.21	-77.53	-106.03
119.66	-79.30	-115.07
120.12	-81.36	-126.42
120.57	-83.66	-139.69
121.02	-86.04	-153.44
121.48	-88.29	-165.95
121.94	-90.24	-175.48
122.40	-91.67	179.79
122.86	-92.38	-178.32
123.32	-92.18	-168.11
123.79	-91.12	-150.54
124.26	-89.42	-128.74
124.73	-87.33	-105.94
125.20	-85.08	-85.46
125.67	-82.94	-70.67
126.14	-81.16	-65.00
126.62	-79.88	-69.60
127.10	-79.06	-82.10
127.58	-78.65	-99.84
128.06	-78.60	-120.05
128.54	-78.84	-139.94
129.03	-79.33	-156.65
129.51	-80.01	-168.50
130.00	-80.81	-176.32
130.49	-81.67	178.77
130.98	-82.53	175.63
131.48	-83.31	173.07
131.98	-83.96	169.90
132.47	-84.42	165.58
132.97	-84.66	160.74
133.48	-84.64	156.17
133.98	-84.33	152.66
134.48	-83.71	151.03
134.99	-82.74	152.09
135.50	-81.45	155.83
136.01	-79.95	161.26
136.53	-78.36	167.33
137.04	-76.78	172.93
137.56	-75.33	176.97
138.08	-74.12	178.38
138.60	-73.19	176.78
139.12	-72.53	172.14
139.65	-72.14	164.44
140.17	-71.99	153.68
140.70	-72.08	139.84
141.23	-72.38	123.15
141.77	-72.83	104.52
142.30	-73.34	84.95
142.84	-73.84	65.51
143.38	-74.22	47.26
143.92	-74.44	31.31
144.46	-74.56	18.97
145.01	-74.75	11.69
145.55	-75.21	10.96
146.10	-76.12	18.27
146.65	-77.66	35.18
147.21	-79.79	61.43
147.76	-82.08	93.79
148.32	-84.03	128.68
148.88	-85.16	162.43
149.44	-84.94	-168.73
150.01	-83.14	-147.45
150.57	-80.46	-132.31
151.14	-77.83	-120.96
151.71	-76.19	-111.01
152.28	-76.52	-100.00
152.86	-79.54	-86.00
153.43	-84.48	-70.19
154.01	-90.02	-54.84
154.59	-94.83	-42.30
155.18	-97.54	-34.97
155.76	-97.01	-34.80
156.35	-93.70	-40.62
156.94	-88.77	-49.90
157.53	-83.42	-60.08
158.13	-78.85	-68.50
158.72	-76.11	-73.04
159.32	-75.05	-74.79
159.93	-75.10	-76.09
160.53	-75.67	-79.31
161.13	-76.16	-86.90
161.74	-76.08	-100.33
162.35	-75.51	-117.12
162.97	-74.65	-133.72
163.58	-73.72	-146.48
164.20	-72.91	-151.71
164.82	-72.43	-148.02
165.44	-72.36	-139.05
166.06	-72.81	-129.22
166.69	-73.86	-123.01
167.32	-75.60	-124.82
167.95	-77.84	-134.96
168.58	-80.07	-149.70
169.22	-81.79	-165.07
169.86	-82.47	-177.03
170.50	-81.74	177.82
171.14	-80.01	178.87
171.79	-77.97	-175.90
172.44	-76.34	-168.56
173.09	-75.84	-161.18
173.74	-76.65	-155.32
174.40	-78.22	-151.66
175.06	-79.89	-150.84
175.72	-81.01	-153.53
176.38	-81.06	-160.00
177.04	-80.36	-168.47
177.71	-79.52	-176.41
178.38	-79.18	178.78
179.06	-79.93	179.61
179.73	-81.70	-174.47
180.41	-83.68	-167.02
181.09	-85.04	-161.81
181.77	-84.92	-162.70
182.46	-82.98	-171.17
183.15	-80.08	176.81
183.84	-77.23	166.17
184.53	-75.51	161.91
185.23	-75.68	167.51
185.93	-77.13	178.65
186.63	-78.78	-171.39
187.33	-79.54	-169.50
188.04	-78.46	178.37
188.75	-75.92	155.19
189.46	-73.00	128.48
190.18	-70.78	105.94
190.90	-70.32	94.79
191.62	-71.60	93.60
192.34	-73.92	94.96
193.07	-76.51	91.17
193.79	-78.66	75.04
194.53	-80.21	49.43
195.26	-81.50	25.27
196.00	-82.89	13.96
196.74	-84.68	26.16
197.48	-86.74	58.20
198.22	-88.50	95.11
198.97	-89.40	121.31
199.72	-88.92	122.12
200.48	-87.27	97.34
201.23	-85.14	56.24
201.99	-83.24	8.50
202.75	-82.23	-36.57
203.52	-82.10	-73.71
204.29	-82.55	-99.51
205.06	-83.30	-110.47
205.83	-84.04	-105.30
206.61	-84.59	-92.47
207.39	-84.74	-83.31
208.17	-84.33	-89.39
208.96	-83.34	-114.98
209.74	-82.19	-147.87
210.54	-81.36	-173.37
211.33	-81.32	-177.07
212.13	-82.03	-158.42
212.93	-82.92	-131.39
213.73	-83.40	-110.92
214.54	-82.99	-109.84
215.35	-82.03	-124.93
216.16	-81.24	-146.14
216.98	-81.34	-163.20
217.80	-82.62	-170.30
218.62	-84.31	-171.39
219.44	-85.54	-171.76
220.27	-85.46	-176.41
221.10	-84.12	175.06
221.94	-82.17	166.71
222.77	-80.28	162.77
223.61	-79.02	165.23
224.46	-78.63	170.01
225.30	-79.31	171.90
226.15	-81.17	166.10
227.01	-83.48	153.78
227.86	-84.91	140.03
228.72	-84.13	130.10
229.59	-80.80	126.18
230.45	-76.68	124.15
231.32	-73.82	119.03
232.20	-73.89	107.14
233.07	-76.16	93.28
233.95	-78.92	85.61
234.84	-80.49	92.00
235.72	-80.65	110.60
236.61	-80.62	130.07
237.50	-81.67	138.49
238.40	-84.29	130.51
239.30	-87.29	115.10
240.20	-89.21	103.23
241.11	-88.95	103.20
242.02	-87.02	110.43
242.93	-84.43	116.58
243.85	-82.14	114.25
244.77	-80.53	106.26
245.69	-79.70	100.82
246.62	-79.72	105.81
247.55	-80.29	118.72
248.48	-80.78	128.07
249.42	-80.57	122.20
250.36	-79.64	101.31
251.31	-78.72	80.43
252.26	-78.62	75.63
253.21	-79.50	90.73
254.16	-80.51	109.23
255.12	-80.67	112.50
256.09	-79.62	93.17
257.05	-78.17	66.47
258.02	-77.29	50.58
259.00	-77.65	54.13
259.97	-79.28	64.66
260.95	-82.12	66.69
261.94	-85.60	53.69
262.93	-88.17	38.82
263.92	-88.11	38.02
264.92	-85.15	56.82
265.92	-81.99	79.80
266.92	-81.70	88.92
267.93	-85.13	78.62
268.94	-89.43	64.29
269.95	-91.42	63.27
270.97	-90.04	80.80
271.99	-87.03	106.53
273.02	-84.24	129.21
274.05	-82.30	143.54
275.08	-80.63	149.71
276.12	-78.71	148.15
277.16	-76.78	140.15
278.21	-75.51	127.44
279.26	-75.40	112.05
280.31	-75.79	97.02
281.37	-75.56	85.85
282.43	-74.14	80.28
283.50	-72.56	76.86
284.57	-72.14	71.20
285.64	-73.14	62.29
286.72	-74.32	54.11
287.80	-74.40	50.68
288.89	-73.64	50.70
289.98	-73.41	49.05
291.07	-74.70	42.02
292.17	-76.54	33.42
293.27	-77.36	29.36
294.38	-76.67	31.18
295.49	-76.03	31.31
296.61	-77.05	22.02
297.73	-79.17	7.72
298.85	-80.26	1.67
299.98	-78.85	11.96
301.11	-76.45	25.48
302.25	-75.24	24.24
303.39	-75.91	7.40
304.53	-77.30	-4.62
305.68	-78.31	5.06
306.83	-79.23	21.48
307.99	-80.88	17.56
309.15	-83.39	-9.39
310.32	-85.78	-21.93
311.49	-87.09	14.13
312.67	-87.26	77.56
313.85	-86.65	122.08
315.03	-85.29	125.04
316.22	-82.61	104.11
317.41	-78.29	79.25
318.61	-74.06	58.34
319.81	-72.41	44.34
321.02	-73.73	36.38
322.23	-75.53	28.47
323.45	-75.74	15.61
324.67	-75.22	-0.94
325.89	-75.57	-17.93
327.12	-76.91	-28.80
328.36	-78.08	-24.15
329.60	-78.30	-3.22
330.84	-77.77	14.08
332.09	-76.87	8.96
333.34	-76.29	-6.66
334.60	-76.77	-8.60
335.86	-77.93	4.79
337.13	-78.18	11.21
338.40	-76.78	-1.57
339.68	-75.30	-17.50
340.96	-75.32	-19.73
342.25	-76.35	-14.01
343.54	-77.17	-13.91
344.83	-77.19	-21.16
346.14	-76.36	-27.92
347.44	-75.08	-29.75
348.75	-74.47	-28.10
350.07	-75.13	-25.63
351.39	-75.85	-27.13
352.72	-75.34	-36.52
354.05	-74.17	-49.74
355.38	-73.49	-60.17
356.72	-73.37	-67.58
358.07	-73.17	-75.84
359.42	-73.22	-85.88
360.78	-74.90	-95.42
362.14	-78.14	-101.67
363.51	-80.43	-101.35
364.88	-80.37	-94.52
366.25	-80.11	-89.85
367.64	-81.52	-94.03
369.02	-83.51	-101.08
370.42	-84.78	-105.16
371.81	-86.83	-116.87
373.22	-91.27	-150.97
374.63	-93.84	147.78
376.04	-88.77	61.77
377.46	-80.79	-20.95
378.88	-79.47	-61.64
380.31	-82.83	-64.85
381.75	-81.95	-63.12
383.19	-78.07	-80.99
384.63	-79.51	-133.53
386.09	-84.84	174.61
387.54	-85.04	-164.83
389.00	-82.38	-89.58
390.47	-88.23	-51.38
391.95	-98.28	-61.47
393.43	-95.45	-61.38
394.91	-82.89	-38.07
396.40	-79.98	-17.88
397.90	-86.12	-10.13
399.40	-85.69	-10.42
400.90	-78.82	-23.40
402.42	-76.14	-57.40
403.94	-77.58	-88.54
405.46	-77.06	-80.18
406.99	-74.44	-56.62
408.53	-72.39	-64.43
410.07	-71.64	-91.74
411.61	-71.95	-109.32
413.17	-72.28	-118.73
414.73	-71.96	-129.01
416.29	-72.79	-142.60
417.86	-75.67	-157.32
419.44	-78.11	-163.26
421.02	-78.82	-160.95
422.61	-79.34	-169.41
424.21	-80.69	175.89
425.81	-82.97	-175.50
427.41	-85.61	-160.16
429.03	-87.66	-178.91
430.65	-88.42	167.88
432.27	-87.48	-150.87
433.90	-84.87	-123.41
435.54	-83.01	-156.23
437.18	-89.31	-173.13
438.83	-99.43	-147.80
440.49	-94.69	-138.10
442.15	-85.40	-132.00
443.82	-96.46	-80.16
445.49	-105.73	-47.21
447.18	-90.46	-92.33
448.86	-79.48	-128.54
450.56	-85.34	-110.88
452.26	-85.03	-91.48
453.96	-78.08	-91.58
455.68	-78.29	-103.82
457.40	-80.60	-113.67
459.12	-78.22	-115.95
460.85	-74.28	-129.74
462.59	-72.63	-156.03
464.34	-75.53	-176.89
466.09	-78.22	172.32
467.85	-76.44	169.13
469.62	-74.70	167.94
471.39	-75.03	162.80
473.17	-75.87	149.92
474.95	-78.31	138.62
476.74	-82.38	138.34
478.54	-83.23	146.29
480.35	-81.01	160.09
482.16	-79.97	174.20
483.98	-79.74	158.58
485.81	-79.75	110.65
487.64	-81.46	77.71
489.48	-85.68	35.53
491.33	-90.45	-50.76
493.18	-87.83	-124.09
495.04	-80.22	-163.64
496.91	-77.95	166.73
498.79	-79.57	141.93
500.67	-80.39	127.13
502.56	-77.48	126.91
504.45	-77.40	103.50
506.36	-82.68	57.96
508.27	-83.18	73.04
510.19	-79.88	76.59
512.11	-79.08	-12.80
514.04	-83.77	-116.54
515.98	-91.31	165.03
517.93	-95.27	129.43
519.89	-89.33	175.80
521.85	-82.15	-138.46
523.82	-83.65	-171.67
525.79	-85.11	-177.44
527.78	-84.13	-160.53
529.77	-83.08	-173.27
531.77	-82.69	167.03
533.78	-82.77	147.09
535.79	-82.98	132.22
537.81	-83.13	144.23
539.84	-82.09	169.06
541.88	-79.93	175.36
543.92	-78.44	144.59
545.98	-77.30	125.86
548.04	-76.41	130.14
550.10	-76.17	119.88
552.18	-76.03	88.30
554.26	-76.90	72.75
556.35	-79.17	77.57
558.45	-80.89	16.70
560.56	-84.06	-91.67
562.68	-86.18	-171.08
564.80	-82.02	-177.13
566.93	-78.31	157.95
569.07	-77.31	128.56
571.22	-76.93	120.98
573.37	-75.79	85.36
575.54	-76.95	92.49
577.71	-79.72	72.51
579.89	-80.25	-7.15
582.08	-77.58	69.21
584.27	-77.68	119.55
586.48	-78.57	93.41
588.69	-76.26	88.27
590.91	-77.65	64.26
593.14	-79.89	76.49
595.38	-78.87	91.62
597.63	-77.31	58.84
599.88	-82.17	52.71
602.15	-82.62	90.28
604.42	-79.23	105.92
606.70	-77.03	83.08
608.99	-74.79	81.37
611.29	-74.41	58.41
613.59	-74.57	47.61
615.91	-74.18	54.15
618.23	-74.86	45.37
620.57	-77.29	31.35
622.91	-74.52	31.75
625.26	-77.09	14.65
627.62	-84.48	32.21
629.99	-81.75	108.82
632.36	-68.79	93.65
634.75	-63.40	36.18
637.15	-67.93	-4.94
639.55	-70.99	-19.61
641.96	-70.42	-15.91
644.39	-73.58	-3.25
646.82	-69.00	-11.08
649.26	-67.62	-37.89
651.71	-70.16	-60.05
654.17	-73.00	-55.06
656.64	-74.71	-50.52
659.11	-73.58	-71.27
661.60	-75.32	-32.06
664.10	-73.49	-54.62
666.60	-74.25	-72.90
669.12	-75.62	-74.67
671.64	-75.35	-86.68
674.18	-76.83	-78.47
676.72	-74.88	-81.40
679.28	-74.66	-112.87
681.84	-83.17	169.64
684.41	-81.34	-128.00
687.00	-75.95	-68.03
689.59	-87.87	-165.18
692.19	-94.14	-176.96
694.80	-79.70	-23.72
697.42	-82.04	-17.09
700.06	-77.78	-8.65
702.70	-81.81	-122.58
705.35	-70.97	-69.20
708.01	-73.38	-75.33
710.68	-75.85	-122.01
713.36	-75.44	-91.60
716.06	-79.74	-83.16
718.76	-77.13	-103.56
721.47	-70.54	-105.38
724.19	-71.15	-138.74
726.93	-73.74	-145.53
729.67	-72.89	-175.44
732.42	-78.44	126.02
735.19	-77.55	-132.29
737.96	-86.87	61.10
740.75	-81.27	141.25
743.54	-84.90	-77.73
746.35	-79.89	-96.86
749.16	-76.97	-140.86
751.99	-81.20	-135.59
754.83	-78.18	-154.45
757.68	-79.82	-157.44
760.54	-81.20	-175.52
763.41	-76.58	-155.88
766.29	-75.34	-158.56
769.18	-75.29	152.11
772.08	-84.12	143.95
774.99	-89.48	135.91
777.92	-81.65	174.89
780.85	-79.34	-148.03
783.80	-81.74	137.98
786.76	-84.11	160.24
789.73	-85.07	175.43
792.71	-83.82	166.33
795.70	-81.84	-156.34
798.70	-77.07	178.19
801.71	-76.19	164.19
804.74	-77.00	132.26
807.78	-78.47	143.87
810.83	-77.21	150.01
813.88	-72.73	114.75
816.96	-78.44	51.22
820.04	-83.48	123.90
823.13	-82.12	55.93
826.24	-86.54	-81.33
829.36	-81.39	-175.22
832.49	-78.96	145.99
835.63	-83.75	-172.65
838.78	-77.55	169.76
841.95	-75.50	138.27
845.12	-76.86	110.32
848.31	-77.54	124.75
851.51	-76.69	99.03
854.73	-77.58	92.62
857.95	-78.51	81.76
861.19	-81.14	56.80
864.44	-100.28	121.55
867.70	-78.54	148.70
870.98	-73.72	137.10
874.26	-73.34	95.37
877.56	-75.36	81.54
880.87	-75.22	74.88
884.20	-75.39	64.80
887.53	-76.23	46.81
890.88	-79.87	47.76
894.25	-76.91	88.01
897.62	-73.96	38.32
901.01	-77.74	6.46
904.41	-92.59	23.22
907.82	-75.27	60.18
911.25	-79.74	19.92
914.68	-80.55	47.58
918.14	-78.60	73.57
921.60	-72.20	62.55
925.08	-71.50	40.58
928.57	-72.06	25.65
932.07	-71.53	19.12
935.59	-72.72	8.25
939.12	-72.20	-5.96
942.67	-73.18	-7.59
946.22	-73.86	-12.58
949.79	-71.55	-13.91
953.38	-70.27	-29.81
956.97	-71.52	-46.07
960.59	-71.58	-60.26
964.21	-73.53	-60.34
967.85	-70.89	-77.98
971.50	-73.76	-118.70
975.17	-79.59	-114.21
978.85	-82.64	-98.93
982.54	-80.77	-59.78
986.25	-76.04	-87.50
989.97	-78.34	-137.66
993.71	-81.83	116.47
997.46	-72.12	11.98
1001.22	-68.08	-42.21
1005.00	-69.19	-87.19
1008.79	-70.95	-102.52
1012.60	-71.80	-139.00
1016.42	-77.30	-176.22
1020.25	-81.23	-113.77
1024.10	-74.71	-107.47
1027.97	-73.76	-128.80
1031.85	-75.26	-176.17
1035.74	-86.63	161.89
1039.65	-78.00	-120.90
1043.57	-77.87	-160.17
1047.51	-79.20	178.71
1051.46	-87.36	-112.58
1055.43	-79.22	-166.74
1059.41	-81.23	135.69
1063.41	-83.12	-104.73
1067.43	-80.26	174.17
1071.45	-94.77	-103.59
1075.50	-85.75	169.64
1079.55	-94.10	22.02
1083.63	-95.05	-107.66
1087.72	-80.04	-99.63
1091.82	-74.78	-90.67
1095.94	-73.97	-142.45
1100.08	-73.07	-172.92
1104.23	-75.31	-173.08
1108.40	-72.95	178.14
1112.58	-75.84	169.38
1116.78	-74.04	154.33
1120.99	-74.89	154.46
1125.22	-72.32	150.06
1129.47	-71.75	138.32
1133.73	-72.20	102.60
1138.01	-74.25	98.15
1142.30	-79.40	89.96
1146.61	-78.12	98.61
1150.94	-79.27	115.26
1155.28	-74.23	107.79
1159.64	-77.40	101.16
1164.02	-75.84	90.87
1168.41	-76.43	117.04
1172.82	-76.30	83.14
1177.25	-74.64	102.44
1181.69	-72.69	84.47
1186.15	-72.53	76.42
1190.62	-72.39	66.78
1195.12	-73.72	59.79
1199.63	-73.75	50.62
1204.15	-73.54	63.08
1208.70	-71.86	56.15
1213.26	-69.01	43.44
1217.84	-68.94	31.47
1222.43	-68.59	17.19
1227.04	-67.99	-13.43
1231.67	-71.76	-19.32
1236.32	-70.65	-16.50
1240.99	-69.07	-42.24
1245.67	-73.20	-45.09
1250.37	-71.71	-42.73
1255.09	-73.10	-61.91
1259.83	-71.67	-48.15
1264.58	-70.51	-75.61
1269.35	-71.90	-94.22
1274.14	-76.19	-97.95
1278.95	-75.96	-92.01
1283.78	-74.92	-87.82
1288.62	-79.18	-100.57
1293.48	-76.72	-62.92
1298.36	-72.47	-90.97
1303.26	-72.18	-106.27
1308.18	-73.26	-120.03
1313.12	-69.77	-130.37
1318.07	-71.61	-165.84
1323.05	-73.19	-173.51
1328.04	-72.15	143.30
1333.05	-78.83	66.40
1338.08	-83.17	-71.50
1343.13	-78.29	-134.67
1348.20	-81.25	-151.51
1353.29	-78.13	-151.75
1358.39	-75.51	-167.09
1363.52	-76.00	-159.10
1368.67	-73.90	169.26
1373.83	-73.26	133.51
1379.01	-76.73	91.43
1384.22	-89.64	107.88
1389.44	-83.30	161.93
1394.68	-81.70	168.67
1399.95	-81.67	151.46
1405.23	-80.97	140.32
1410.53	-79.18	152.02
1415.86	-75.45	133.42
1421.20	-81.07	91.94
1426.56	-81.61	95.37
1431.94	-84.70	-176.53
1437.35	-77.96	136.96
1442.77	-76.92	119.14
1448.22	-76.60	91.45
1453.68	-78.35	83.88
1459.17	-77.00	71.63
1464.67	-80.72	73.13
1470.20	-79.88	66.98
1475.75	-79.16	61.38
1481.32	-82.28	53.76
1486.91	-77.90	80.50
1492.52	-78.04	58.90
1498.15	-75.99	54.77
1503.80	-75.48	42.25
1509.48	-75.86	18.99
1515.17	-75.81	11.87
1520.89	-76.70	-15.72
1526.63	-81.95	5.82
1532.39	-78.19	-2.93
1538.17	-78.64	-9.35
1543.98	-80.07	-35.79
1549.81	-87.92	-74.44
1555.65	-80.25	42.34
1561.52	-79.93	-13.37
1567.42	-77.69	-12.07
1573.33	-77.89	-14.65
1579.27	-73.98	-22.30
1585.23	-73.30	-51.70
1591.21	-73.40	-68.45
1597.21	-73.70	-73.69
1603.24	-74.12	-88.09
1609.29	-76.12	-109.78
1615.36	-77.24	-96.48
1621.46	-74.51	-109.07
1627.58	-74.29	-142.25
1633.72	-77.72	-145.94
1639.89	-80.33	-162.40
1646.07	-78.27	-131.69
1652.29	-79.17	-145.15
1658.52	-77.29	-161.18
1664.78	-77.89	-163.01
1671.06	-75.39	179.94
1677.37	-78.25	158.15
1683.70	-78.56	-175.46
1690.05	-75.10	170.20
1696.43	-74.84	137.68
1702.83	-79.39	127.75
1709.26	-77.54	117.98
1715.70	-78.38	91.96
1722.18	-80.39	112.49
1728.68	-81.13	129.42
1735.20	-80.34	108.67
1741.75	-81.50	136.63
1748.32	-77.84	115.79
1754.92	-75.73	104.55
1761.54	-75.61	75.90
1768.19	-77.52	62.21
1774.86	-79.10	62.28
1781.56	-78.73	57.44
1788.28	-78.98	86.89
1795.03	-77.82	39.42
1801.80	-77.76	57.67
1808.60	-76.53	27.76
1815.43	-81.18	43.72
1822.28	-75.09	58.13
1829.15	-74.49	28.77
1836.06	-74.14	13.62
1842.99	-76.33	8.22
1849.94	-73.81	3.48
1856.92	-73.46	-25.02
1863.93	-74.72	-24.61
1870.96	-75.35	-39.34
1878.02	-71.80	-37.15
1885.11	-73.26	-73.67
1892.22	-74.41	-88.21
1899.36	-73.75	-91.54
1906.53	-75.64	-101.07
1913.72	-72.60	-113.07
1920.95	-74.83	-125.39
1928.19	-78.11	-148.77
1935.47	-75.93	-129.95
1942.77	-78.45	-161.61
1950.11	-76.22	-152.18
1957.46	-78.45	-176.33
1964.85	-79.40	-166.40
1972.27	-75.16	-177.79
1979.71	-75.59	156.91
1987.18	-78.32	143.89
1994.68	-78.29	161.38
2002.20	-75.75	136.47
2009.76	-77.41	112.53
2017.34	-78.28	108.01
2024.96	-82.00	111.62
2032.60	-78.21	104.19
2040.27	-79.92	33.76
2047.97	-81.04	137.81
2055.70	-79.89	100.51
2063.45	-80.69	101.90
2071.24	-76.46	78.91
2079.06	-76.97	40.37
2086.90	-77.80	77.64
2094.78	-82.15	37.22
2102.68	-83.01	46.72
2110.62	-78.42	29.97
2118.58	-82.74	36.54
2126.57	-78.92	29.63
2134.60	-78.76	31.47
2142.65	-76.83	15.91
2150.74	-80.78	-7.97
2158.86	-76.48	3.00
2167.00	-78.52	-11.82
2175.18	-77.00	-12.02
2183.39	-73.42	-40.69
2191.63	-73.47	-58.55
2199.90	-75.16	-79.42
2208.20	-74.44	-91.38
2216.53	-77.52	-89.31
2224.90	-74.47	-122.63
2233.29	-79.54	-109.09
2241.72	-73.17	-116.59
2250.18	-72.88	-156.20
2258.67	-75.45	-169.18
2267.19	-74.73	165.64
2275.75	-77.36	164.18
2284.34	-75.40	130.65
2292.96	-80.22	142.49
2301.61	-78.31	116.82
2310.29	-79.66	115.78
2319.01	-81.96	117.70
2327.76	-79.14	117.49
2336.55	-83.22	66.88
2345.36	-78.60	111.78
2354.21	-81.71	89.80
2363.10	-81.33	103.98
2372.02	-79.41	78.48
2380.97	-82.46	36.02
2389.95	-83.34	85.47
2398.97	-81.21	74.21
2408.02	-79.67	71.60
2417.11	-81.67	57.26
2426.23	-77.31	45.83
2435.39	-78.97	21.14
2444.58	-79.98	22.31
2453.80	-78.67	11.13
2463.06	-75.19	-2.65
2472.35	-76.37	-27.50
2481.68	-78.11	-30.13
2491.05	-75.81	-48.74
2500.45	-75.93	-68.33
2509.88	-77.83	-85.09
2519.36	-79.16	-92.45
2528.86	-76.31	-84.89
2538.41	-74.24	-121.39
2547.98	-75.41	-157.70
2557.60	-78.55	-175.96
2567.25	-83.98	-168.33
2576.94	-79.25	-160.91
2586.66	-80.39	-172.44
2596.42	-80.09	161.36
2606.22	-80.87	150.13
2616.06	-82.78	147.17
2625.93	-84.43	147.38
2635.84	-75.99	141.51
2645.78	-78.27	114.85
2655.77	-76.78	92.90
2665.79	-80.76	97.83
2675.85	-80.18	80.59
2685.95	-77.99	79.04
2696.08	-79.79	58.45
2706.26	-78.08	85.05
2716.47	-76.52	24.02
2726.72	-78.47	29.37
2737.01	-81.01	7.67
2747.34	-82.94	16.21
2757.70	-78.59	18.33
2768.11	-78.07	5.73
2778.56	-78.99	-10.94
2789.04	-75.87	-30.55
2799.57	-76.63	-43.88
2810.13	-76.60	-72.06
2820.73	-78.56	-86.55
2831.38	-79.75	-105.77
2842.06	-78.25	-95.80
2852.79	-78.08	-117.53
2863.55	-81.59	-131.88
2874.36	-78.10	-135.11
2885.21	-78.15	-166.36
2896.09	-77.35	-153.41
2907.02	-76.77	169.99
2917.99	-76.48	153.50
2929.00	-78.10	153.70
2940.06	-76.67	129.01
2951.15	-77.74	103.29
2962.29	-75.99	99.42
2973.47	-78.67	64.30
2984.69	-80.02	66.47
2995.95	-80.09	58.13
3007.25	-81.32	77.65
3018.60	-78.83	49.47
3029.99	-78.17	45.14
3041.43	-78.71	27.72
3052.90	-79.49	7.06
3064.42	-80.56	8.49
3075.99	-77.63	1.95
3087.60	-78.10	-25.94
3099.25	-77.86	-40.93
3110.94	-78.16	-49.17
3122.68	-76.46	-72.72
3134.47	-78.51	-95.19
3146.29	-77.14	-115.48
3158.17	-79.01	-138.85
3170.08	-81.46	-153.06
3182.05	-80.85	-142.39
3194.05	-79.12	-165.24
3206.11	-77.79	-178.91
3218.21	-78.46	167.63
3230.35	-78.19	149.19
3242.54	-77.33	142.12
3254.77	-74.27	118.77
3267.06	-74.92	83.50
3279.39	-77.66	77.32
3291.76	-79.10	49.92
3304.18	-78.09	50.42
3316.65	-76.36	31.79
3329.17	-83.49	-4.60
3341.73	-82.90	14.59
3354.34	-82.74	14.44
3367.00	-80.64	19.39
3379.70	-79.16	-12.66
3392.46	-82.40	-15.58
3405.26	-80.53	-23.26
3418.11	-79.34	-59.28
3431.01	-76.08	-70.57
3443.95	-79.30	-109.17
3456.95	-83.24	-114.10
3469.99	-79.08	-130.13
3483.09	-79.20	-137.84
3496.23	-80.36	-167.68
3509.43	-78.02	-178.56
3522.67	-77.64	169.09
3535.96	-78.34	142.16
3549.31	-76.85	138.02
3562.70	-77.24	113.02
3576.14	-78.46	89.93
3589.64	-79.03	76.84
3603.18	-77.38	59.58
3616.78	-80.68	48.08
3630.43	-80.45	44.96
3644.13	-79.56	25.68
3657.88	-76.47	6.59
3671.68	-83.88	-18.09
3685.54	-81.71	-11.51
3699.45	-82.92	-8.10
3713.41	-80.26	-34.69
3727.42	-81.86	-63.69
3741.49	-81.98	-59.12
3755.60	-80.41	-93.22
3769.78	-81.79	-108.93
3784.00	-80.27	-126.00
3798.28	-80.18	-153.21
3812.61	-79.52	-156.16
3827.00	-79.37	165.69
3841.44	-79.39	152.51
3855.94	-79.51	135.14
3870.49	-83.75	126.89
3885.09	-80.78	127.82
3899.75	-78.89	114.89
3914.47	-77.16	99.45
3929.24	-77.74	68.11
3944.07	-78.53	41.83
3958.95	-78.53	50.82
3973.89	-77.14	23.91
3988.89	-77.02	2.81
4003.94	-80.73	-13.33
4019.05	-78.39	-40.98
4034.22	-78.45	-57.58
4049.44	-78.69	-75.50
4064.72	-80.65	-88.29
4080.06	-78.92	-96.66
4095.46	-78.65	-135.60
4110.91	-77.84	-128.25
4126.42	-75.72	-163.61
4141.99	-76.84	157.01
4157.62	-77.71	151.97
4173.31	-77.32	137.03
4189.06	-75.78	113.45
4204.87	-76.24	92.27
4220.74	-78.74	79.71
4236.66	-77.09	70.17
4252.65	-74.80	50.45
4268.70	-75.83	35.10
4284.81	-75.61	19.39
4300.98	-73.93	-4.10
4317.21	-74.96	-23.12
4333.50	-73.59	-55.67
4349.85	-74.79	-73.66
4366.26	-74.52	-103.46
4382.74	-75.07	-131.63
4399.28	-78.33	-170.88
4415.88	-77.25	-161.93
4432.54	-76.06	171.96
4449.27	-76.75	153.14
4466.06	-77.82	138.91
4482.91	-76.39	121.74
4499.83	-76.57	98.56
4516.81	-74.35	81.65
4533.85	-77.22	57.56
4550.96	-74.92	56.99
4568.14	-77.80	18.37
4585.37	-78.55	-63.21
4602.68	-76.12	15.41
4620.05	-75.65	-2.95
4637.48	-72.74	-38.92
4654.98	-73.19	-78.98
4672.55	-73.66	-96.94
4690.18	-73.77	-129.70
4707.88	-75.29	-167.40
4725.64	-76.57	-169.94
4743.48	-74.73	160.90
4761.38	-76.27	123.22
4779.34	-77.65	125.97
4797.38	-78.78	104.19
4815.48	-78.16	103.18
4833.65	-74.17	87.28
4851.89	-74.60	60.14
4870.20	-74.74	27.89
4888.58	-74.22	16.58
4907.03	-73.60	-21.55
4925.54	-73.23	-32.60
4944.13	-73.77	-79.50
4962.79	-74.90	-97.47
4981.52	-77.17	-133.56
5000.31	-77.05	-154.12
5019.18	-81.67	-164.39
5038.12	-76.06	-159.38
5057.14	-74.10	169.33
5076.22	-74.67	135.24
5095.37	-72.90	106.53
5114.60	-76.69	61.81
5133.90	-75.97	85.08
5153.27	-76.76	38.56
5172.72	-78.02	56.01
5192.24	-74.18	28.24
5211.83	-73.92	7.07
5231.50	-72.80	-23.46
5251.24	-72.25	-61.80
5271.06	-72.94	-97.76
5290.95	-76.83	-139.27
5310.91	-75.15	-146.63
5330.96	-75.05	-172.51
5351.07	-76.00	144.31
5371.27	-76.56	151.82
5391.53	-74.00	139.88
5411.88	-73.50	124.76
5432.30	-69.80	88.47
5452.80	-70.72	47.66
5473.38	-71.81	10.94
5494.03	-73.55	-19.80
5514.76	-76.53	-25.40
5535.57	-78.25	-33.12
5556.46	-75.99	-52.32
5577.43	-74.01	-92.80
5598.48	-73.77	-112.15
5619.60	-72.70	-157.87
5640.81	-74.37	167.74
5662.10	-76.66	155.58
5683.46	-71.76	140.55
5704.91	-71.97	99.87
5726.44	-72.98	68.16
5748.05	-73.54	52.51
5769.74	-71.69	33.86
5791.51	-70.92	-17.35
5813.36	-74.38	-45.45
5835.30	-77.07	-70.60
5857.32	-78.93	-85.79
5879.42	-76.10	-106.19
5901.61	-75.43	-147.70
5923.88	-80.28	176.28
5946.23	-77.70	-176.35
5968.67	-76.16	159.43
5991.20	-75.49	126.00
6013.80	-73.47	109.75
6036.50	-73.90	68.60
6059.28	-73.29	43.50
6082.14	-76.16	6.73
6105.09	-75.89	2.54
6128.13	-75.35	-29.57
6151.26	-75.74	-58.81
6174.47	-75.17	-109.70
6197.77	-76.41	-118.36
6221.16	-74.30	174.07
6244.63	-82.00	140.48
6268.20	-80.76	-169.71
6291.85	-78.87	170.92
6315.59	-71.36	142.58
6339.42	-71.33	81.38
6363.35	-73.83	44.02
6387.36	-73.07	46.09
6411.46	-74.90	-6.49
6435.66	-73.95	-27.70
6459.94	-74.21	-48.01
6484.32	-73.20	-84.56
6508.79	-74.56	-117.50
6533.35	-72.39	-152.65
6558.00	-72.17	163.88
6582.75	-73.73	126.69
6607.59	-74.34	110.16
6632.53	-73.43	77.07
6657.55	-76.33	69.96
6682.68	-74.72	46.94
6707.90	-73.33	17.03
6733.21	-75.21	-18.86
6758.62	-72.78	-35.28
6784.12	-73.21	-83.75
6809.72	-73.35	-120.54
6835.42	-75.10	-144.52
6861.21	-70.59	-165.99
6887.10	-69.50	147.07
6913.09	-69.74	104.82
6939.18	-70.30	70.76
6965.36	-71.12	14.83
6991.65	-76.89	8.36
7018.03	-77.03	36.32
7044.51	-72.82	4.13
7071.10	-70.73	-33.43
7097.78	-68.94	-85.39
7124.56	-69.54	-127.10
7151.45	-68.90	-163.85
7178.44	-68.25	151.44
7205.52	-69.65	120.00
7232.71	-66.91	97.65
7260.01	-66.31	54.64
7287.40	-65.17	0.60
7314.90	-68.81	-41.82
7342.51	-70.60	-85.41
7370.21	-74.24	-90.71
7398.03	-72.57	-110.93
7425.94	-70.82	-133.73
7453.97	-65.87	-172.83
7482.09	-64.52	126.50
7510.33	-64.56	69.68
7538.67	-66.96	34.17
7567.12	-68.68	-10.21
7595.67	-69.88	-31.58
7624.33	-69.55	-76.63
7653.10	-69.32	-129.78
7681.98	-71.97	-179.46
7710.97	-75.12	108.49
7740.07	-82.54	80.58
7769.28	-82.60	159.27
7798.60	-72.23	144.92
7828.02	-73.26	76.12
7857.56	-73.29	53.04
7887.21	-70.03	1.20
7916.98	-72.48	-62.88
7946.85	-78.69	-105.55
7976.84	-76.10	-77.63
8006.94	-72.97	-169.61
8037.16	-75.64	-176.00
8067.49	-73.29	112.63
8097.93	-75.35	43.15
8128.49	-83.01	86.06
8159.16	-75.91	83.71
8189.95	-73.56	35.38
8220.86	-72.16	-22.50
8251.88	-74.15	-77.44
8283.02	-76.35	-121.91
8314.27	-76.53	-157.81
8345.65	-76.64	-176.08
8377.14	-71.14	131.84
8408.75	-72.10	72.12
8440.48	-74.74	24.47
8472.33	-79.05	14.30
8504.30	-76.99	20.17
8536.40	-73.46	-50.80
8568.61	-77.19	-96.39
8600.94	-76.95	-175.89
8633.40	-81.16	138.30
8665.98	-79.59	135.50
8698.68	-76.85	114.97
8731.51	-78.33	72.50
8764.46	-75.66	40.21
8797.53	-78.28	-6.74
8830.73	-80.37	-32.26
8864.05	-81.06	137.15
8897.50	-80.62	-82.28
8931.07	-78.08	-152.38
8964.78	-79.30	129.10
8998.61	-81.70	131.03
9032.56	-74.56	134.94
9066.65	-73.53	72.75
9100.86	-74.16	12.50
9135.20	-73.79	-33.33
9169.68	-74.84	-97.71
9204.28	-79.78	171.41
9239.01	-80.52	-167.57
9273.88	-74.66	146.19
9308.87	-76.55	79.38
9344.00	-79.06	73.73
9379.26	-77.68	-111.31
9414.65	-77.13	7.03
9450.18	-77.81	-31.18
9485.84	-78.43	-100.55
9521.64	-80.28	-173.55
9557.57	-82.44	83.93
9593.64	-79.49	166.90
9629.84	-75.53	113.31
9666.18	-74.35	46.70
9702.65	-77.57	16.40
9739.27	-76.47	-7.90
9776.02	-76.76	-84.73
9812.91	-80.71	-135.53
9849.94	-80.19	-176.33
9887.11	-78.43	125.65
9924.42	-78.72	102.07
9961.87	-76.82	61.06
9999.46	-77.14	7.15
10037.19	-78.76	-62.45
10075.07	-89.38	-11.88
10113.09	-85.67	-139.62
10151.25	-82.21	162.41
10189.55	-80.74	126.99
10228.01	-81.21	80.87
10266.60	-83.80	40.61
10305.34	-80.92	72.02
10344.23	-77.54	1.26
10383.27	-81.31	-65.75
10422.45	-87.27	177.76
10461.78	-85.79	-112.68
10501.26	-78.52	-164.90
10540.88	-77.70	122.19
10580.66	-76.35	87.14
10620.59	-74.56	43.35
10660.66	-74.31	-8.66
10700.89	-74.88	-64.60
10741.27	-75.62	-143.93
10781.81	-77.68	161.56
10822.49	-74.65	125.84
10863.33	-75.21	76.15
10904.33	-72.22	40.98
10945.47	-74.18	-22.48
10986.78	-73.17	-76.12
11028.24	-74.99	-151.00
11069.85	-74.87	145.44
11111.63	-74.79	98.18
11153.56	-75.09	45.74
11195.64	-77.75	-18.84
11237.89	-82.79	-11.94
11280.30	-79.97	-69.36
11322.87	-79.38	-141.94
11365.59	-77.26	139.15
11408.48	-80.46	81.49
11451.53	-79.10	77.96
11494.75	-78.95	26.72
11538.12	-78.88	-0.90
11581.66	-82.29	-86.05
11625.37	-83.93	-131.99
11669.24	-80.92	-176.15
11713.27	-76.49	120.72
11757.47	-77.65	62.26
11801.84	-78.96	30.73
11846.37	-78.48	-28.43
11891.08	-81.02	-101.59
11935.95	-83.59	167.09
11980.99	-80.17	144.39
12026.20	-79.46	87.28
12071.58	-78.16	51.45
12117.14	-79.81	-7.48
12162.86	-82.90	-37.66
12208.76	-86.33	-114.55
12254.83	-85.42	165.71
12301.07	-82.30	123.46
12347.49	-80.75	85.00
12394.08	-79.28	39.82
12440.85	-79.58	5.36
12487.80	-80.37	-84.68
12534.92	-86.17	-176.84
12582.23	-79.72	148.06
12629.71	-79.00	88.17
12677.37	-80.23	41.72
12725.20	-83.68	12.63
12773.22	-80.78	-37.59
12821.42	-81.74	-152.11
12869.81	-84.15	135.57
12918.37	-80.57	94.48
12967.12	-80.96	64.41
13016.05	-80.75	8.83
13065.17	-87.57	174.52
13114.47	-83.75	-5.14
13163.96	-83.29	-172.89
13213.64	-79.99	102.06
13263.50	-81.16	47.88
13313.55	-81.60	42.93
13363.79	-82.59	-26.30
13414.22	-87.64	-67.82
13464.84	-84.88	-133.12
13515.65	-79.43	123.86
13566.65	-78.24	54.78
13617.84	-80.69	11.62
13669.23	-85.83	-74.28
13720.81	-85.20	-179.77
13772.59	-84.61	137.82
13824.56	-80.59	91.68
13876.73	-81.09	56.01
13929.09	-78.72	15.85
13981.66	-85.09	-58.79
14034.42	-85.98	-151.83
14087.38	-84.23	165.05
14140.54	-82.88	75.36
14193.90	-83.60	46.71
14247.46	-81.04	12.13
14301.22	-84.14	-99.87
14355.19	-84.09	155.66
14409.36	-79.75	117.44
14463.73	-79.37	52.89
14518.31	-83.24	17.58
14573.10	-85.57	-25.34
14628.09	-83.84	-124.58
14683.29	-80.47	108.61
14738.70	-83.09	65.62
14794.32	-82.96	42.45
14850.15	-82.32	-37.87
14906.18	-88.47	-178.08
14962.43	-84.87	150.66
15018.90	-80.02	71.93
15075.57	-82.07	31.74
15132.46	-85.62	15.35
15189.56	-85.11	159.37
15246.88	-82.07	121.75
15304.42	-82.26	-88.83
15362.17	-82.17	45.13
15420.14	-84.82	53.33
15478.33	-89.96	115.88
15536.74	-84.75	140.66
15595.37	-81.20	69.47
15654.22	-84.80	10.71
15713.29	-89.95	20.72
15772.58	-87.13	66.53
15832.10	-85.54	53.10
15891.85	-85.37	70.16
15951.81	-84.44	49.98
16012.01	-87.35	40.61
16072.43	-82.71	28.43
16133.08	-89.02	-142.91
16193.96	-83.83	75.50
16255.07	-85.90	51.95
16316.41	-87.31	95.92
16377.98	-84.93	85.04
16439.79	-86.67	31.63
16501.82	-83.62	74.53
16564.09	-87.93	-94.15
16626.60	-85.74	90.63
16689.34	-84.80	62.72
16752.32	-85.18	34.54
16815.54	-87.69	17.40
16878.99	-86.25	80.41
16942.69	-85.10	-174.49
17006.62	-83.70	10.65
17070.79	-87.68	138.54
17135.21	-85.02	67.29
17199.87	-84.13	60.21
17264.78	-86.48	-56.08
17329.93	-85.81	51.44
17395.32	-86.51	90.16
17460.97	-84.80	44.74
17526.86	-84.76	74.82
17593.00	-84.22	38.13
17659.38	-86.51	17.60
17726.02	-85.18	-178.21
17792.91	-83.44	57.05
17860.06	-85.77	53.52
17927.45	-87.30	12.05
17995.10	-86.13	82.83
18063.01	-85.59	74.34
18131.17	-84.85	2.23
18199.59	-87.65	-41.62
18268.27	-85.72	40.92
18337.21	-85.19	84.13
18406.40	-86.58	78.41
18475.86	-83.26	48.21
18545.58	-86.92	50.22
18615.56	-89.11	60.48
18685.81	-83.04	75.37
18756.32	-85.26	64.95
18827.10	-86.95	61.75
18898.15	-84.61	37.99
18969.46	-85.80	72.42
19041.04	-83.45	37.82
19112.90	-85.88	130.52
19185.02	-87.74	-118.49
19257.42	-85.54	68.88
19330.09	-84.93	67.22
19403.03	-86.35	38.39
19476.25	-85.12	41.21
19549.74	-86.47	74.00
19623.51	-85.37	51.00
19697.56	-85.52	61.23
19771.89	-86.30	57.99
19846.51	-85.48	85.09
19921.40	-51.87	-37.62
19996.57	-85.88	64.91
20072.03	-86.39	57.25
20147.78	-87.82	149.75
20223.80	-86.00	56.15
20300.12	-84.61	55.33
20376.72	-85.65	36.20
20453.62	-87.03	142.68
20530.80	-84.21	68.84
20608.28	-84.59	44.56
20686.04	-86.45	31.14
20764.10	-87.36	-40.83
20842.46	-83.36	74.46
20921.11	-84.23	51.38
21000.06	-87.61	69.30
21079.30	-85.89	72.60
21158.85	-82.56	70.95
21238.69	-85.79	24.71
21318.84	-88.67	-132.28
21399.29	-83.02	82.91
21480.04	-84.91	43.44
21561.09	-86.60	78.96
21642.46	-86.26	65.93
21724.12	-84.49	60.49
21806.10	-85.97	53.04
21888.39	-87.17	55.38
21970.99	-85.11	53.38
22053.89	-86.34	71.14
22137.12	-84.26	54.50
22220.65	-85.32	39.26
22304.50	-86.72	66.63
