Freq[Hz]	[dBV]	Phase[Deg]
10.00	-67.17	168.07
10.04	-67.35	170.01
10.08	-67.53	171.94
10.11	-67.71	173.88
10.15	-67.90	175.81
10.19	-68.07	177.74
10.23	-68.25	179.67
10.27	-68.43	-178.42
10.31	-68.60	-176.52
10.34	-68.78	-174.62
10.38	-68.95	-172.75
10.42	-69.12	-170.89
10.46	-69.29	-169.04
10.50	-69.45	-167.22
10.54	-69.62	-165.42
10.58	-69.78	-163.65
10.62	-69.93	-161.90
10.66	-70.09	-160.18
10.70	-70.24	-158.50
10.74	-70.39	-156.85
10.78	-70.53	-155.23
10.82	-70.67	-153.65
10.86	-70.81	-152.12
10.90	-70.94	-150.63
10.95	-71.07	-149.19
10.99	-71.19	-147.79
11.03	-71.31	-146.45
11.07	-71.42	-145.17
11.11	-71.53	-143.94
11.15	-71.64	-142.77
11.20	-71.73	-141.67
11.24	-71.82	-140.63
11.28	-71.91	-139.67
11.32	-71.99	-138.77
11.37	-72.06	-137.96
11.41	-72.13	-137.22
11.45	-72.18	-136.57
11.50	-72.23	-136.00
11.54	-72.28	-135.53
11.58	-72.31	-135.14
11.63	-72.34	-134.86
11.67	-72.36	-134.67
11.71	-72.37	-134.59
11.76	-72.37	-134.62
11.80	-72.36	-134.75
11.85	-72.34	-134.99
11.89	-72.31	-135.32
11.94	-72.28	-135.76
11.98	-72.23	-136.30
12.03	-72.18	-136.93
12.07	-72.13	-137.64
12.12	-72.06	-138.45
12.16	-71.99	-139.34
12.21	-71.91	-140.32
12.26	-71.82	-141.37
12.30	-71.73	-142.50
12.35	-71.63	-143.70
12.39	-71.52	-144.97
12.44	-71.41	-146.31
12.49	-71.29	-147.71
12.54	-71.17	-149.17
12.58	-71.04	-150.68
12.63	-70.91	-152.24
12.68	-70.78	-153.85
12.73	-70.64	-155.50
12.77	-70.49	-157.20
12.82	-70.35	-158.92
12.87	-70.20	-160.68
12.92	-70.05	-162.46
12.97	-69.89	-164.27
13.02	-69.74	-166.09
13.07	-69.58	-167.92
13.12	-69.43	-169.77
13.16	-69.27	-171.61
13.21	-69.11	-173.45
13.26	-68.95	-175.28
13.31	-68.80	-177.10
13.36	-68.64	-178.90
13.41	-68.48	179.32
13.47	-68.33	177.57
13.52	-68.18	175.86
13.57	-68.04	174.19
13.62	-67.89	172.56
13.67	-67.75	170.99
13.72	-67.62	169.48
13.77	-67.49	168.04
13.83	-67.36	166.67
13.88	-67.25	165.38
13.93	-67.13	164.17
13.98	-67.03	163.06
14.04	-66.93	162.05
14.09	-66.85	161.15
14.14	-66.77	160.36
14.19	-66.70	159.69
14.25	-66.64	159.16
14.30	-66.59	158.76
14.36	-66.55	158.51
14.41	-66.53	158.42
14.46	-66.52	158.48
14.52	-66.52	158.72
14.57	-66.54	159.14
14.63	-66.57	159.75
14.68	-66.61	160.56
14.74	-66.68	161.56
14.80	-66.75	162.76
14.85	-66.85	164.15
14.91	-66.95	165.73
14.96	-67.08	167.48
15.02	-67.21	169.42
15.08	-67.36	171.52
15.13	-67.52	173.80
15.19	-67.69	176.24
15.25	-67.88	178.83
15.31	-68.07	-178.42
15.36	-68.28	-175.53
15.42	-68.50	-172.50
15.48	-68.72	-169.33
15.54	-68.96	-166.03
15.60	-69.20	-162.61
15.66	-69.45	-159.07
15.71	-69.71	-155.42
15.77	-69.98	-151.66
15.83	-70.25	-147.81
15.89	-70.53	-143.86
15.95	-70.81	-139.84
16.01	-71.09	-135.73
16.07	-71.38	-131.56
16.13	-71.67	-127.32
16.19	-71.96	-123.03
16.26	-72.25	-118.69
16.32	-72.55	-114.32
16.38	-72.84	-109.91
16.44	-73.13	-105.49
16.50	-73.42	-101.05
16.56	-73.71	-96.60
16.63	-73.99	-92.16
16.69	-74.27	-87.74
16.75	-74.54	-83.33
16.82	-74.80	-78.97
16.88	-75.06	-74.64
16.94	-75.31	-70.37
17.01	-75.54	-66.16
17.07	-75.77	-62.03
17.14	-75.99	-57.98
17.20	-76.19	-54.02
17.27	-76.38	-50.18
17.33	-76.56	-46.45
17.40	-76.72	-42.85
17.46	-76.86	-39.40
17.53	-76.98	-36.10
17.59	-77.08	-32.96
17.66	-77.17	-30.00
17.73	-77.23	-27.22
17.79	-77.28	-24.62
17.86	-77.31	-22.19
17.93	-77.31	-19.95
18.00	-77.31	-17.88
18.06	-77.28	-15.99
18.13	-77.24	-14.28
18.20	-77.19	-12.74
18.27	-77.12	-11.39
18.34	-77.03	-10.22
18.41	-76.94	-9.22
18.48	-76.83	-8.41
18.55	-76.71	-7.78
18.62	-76.58	-7.32
18.69	-76.44	-7.05
18.76	-76.29	-6.96
18.83	-76.14	-7.05
18.90	-75.97	-7.31
18.97	-75.81	-7.76
19.04	-75.63	-8.39
19.11	-75.46	-9.20
19.19	-75.28	-10.18
19.26	-75.09	-11.35
19.33	-74.91	-12.70
19.40	-74.73	-14.22
19.48	-74.54	-15.93
19.55	-74.37	-17.81
19.62	-74.19	-19.87
19.70	-74.02	-22.11
19.77	-73.85	-24.53
19.85	-73.69	-27.13
19.92	-73.54	-29.90
20.00	-73.40	-32.85
20.07	-73.27	-35.97
20.15	-73.16	-39.27
20.22	-73.05	-42.74
20.30	-72.97	-46.38
20.38	-72.89	-50.20
20.45	-72.84	-54.19
20.53	-72.81	-58.36
20.61	-72.79	-62.69
20.69	-72.80	-67.17
20.77	-72.82	-71.80
20.84	-72.86	-76.56
20.92	-72.92	-81.45
21.00	-73.00	-86.44
21.08	-73.09	-91.53
21.16	-73.20	-96.71
21.24	-73.33	-101.95
21.32	-73.47	-107.26
21.40	-73.62	-112.60
21.48	-73.78	-117.98
21.56	-73.95	-123.37
21.64	-74.14	-128.76
21.73	-74.33	-134.14
21.81	-74.54	-139.48
21.89	-74.75	-144.78
21.97	-74.97	-150.02
22.06	-75.20	-155.18
22.14	-75.43	-160.25
22.22	-75.66	-165.20
22.31	-75.90	-170.02
22.39	-76.14	-174.70
22.47	-76.38	-179.21
22.56	-76.62	176.47
22.64	-76.86	172.35
22.73	-77.10	168.45
22.82	-77.33	164.80
22.90	-77.56	161.40
22.99	-77.78	158.30
23.07	-78.00	155.50
23.16	-78.20	153.02
23.25	-78.40	150.90
23.34	-78.58	149.14
23.43	-78.76	147.78
23.51	-78.92	146.84
23.60	-79.06	146.30
23.69	-79.19	146.17
23.78	-79.31	146.41
23.87	-79.43	147.03
23.96	-79.53	148.00
24.05	-79.62	149.32
24.14	-79.70	150.96
24.23	-79.78	152.91
24.32	-79.86	155.16
24.42	-79.92	157.69
24.51	-79.99	160.49
24.60	-80.05	163.53
24.69	-80.12	166.80
24.79	-80.18	170.28
24.88	-80.24	173.96
24.97	-80.31	177.81
25.07	-80.38	-178.18
25.16	-80.46	-174.03
25.26	-80.55	-169.77
25.35	-80.64	-165.41
25.45	-80.74	-160.98
25.54	-80.86	-156.49
25.64	-80.98	-151.97
25.74	-81.13	-147.43
25.84	-81.28	-142.92
25.93	-81.46	-138.43
26.03	-81.65	-134.01
26.13	-81.87	-129.67
26.23	-82.10	-125.45
26.33	-82.37	-121.35
26.43	-82.65	-117.42
26.53	-82.96	-113.66
26.63	-83.30	-110.06
26.73	-83.66	-106.64
26.83	-84.03	-103.37
26.93	-84.42	-100.27
27.03	-84.83	-97.32
27.13	-85.24	-94.52
27.23	-85.67	-91.88
27.34	-86.10	-89.38
27.44	-86.53	-87.03
27.54	-86.97	-84.82
27.65	-87.40	-82.74
27.75	-87.83	-80.80
27.86	-88.24	-78.99
27.96	-88.65	-77.31
28.07	-89.04	-75.75
28.17	-89.42	-74.30
28.28	-89.78	-72.97
28.39	-90.11	-71.75
28.49	-90.41	-70.63
28.60	-90.68	-69.62
28.71	-90.92	-68.70
28.82	-91.12	-67.87
28.93	-91.28	-67.13
29.03	-91.40	-66.47
29.14	-91.46	-65.88
29.25	-91.47	-65.37
29.36	-91.43	-64.92
29.48	-91.33	-64.53
29.59	-91.17	-64.17
29.70	-90.97	-63.85
29.81	-90.72	-63.53
29.92	-90.43	-63.21
30.04	-90.11	-62.87
30.15	-89.74	-62.50
30.26	-89.36	-62.08
30.38	-88.94	-61.59
30.49	-88.51	-61.01
30.61	-88.05	-60.33
30.72	-87.59	-59.53
30.84	-87.12	-58.60
30.95	-86.65	-57.51
31.07	-86.18	-56.24
31.19	-85.72	-54.78
31.31	-85.27	-53.11
31.42	-84.84	-51.20
31.54	-84.43	-49.04
31.66	-84.05	-46.61
31.78	-83.70	-43.87
31.90	-83.40	-40.82
32.02	-83.14	-37.43
32.14	-82.93	-33.68
32.26	-82.79	-29.54
32.39	-82.70	-25.01
32.51	-82.66	-20.15
32.63	-82.68	-15.00
32.75	-82.75	-9.62
32.88	-82.87	-4.05
33.00	-83.02	1.65
33.13	-83.20	7.42
33.25	-83.42	13.21
33.38	-83.66	18.96
33.50	-83.92	24.61
33.63	-84.19	30.10
33.76	-84.47	35.37
33.88	-84.76	40.35
34.01	-85.04	44.99
34.14	-85.32	49.21
34.27	-85.59	52.94
34.40	-85.83	56.13
34.53	-86.05	58.69
34.66	-86.24	60.55
34.79	-86.39	61.65
34.92	-86.50	61.91
35.05	-86.56	61.24
35.18	-86.56	59.58
35.32	-86.49	56.88
35.45	-86.38	53.20
35.58	-86.20	48.59
35.72	-85.98	43.12
35.85	-85.72	36.86
35.99	-85.42	29.88
36.12	-85.08	22.24
36.26	-84.72	14.02
36.40	-84.33	5.29
36.53	-83.93	-3.88
36.67	-83.51	-13.41
36.81	-83.09	-23.21
36.95	-82.67	-33.22
37.09	-82.25	-43.35
37.23	-81.84	-53.51
37.37	-81.45	-63.62
37.51	-81.08	-73.58
37.65	-80.75	-83.32
37.79	-80.45	-92.74
37.94	-80.19	-101.75
38.08	-79.99	-110.24
38.22	-79.84	-118.14
38.37	-79.74	-125.44
38.51	-79.69	-132.14
38.66	-79.67	-138.28
38.80	-79.70	-143.85
38.95	-79.75	-148.87
39.10	-79.82	-153.36
39.24	-79.91	-157.33
39.39	-80.00	-160.80
39.54	-80.10	-163.78
39.69	-80.19	-166.28
39.84	-80.27	-168.33
39.99	-80.33	-169.94
40.14	-80.36	-171.12
40.29	-80.35	-171.90
40.45	-80.31	-172.30
40.60	-80.21	-172.33
40.75	-80.05	-172.01
40.90	-79.83	-171.36
41.06	-79.53	-170.40
41.21	-79.15	-169.15
41.37	-78.70	-167.61
41.53	-78.20	-165.78
41.68	-77.64	-163.68
41.84	-77.06	-161.30
42.00	-76.44	-158.64
42.16	-75.82	-155.72
42.32	-75.20	-152.53
42.47	-74.59	-149.08
42.63	-74.00	-145.38
42.80	-73.46	-141.44
42.96	-72.96	-137.24
43.12	-72.53	-132.81
43.28	-72.18	-128.15
43.45	-71.93	-123.26
43.61	-71.78	-118.14
43.77	-71.76	-112.82
43.94	-71.87	-107.28
44.10	-72.14	-101.54
44.27	-72.54	-95.66
44.44	-73.06	-89.69
44.61	-73.70	-83.69
44.77	-74.42	-77.72
44.94	-75.21	-71.84
45.11	-76.05	-66.11
45.28	-76.94	-60.61
45.45	-77.83	-55.39
45.63	-78.73	-50.53
45.80	-79.60	-46.10
45.97	-80.44	-42.16
46.14	-81.21	-38.79
46.32	-81.89	-36.06
46.49	-82.47	-34.05
46.67	-82.93	-32.83
46.84	-83.24	-32.49
47.02	-83.37	-33.09
47.20	-83.35	-34.62
47.38	-83.17	-37.04
47.56	-82.86	-40.29
47.74	-82.43	-44.34
47.92	-81.90	-49.12
48.10	-81.28	-54.58
48.28	-80.58	-60.68
48.46	-79.83	-67.36
48.64	-79.04	-74.57
48.83	-78.22	-82.25
49.01	-77.40	-90.33
49.20	-76.60	-98.77
49.38	-75.83	-107.50
49.57	-75.11	-116.45
49.75	-74.46	-125.57
49.94	-73.90	-134.80
50.13	-73.43	-144.04
50.32	-73.04	-153.24
50.51	-72.74	-162.30
50.70	-72.50	-171.15
50.89	-72.32	-179.70
51.08	-72.20	172.13
51.28	-72.13	164.43
51.47	-72.10	157.29
51.66	-72.10	150.80
51.86	-72.13	145.06
52.05	-72.17	140.15
52.25	-72.22	136.18
52.45	-72.26	133.24
52.65	-72.30	131.44
52.85	-72.32	130.87
53.04	-72.31	131.49
53.24	-72.28	133.13
53.45	-72.22	135.62
53.65	-72.13	138.78
53.85	-72.01	142.43
54.05	-71.85	146.37
54.26	-71.66	150.42
54.46	-71.43	154.39
54.67	-71.17	158.06
54.87	-70.86	161.24
55.08	-70.51	163.72
55.29	-70.11	165.29
55.50	-69.67	165.71
55.71	-69.17	164.78
55.92	-68.63	162.36
56.13	-68.04	158.57
56.34	-67.43	153.53
56.55	-66.78	147.40
56.77	-66.12	140.31
56.98	-65.45	132.42
57.19	-64.77	123.88
57.41	-64.11	114.84
57.63	-63.46	105.47
57.84	-62.85	95.93
58.06	-62.26	86.38
58.28	-61.73	76.99
58.50	-61.25	67.95
58.72	-60.84	59.42
58.94	-60.50	51.49
59.17	-60.25	44.16
59.39	-60.09	37.45
59.61	-60.04	31.35
59.84	-60.10	25.89
60.06	-60.28	21.06
60.29	-60.60	16.87
60.52	-61.06	13.33
60.75	-61.68	10.45
60.98	-62.46	8.24
61.21	-63.42	6.70
61.44	-64.56	5.84
61.67	-65.90	5.67
61.90	-67.42	6.17
62.14	-69.07	7.29
62.37	-70.80	8.98
62.61	-72.58	11.22
62.84	-74.35	13.94
63.08	-76.07	17.09
63.32	-77.68	20.65
63.56	-79.14	24.54
63.80	-80.39	28.72
64.04	-81.38	33.15
64.28	-82.07	37.76
64.52	-82.38	42.50
64.76	-82.31	47.33
65.01	-81.89	52.22
65.25	-81.18	57.14
65.50	-80.22	62.08
65.75	-79.06	67.01
66.00	-77.76	71.90
66.24	-76.37	76.73
66.49	-74.95	81.47
66.75	-73.55	86.09
67.00	-72.23	90.56
67.25	-71.05	94.86
67.50	-70.07	98.96
67.76	-69.30	102.80
68.01	-68.72	106.31
68.27	-68.29	109.39
68.53	-67.99	111.98
68.79	-67.77	113.98
69.05	-67.61	115.31
69.31	-67.47	115.87
69.57	-67.32	115.59
69.83	-67.11	114.35
70.09	-66.82	112.08
70.36	-66.40	108.68
70.62	-65.83	104.10
70.89	-65.14	98.48
71.16	-64.35	91.96
71.43	-63.50	84.70
71.70	-62.60	76.86
71.97	-61.70	68.60
72.24	-60.83	60.07
72.51	-60.01	51.46
72.79	-59.28	42.92
73.06	-58.68	34.65
73.34	-58.23	26.81
73.61	-57.95	19.51
73.89	-57.84	12.72
74.17	-57.88	6.39
74.45	-58.05	0.50
74.73	-58.35	-5.01
75.01	-58.75	-10.18
75.29	-59.25	-15.04
75.58	-59.83	-19.65
75.86	-60.47	-24.05
76.15	-61.16	-28.28
76.44	-61.89	-32.40
76.73	-62.64	-36.45
77.02	-63.42	-40.47
77.31	-64.23	-44.52
77.60	-65.06	-48.64
77.89	-65.91	-52.88
78.18	-66.78	-57.30
78.48	-67.67	-61.95
78.78	-68.57	-66.88
79.07	-69.49	-72.14
79.37	-70.40	-77.77
79.67	-71.31	-83.65
79.97	-72.19	-89.62
80.27	-73.02	-95.53
80.58	-73.77	-101.20
80.88	-74.43	-106.45
81.19	-74.96	-111.13
81.49	-75.35	-115.03
81.80	-75.58	-117.99
82.11	-75.61	-119.82
82.42	-75.45	-120.44
82.73	-75.14	-119.98
83.04	-74.71	-118.63
83.35	-74.22	-116.55
83.67	-73.71	-113.93
83.99	-73.24	-110.95
84.30	-72.85	-107.80
84.62	-72.59	-104.67
84.94	-72.51	-101.76
85.26	-72.65	-99.22
85.58	-72.99	-97.05
85.90	-73.47	-95.16
86.23	-74.04	-93.49
86.55	-74.64	-91.95
86.88	-75.23	-90.46
87.21	-75.74	-88.95
87.54	-76.11	-87.33
87.87	-76.30	-85.50
88.20	-76.25	-83.42
88.53	-75.98	-81.11
88.87	-75.54	-78.65
89.20	-74.96	-76.10
89.54	-74.30	-73.55
89.88	-73.59	-71.07
90.22	-72.88	-68.73
90.56	-72.22	-66.63
90.90	-71.66	-64.83
91.24	-71.22	-63.42
91.59	-70.88	-62.50
91.93	-70.62	-62.15
92.28	-70.41	-62.47
92.63	-70.22	-63.55
92.98	-70.03	-65.50
93.33	-69.81	-68.40
93.68	-69.53	-72.37
94.03	-69.16	-77.48
94.39	-68.72	-83.56
94.74	-68.24	-90.35
95.10	-67.76	-97.56
95.46	-67.30	-104.91
95.82	-66.90	-112.11
96.18	-66.60	-118.86
96.54	-66.43	-124.86
96.91	-66.43	-129.80
97.27	-66.60	-133.65
97.64	-66.92	-136.52
98.01	-67.36	-138.57
98.38	-67.91	-139.92
98.75	-68.55	-140.73
99.12	-69.25	-141.14
99.50	-69.98	-141.30
99.87	-70.73	-141.37
100.25	-71.47	-141.46
100.63	-72.19	-141.69
101.01	-72.88	-142.18
101.39	-73.51	-143.04
101.77	-74.06	-144.38
102.16	-74.53	-146.33
102.54	-74.88	-149.02
102.93	-75.12	-152.49
103.32	-75.26	-156.54
103.71	-75.35	-160.88
104.10	-75.41	-165.20
104.49	-75.48	-169.21
104.88	-75.61	-172.60
105.28	-75.82	-175.05
105.68	-76.15	-176.24
106.08	-76.60	-176.02
106.48	-77.08	-174.37
106.88	-77.54	-171.28
107.28	-77.91	-166.76
107.69	-78.10	-160.78
108.09	-78.06	-153.35
108.50	-77.69	-144.47
108.91	-77.00	-134.46
109.32	-76.07	-124.34
109.73	-75.02	-115.22
110.15	-73.98	-108.23
110.56	-73.06	-104.52
110.98	-72.38	-105.29
111.40	-72.07	-111.73
111.82	-72.20	-124.19
112.24	-72.66	-140.78
112.67	-73.32	-159.24
113.09	-74.07	-177.28
113.52	-74.75	167.45
113.95	-75.23	157.38
114.38	-75.38	154.93
114.81	-75.15	160.93
115.24	-74.63	173.11
115.68	-73.94	-171.18
116.11	-73.22	-154.65
116.55	-72.60	-140.08
116.99	-72.20	-130.29
117.43	-72.15	-128.03
117.87	-72.47	-133.34
118.32	-73.07	-143.81
118.77	-73.87	-156.91
119.21	-74.77	-170.03
119.66	-75.68	179.48
120.12	-76.50	174.34
120.57	-77.16	176.53
121.02	-77.68	-175.24
121.48	-78.10	-163.08
121.94	-78.47	-149.19
122.40	-78.85	-135.79
122.86	-79.28	-125.18
123.32	-79.81	-119.55
123.79	-80.42	-119.17
124.26	-81.01	-122.77
124.73	-81.50	-129.00
125.20	-81.79	-136.49
125.67	-81.80	-143.82
126.14	-81.42	-149.57
126.62	-80.66	-153.16
127.10	-79.63	-155.30
127.58	-78.50	-156.81
128.06	-77.39	-158.54
128.54	-76.46	-161.36
129.03	-75.86	-166.15
129.51	-75.69	-173.16
130.00	-75.90	178.62
130.49	-76.44	170.37
130.98	-77.27	163.31
131.48	-78.32	158.67
131.98	-79.54	157.70
132.47	-80.84	160.84
132.97	-82.06	166.95
133.48	-83.05	174.72
133.98	-83.61	-177.17
134.48	-83.60	-170.12
134.99	-82.82	-165.49
135.50	-81.31	-163.86
136.01	-79.31	-164.89
136.53	-77.07	-168.16
137.04	-74.88	-173.23
137.56	-73.00	-179.69
138.08	-71.68	172.91
138.60	-70.94	164.83
139.12	-70.66	156.26
139.65	-70.72	147.39
140.17	-70.99	138.41
140.70	-71.33	129.52
141.23	-71.66	120.72
141.77	-71.99	111.47
142.30	-72.37	101.14
142.84	-72.81	89.08
143.38	-73.37	74.64
143.92	-74.07	57.32
144.46	-74.96	39.00
145.01	-76.06	23.07
145.55	-77.42	13.03
146.10	-79.07	12.47
146.65	-81.06	25.00
147.21	-83.29	51.22
147.76	-85.49	86.50
148.32	-87.38	125.65
148.88	-88.63	163.34
149.44	-88.93	-165.90
150.01	-88.12	-146.09
150.57	-86.56	-136.07
151.14	-84.74	-133.48
151.71	-83.15	-135.93
152.28	-82.30	-140.94
152.86	-82.59	-146.50
153.43	-83.76	-153.23
154.01	-85.28	-162.74
154.59	-86.63	-176.64
155.18	-87.28	163.40
155.76	-86.77	136.16
156.35	-85.31	103.49
156.94	-83.38	68.56
157.53	-81.45	34.60
158.13	-80.02	4.94
158.72	-79.51	-17.69
159.32	-79.75	-34.38
159.93	-80.39	-47.63
160.53	-81.03	-60.04
161.13	-81.31	-74.24
161.74	-80.92	-92.09
162.35	-80.00	-112.15
162.97	-78.78	-132.12
163.58	-77.52	-149.65
164.20	-76.47	-162.33
164.82	-75.80	-169.02
165.44	-75.56	-171.40
166.06	-75.76	-171.52
166.69	-76.41	-171.49
167.32	-77.54	-173.41
167.95	-79.00	-177.79
168.58	-80.52	176.37
169.22	-81.79	170.16
169.86	-82.51	164.71
170.50	-82.47	160.94
171.14	-81.83	158.76
171.79	-80.95	157.67
172.44	-80.15	157.20
173.09	-79.78	156.83
173.74	-79.95	156.34
174.40	-80.41	155.86
175.06	-80.87	155.55
175.72	-81.05	155.59
176.38	-80.72	156.07
177.04	-80.07	156.53
177.71	-79.45	156.35
178.38	-79.18	154.87
179.06	-79.60	151.48
179.73	-80.65	146.40
180.41	-81.86	140.74
181.09	-82.74	135.63
181.77	-82.81	132.25
182.46	-81.87	131.07
183.15	-80.40	130.86
183.84	-79.03	130.16
184.53	-78.35	127.47
185.23	-78.84	121.86
185.93	-80.06	115.24
186.63	-81.35	110.40
187.33	-82.01	110.23
188.04	-81.44	117.05
188.75	-79.93	128.35
189.46	-78.25	139.10
190.18	-77.14	144.15
190.90	-77.35	138.67
191.62	-78.75	123.20
192.34	-80.65	101.98
193.07	-82.33	79.43
193.79	-83.11	59.95
194.53	-82.93	45.85
195.26	-82.25	37.83
196.00	-81.55	36.57
196.74	-81.30	42.54
197.48	-81.48	53.26
198.22	-81.71	63.91
198.97	-81.59	69.50
199.72	-80.75	65.28
200.48	-79.50	50.27
201.23	-78.58	25.97
201.99	-78.73	-6.02
202.75	-80.58	-43.70
203.52	-83.47	-82.05
204.29	-86.16	-114.62
205.06	-87.39	-134.78
205.83	-86.29	-138.32
206.61	-83.93	-132.12
207.39	-81.94	-126.25
208.17	-81.98	-130.96
208.96	-84.72	-150.68
209.74	-88.64	-176.60
210.54	-91.92	162.09
211.33	-92.71	155.97
212.13	-90.74	165.06
212.93	-87.28	178.39
213.73	-83.74	-175.75
214.54	-81.40	173.44
215.35	-80.69	155.33
216.16	-81.69	147.23
216.98	-84.45	166.80
217.80	-88.56	-140.82
218.62	-92.60	-77.72
219.44	-94.96	-30.01
220.27	-94.15	-22.09
221.10	-90.46	-50.99
221.94	-85.38	-95.06
222.77	-80.46	-131.81
223.61	-77.00	-147.45
224.46	-75.54	-152.38
225.30	-76.54	-161.25
226.15	-80.29	172.59
227.01	-85.53	134.66
227.86	-89.90	103.00
228.72	-90.99	96.18
229.59	-87.94	120.38
230.45	-82.99	156.53
231.32	-78.85	-177.92
232.20	-77.78	178.46
233.07	-79.14	154.22
233.95	-81.15	128.57
234.84	-82.07	120.35
235.72	-81.44	131.84
236.61	-80.10	149.20
237.50	-78.95	157.67
238.40	-78.57	149.30
239.30	-78.83	130.97
240.20	-79.51	111.59
241.11	-80.37	98.52
242.02	-81.11	91.41
242.93	-81.37	87.68
243.85	-80.87	84.87
244.77	-79.86	82.06
245.69	-78.88	79.18
246.62	-78.44	76.09
247.55	-78.55	71.85
248.48	-78.72	64.83
249.42	-78.49	53.46
250.36	-77.90	39.90
251.31	-77.63	30.97
252.26	-78.42	33.83
253.21	-80.40	48.82
254.16	-82.63	65.01
255.12	-84.09	70.28
256.09	-84.24	59.09
257.05	-83.53	39.19
258.02	-82.53	20.05
259.00	-81.65	7.10
259.97	-80.93	-3.24
260.95	-80.38	-15.76
261.94	-80.15	-29.82
262.93	-80.79	-32.81
263.92	-82.87	-10.41
264.92	-86.24	39.16
265.92	-89.25	92.55
266.92	-90.11	123.23
267.93	-88.51	121.61
268.94	-86.69	106.48
269.95	-87.12	99.35
270.97	-90.11	108.46
271.99	-93.17	124.87
273.02	-93.67	138.69
274.05	-91.17	145.76
275.08	-87.23	147.17
276.12	-83.39	144.24
277.16	-80.41	138.31
278.21	-78.56	130.75
279.26	-77.97	122.83
280.31	-77.97	115.16
281.37	-77.65	108.12
282.43	-76.40	101.64
283.50	-74.65	94.32
284.57	-72.99	84.52
285.64	-71.93	72.26
286.72	-71.82	60.05
287.80	-72.95	50.42
288.89	-74.81	43.22
289.98	-76.35	36.40
291.07	-76.70	28.34
292.17	-76.12	19.97
293.27	-75.23	13.03
294.38	-74.64	8.18
295.49	-74.99	4.19
296.61	-76.85	-0.23
297.73	-79.57	-3.82
298.85	-81.61	-3.44
299.98	-81.91	1.97
301.11	-81.32	5.40
302.25	-81.16	-1.97
303.39	-82.06	-18.72
304.53	-83.78	-30.73
305.68	-86.01	-26.41
306.83	-88.30	-15.99
307.99	-90.15	-18.11
309.15	-91.11	-43.87
310.32	-90.86	-91.80
311.49	-89.23	-157.42
312.67	-86.98	136.79
313.85	-85.30	94.30
315.03	-84.50	82.62
316.22	-83.31	82.33
317.41	-80.68	74.21
318.61	-77.66	59.40
319.81	-76.22	47.19
321.02	-76.75	40.55
322.23	-77.56	33.81
323.45	-77.33	22.18
324.67	-77.12	7.77
325.89	-78.52	-5.35
327.12	-81.15	-13.17
328.36	-82.89	-11.74
329.60	-82.44	-1.52
330.84	-80.66	6.54
332.09	-78.67	2.13
333.34	-77.39	-8.89
334.60	-77.61	-14.18
335.86	-78.98	-12.29
337.13	-80.02	-13.39
338.40	-79.89	-22.40
339.68	-79.69	-29.69
340.96	-80.47	-25.64
342.25	-81.45	-14.90
343.54	-81.21	-7.11
344.83	-79.87	-5.04
346.14	-78.82	-5.94
347.44	-78.47	-8.10
348.75	-77.74	-11.80
350.07	-76.02	-17.16
351.39	-74.68	-23.37
352.72	-75.17	-29.15
354.05	-76.64	-31.63
355.38	-77.50	-28.20
356.72	-77.17	-26.09
358.07	-75.80	-38.60
359.42	-74.26	-63.95
360.78	-74.16	-84.17
362.14	-76.02	-93.35
363.51	-78.46	-107.14
364.88	-80.55	-131.08
366.25	-83.00	-139.86
367.64	-86.56	-114.98
369.02	-91.33	-81.76
370.42	-96.71	-67.99
371.81	-99.40	-59.25
373.22	-96.06	-32.52
374.63	-89.55	-3.80
376.04	-84.99	-2.05
377.46	-82.76	-17.20
378.88	-80.83	-20.19
380.31	-79.16	-12.84
381.75	-78.98	-16.14
383.19	-80.24	-32.09
384.63	-81.90	-48.42
386.09	-82.66	-57.27
387.54	-81.16	-55.15
389.00	-78.70	-47.52
390.47	-78.66	-46.76
391.95	-80.61	-52.37
393.43	-80.94	-53.11
394.91	-79.51	-49.46
396.40	-79.01	-51.45
397.90	-79.41	-57.26
399.40	-78.59	-56.51
400.90	-76.57	-52.83
402.42	-74.82	-58.42
403.94	-73.96	-68.78
405.46	-73.91	-71.16
406.99	-73.89	-70.75
408.53	-72.96	-79.41
410.07	-71.84	-92.45
411.61	-71.60	-101.13
413.17	-71.78	-109.83
414.73	-71.78	-124.46
416.29	-72.16	-142.38
417.86	-73.49	-157.81
419.44	-75.80	-162.06
421.02	-78.21	-155.00
422.61	-78.54	-151.08
424.21	-77.05	-153.92
425.81	-76.63	-154.23
427.41	-77.07	-154.37
429.03	-76.33	-163.72
430.65	-76.47	-176.35
432.27	-79.99	179.22
433.90	-83.14	-172.26
435.54	-82.68	-150.74
437.18	-80.41	-123.40
438.83	-77.90	-105.29
440.49	-75.44	-118.14
442.15	-73.85	-150.28
443.82	-74.08	-169.81
445.49	-75.52	-174.35
447.18	-76.89	-173.38
448.86	-77.02	-177.28
450.56	-76.34	169.98
452.26	-77.44	154.22
453.96	-80.02	144.53
455.68	-81.94	150.19
457.40	-82.79	171.77
459.12	-82.58	-160.75
460.85	-81.00	-153.24
462.59	-78.89	-165.35
464.34	-77.83	-173.64
466.09	-77.07	173.84
467.85	-76.25	149.07
469.62	-78.52	137.98
471.39	-81.85	137.57
473.17	-80.36	119.75
474.95	-82.15	128.32
476.74	-92.05	-171.16
478.54	-94.41	-141.64
480.35	-86.86	-157.50
482.16	-79.85	-168.31
483.98	-77.46	-166.92
485.81	-79.13	-163.74
487.64	-80.54	-172.32
489.48	-80.33	178.24
491.33	-78.98	-178.27
493.18	-76.88	-179.90
495.04	-75.19	165.39
496.91	-75.33	145.69
498.79	-76.20	135.37
500.67	-76.36	133.35
502.56	-75.37	120.09
504.45	-75.80	105.30
506.36	-78.14	103.24
508.27	-77.51	109.57
510.19	-73.33	82.22
512.11	-71.61	21.33
514.04	-84.12	42.19
515.98	-94.78	105.92
517.93	-88.14	119.87
519.89	-88.25	106.17
521.85	-90.67	95.22
523.82	-81.71	93.92
525.79	-75.73	70.75
527.78	-75.89	36.15
529.77	-78.44	9.52
531.77	-83.93	-32.66
533.78	-87.68	-120.10
535.79	-85.92	129.10
537.81	-82.06	89.08
539.84	-79.51	79.69
541.88	-78.56	59.17
543.92	-76.82	54.60
545.98	-77.49	42.13
548.04	-79.50	31.11
550.10	-78.40	46.60
552.18	-77.44	21.59
554.26	-80.25	4.15
556.35	-84.15	40.50
558.45	-79.42	31.33
560.56	-76.24	-6.14
562.68	-80.14	-36.21
564.80	-83.78	-59.48
566.93	-83.81	-80.05
569.07	-86.50	-117.02
571.22	-90.07	-169.73
573.37	-80.07	153.35
575.54	-75.87	107.54
577.71	-78.85	71.40
579.89	-78.15	66.40
582.08	-79.73	46.78
584.27	-86.87	39.77
586.48	-89.88	64.80
588.69	-82.39	87.41
590.91	-80.12	48.21
593.14	-83.49	5.36
595.38	-90.24	-24.55
597.63	-94.46	-79.69
599.88	-88.24	-174.02
602.15	-94.73	85.15
604.42	-96.72	63.91
606.70	-83.64	95.91
608.99	-81.21	50.30
611.29	-81.91	5.80
613.59	-84.60	-12.49
615.91	-88.68	-27.92
618.23	-89.57	-80.50
620.57	-86.09	170.79
622.91	-85.82	102.30
625.26	-86.65	50.99
627.62	-84.59	50.47
629.99	-79.20	112.90
632.36	-71.56	74.64
634.75	-68.07	27.10
637.15	-68.69	-19.79
639.55	-73.64	-50.00
641.96	-78.66	-38.12
644.39	-76.71	-21.95
646.82	-77.11	-20.87
649.26	-75.51	-29.09
651.71	-76.84	-44.62
654.17	-78.48	-57.88
656.64	-76.27	-63.74
659.11	-78.27	-74.46
661.60	-78.49	-89.58
664.10	-81.33	-137.23
666.60	-87.40	108.61
669.12	-83.08	11.42
671.64	-74.17	-25.26
674.18	-75.81	-61.34
676.72	-76.21	-100.85
679.28	-82.47	-138.14
681.84	-85.19	-86.41
684.41	-85.51	-78.48
687.00	-81.91	-74.91
689.59	-78.05	-69.35
692.19	-78.13	-110.13
694.80	-79.85	-127.09
697.42	-85.83	-126.17
700.06	-91.39	-133.64
702.70	-87.33	-54.91
705.35	-81.12	-45.66
708.01	-76.52	-75.91
710.68	-75.77	-116.62
713.36	-81.52	177.91
716.06	-88.97	-177.24
718.76	-90.43	147.04
721.47	-84.50	5.05
724.19	-78.03	-24.93
726.93	-77.45	-59.67
729.67	-75.37	-66.66
732.42	-75.17	-95.40
735.19	-74.41	-119.32
737.96	-74.99	-140.63
740.75	-79.37	-173.90
743.54	-79.52	-160.00
746.35	-80.54	-110.63
749.16	-75.86	-129.76
751.99	-75.19	-151.25
754.83	-76.35	-156.13
757.68	-76.07	-154.71
760.54	-76.59	-161.87
763.41	-79.62	-172.54
766.29	-79.34	-144.11
769.18	-75.81	-150.10
772.08	-75.50	-171.37
774.99	-78.32	169.42
777.92	-76.00	-174.92
780.85	-73.85	155.47
783.80	-74.63	129.60
786.76	-78.44	117.10
789.73	-78.88	124.79
792.71	-81.66	100.37
795.70	-84.09	169.18
798.70	-78.65	166.46
801.71	-77.40	175.46
804.74	-77.78	138.63
807.78	-80.49	145.43
810.83	-76.42	-177.56
813.88	-71.58	137.47
816.96	-75.66	111.02
820.04	-77.76	140.73
823.13	-73.64	137.44
826.24	-71.08	112.43
829.36	-72.08	88.32
832.49	-75.55	82.37
835.63	-75.59	107.34
838.78	-70.95	101.14
841.95	-71.16	69.36
845.12	-73.68	56.63
848.31	-74.04	36.55
851.51	-78.25	29.75
854.73	-78.66	60.49
857.95	-76.32	69.81
861.19	-73.35	50.25
864.44	-72.41	36.37
867.70	-74.60	23.91
870.98	-76.54	29.76
874.26	-74.87	26.15
877.56	-74.11	32.78
880.87	-73.38	22.61
884.20	-71.77	13.56
887.53	-71.54	4.27
890.88	-72.47	-21.11
894.25	-79.04	-31.43
897.62	-81.61	2.64
901.01	-79.89	12.50
904.41	-80.08	18.73
907.82	-74.52	4.44
911.25	-73.92	-9.36
914.68	-69.97	-41.51
918.14	-72.35	-65.04
921.60	-74.98	-67.98
925.08	-74.97	-70.91
928.57	-74.90	-93.84
932.07	-77.48	-127.37
935.59	-84.09	-148.51
939.12	-93.09	-151.98
942.67	-92.79	85.62
946.22	-83.56	7.13
949.79	-79.94	13.58
953.38	-75.89	-40.53
956.97	-78.46	-75.69
960.59	-76.65	-92.77
964.21	-78.12	-114.97
967.85	-76.90	-103.99
971.50	-73.85	-136.64
975.17	-75.71	-164.30
978.85	-76.89	169.40
982.54	-79.85	76.64
986.25	-82.96	60.73
989.97	-81.39	57.80
993.71	-75.72	24.56
997.46	-70.90	-26.75
1001.22	-68.35	-64.64
1005.00	-68.56	-110.99
1008.79	-69.49	-136.85
1012.60	-72.68	-173.39
1016.42	-74.93	170.48
1020.25	-77.81	145.58
1024.10	-95.80	-49.51
1027.97	-77.21	-144.82
1031.85	-81.29	178.88
1035.74	-81.23	-145.99
1039.65	-80.29	-151.10
1043.57	-74.97	-159.22
1047.51	-71.40	175.59
1051.46	-72.95	141.73
1055.43	-76.66	110.23
1059.41	-82.54	139.00
1063.41	-79.43	132.80
1067.43	-83.87	89.67
1071.45	-88.76	116.08
1075.50	-86.18	153.04
1079.55	-79.86	167.63
1083.63	-78.91	155.11
1087.72	-78.42	131.40
1091.82	-82.69	116.23
1095.94	-81.73	119.00
1100.08	-90.88	167.77
1104.23	-92.38	136.82
1108.40	-92.69	-63.96
1112.58	-86.06	174.97
1116.78	-82.09	163.74
1120.99	-78.44	170.02
1125.22	-74.25	147.02
1129.47	-75.22	120.52
1133.73	-76.94	115.56
1138.01	-76.37	117.55
1142.30	-73.17	92.81
1146.61	-76.65	70.03
1150.94	-77.31	101.52
1155.28	-73.74	111.14
1159.64	-72.79	80.85
1164.02	-75.01	77.56
1168.41	-71.63	64.73
1172.82	-71.43	51.44
1177.25	-70.72	22.28
1181.69	-73.26	12.30
1186.15	-75.80	37.87
1190.62	-70.37	40.21
1195.12	-69.72	17.15
1199.63	-70.78	2.36
1204.15	-70.29	-7.14
1208.70	-71.78	-38.67
1213.26	-74.09	-30.29
1217.84	-74.16	-34.04
1222.43	-73.48	-26.80
1227.04	-72.81	-45.92
1231.67	-74.60	-37.18
1236.32	-71.43	-57.95
1240.99	-72.20	-76.33
1245.67	-74.22	-89.73
1250.37	-75.64	-88.02
1255.09	-76.42	-69.32
1259.83	-72.05	-88.23
1264.58	-71.92	-95.55
1269.35	-70.97	-137.65
1274.14	-75.51	-144.75
1278.95	-79.64	-137.13
1283.78	-78.03	-107.72
1288.62	-76.15	-97.03
1293.48	-73.63	-115.90
1298.36	-71.88	-137.41
1303.26	-75.06	-166.18
1308.18	-72.69	-172.96
1313.12	-73.80	-167.70
1318.07	-73.23	-167.77
1323.05	-73.05	-175.76
1328.04	-74.24	126.54
1333.05	-73.83	97.23
1338.08	-75.51	-10.79
1343.13	-79.47	-135.57
1348.20	-74.35	178.62
1353.29	-73.34	158.30
1358.39	-72.80	151.81
1363.52	-75.39	130.38
1368.67	-75.01	131.58
1373.83	-73.30	99.35
1379.01	-75.35	99.09
1384.22	-75.48	93.25
1389.44	-74.61	78.56
1394.68	-74.19	65.88
1399.95	-78.00	52.22
1405.23	-75.30	42.86
1410.53	-76.02	7.80
1415.86	-84.88	69.29
1421.20	-79.55	37.30
1426.56	-77.21	-14.06
1431.94	-83.34	-30.91
1437.35	-92.65	127.71
1442.77	-85.08	-11.94
1448.22	-90.99	54.81
1453.68	-88.07	88.98
1459.17	-85.25	29.29
1464.67	-86.84	-1.45
1470.20	-87.95	67.36
1475.75	-81.26	47.15
1481.32	-84.84	36.81
1486.91	-81.94	43.97
1492.52	-81.65	1.21
1498.15	-78.55	11.95
1503.80	-79.09	-36.82
1509.48	-81.92	-91.37
1515.17	-85.98	-33.99
1520.89	-85.22	-37.90
1526.63	-84.59	49.02
1532.39	-75.97	9.33
1538.17	-77.61	-24.69
1543.98	-80.91	-77.06
1549.81	-80.44	-83.67
1555.65	-80.60	-36.91
1561.52	-77.40	-52.82
1567.42	-77.73	-65.84
1573.33	-79.27	-89.13
1579.27	-76.05	-73.96
1585.23	-75.59	-102.05
1591.21	-83.41	-127.25
1597.21	-82.31	-118.60
1603.24	-76.07	-72.03
1609.29	-77.72	-103.44
1615.36	-76.71	-146.84
1621.46	-75.94	-132.91
1627.58	-75.19	-119.71
1633.72	-74.92	-139.56
1639.89	-74.37	-154.13
1646.07	-71.80	-161.43
1652.29	-72.12	170.96
1658.52	-73.47	161.71
1664.78	-72.51	134.64
1671.06	-75.11	130.99
1677.37	-71.24	144.58
1683.70	-72.12	118.00
1690.05	-70.55	106.77
1696.43	-70.95	77.33
1702.83	-77.23	75.66
1709.26	-75.19	65.59
1715.70	-75.86	43.25
1722.18	-76.77	52.09
1728.68	-77.74	84.14
1735.20	-74.66	80.42
1741.75	-73.18	53.10
1748.32	-71.11	-2.62
1754.92	-76.37	-11.87
1761.54	-82.33	-2.37
1768.19	-80.03	2.51
1774.86	-74.27	2.65
1781.56	-71.65	-18.35
1788.28	-75.11	-47.31
1795.03	-76.52	-69.37
1801.80	-75.02	-80.71
1808.60	-77.49	-100.41
1815.43	-82.33	-29.26
1822.28	-80.60	-55.76
1829.15	-75.86	-60.92
1836.06	-76.20	-80.64
1842.99	-76.12	-114.13
1849.94	-74.91	-156.50
1856.92	-80.52	-143.97
1863.93	-89.09	-82.64
1870.96	-90.82	69.14
1878.02	-83.16	-101.93
1885.11	-80.39	-94.35
1892.22	-78.88	-133.37
1899.36	-82.56	-129.61
1906.53	-79.40	-132.67
1913.72	-77.54	-156.30
1920.95	-76.04	-168.60
1928.19	-75.04	144.98
1935.47	-82.79	128.58
1942.77	-81.73	-177.83
1950.11	-76.77	157.85
1957.46	-77.63	163.50
1964.85	-77.01	161.04
1972.27	-75.74	123.85
1979.71	-77.10	105.94
1987.18	-76.24	120.76
1994.68	-80.98	80.92
2002.20	-79.15	97.27
2009.76	-76.71	114.97
2017.34	-77.64	63.27
2024.96	-76.90	85.09
2032.60	-75.67	71.79
2040.27	-74.23	51.82
2047.97	-78.28	62.91
2055.70	-74.73	55.37
2063.45	-72.60	32.21
2071.24	-71.32	2.25
2079.06	-75.28	-9.21
2086.90	-74.54	-24.32
2094.78	-77.02	-10.40
2102.68	-72.80	-37.10
2110.62	-77.47	-47.74
2118.58	-72.56	-32.26
2126.57	-71.92	-77.19
2134.60	-72.41	-85.07
2142.65	-73.78	-117.07
2150.74	-73.81	-133.81
2158.86	-75.31	-155.20
2167.00	-76.82	-154.77
2175.18	-77.09	-156.84
2183.39	-76.36	-178.27
2191.63	-78.07	-175.21
2199.90	-75.31	170.51
2208.20	-79.32	145.27
2216.53	-76.79	128.73
2224.90	-83.11	145.90
2233.29	-74.85	153.88
2241.72	-76.44	91.97
2250.18	-83.86	101.43
2258.67	-79.68	106.50
2267.19	-81.69	68.09
2275.75	-79.49	70.22
2284.34	-81.83	115.61
2292.96	-83.59	53.63
2301.61	-83.88	115.48
2310.29	-79.72	81.74
2319.01	-76.45	42.40
2327.76	-82.04	46.51
2336.55	-80.64	42.22
2345.36	-80.48	42.87
2354.21	-78.21	1.36
2363.10	-78.82	30.52
2372.02	-77.62	-4.78
2380.97	-80.42	-2.15
2389.95	-79.15	-35.19
2398.97	-80.85	-23.72
2408.02	-80.86	-24.93
2417.11	-79.20	-44.29
2426.23	-77.36	-50.71
2435.39	-77.61	-74.86
2444.58	-76.29	-93.28
2453.80	-75.88	-129.79
2463.06	-77.48	-128.65
2472.35	-76.89	-156.57
2481.68	-75.85	-172.39
2491.05	-80.93	163.00
2500.45	-84.19	-149.07
2509.88	-78.59	-171.39
2519.36	-74.23	179.89
2528.86	-75.07	131.11
2538.41	-77.58	139.01
2547.98	-78.93	121.31
2557.60	-75.27	108.15
2567.25	-80.88	71.04
2576.94	-75.64	80.76
2586.66	-79.72	4.86
2596.42	-84.59	-6.48
2606.22	-78.54	64.74
2616.06	-78.86	52.03
2625.93	-78.50	35.80
2635.84	-74.61	10.79
2645.78	-76.94	-18.08
2655.77	-80.17	-133.04
2665.79	-78.56	-15.38
2675.85	-83.77	-68.09
2685.95	-81.92	-34.56
2696.08	-83.19	26.95
2706.26	-81.06	-23.11
2716.47	-82.69	-48.59
2726.72	-80.31	-87.62
2737.01	-81.30	-179.80
2747.34	-88.41	-52.08
2757.70	-81.63	-51.76
2768.11	-82.40	-141.37
2778.56	-88.06	57.27
2789.04	-82.60	-122.88
2799.57	-79.47	-127.02
2810.13	-77.17	-165.80
2820.73	-77.01	154.89
2831.38	-85.52	156.83
2842.06	-80.16	161.38
2852.79	-77.53	159.28
2863.55	-75.79	117.87
2874.36	-78.50	96.55
2885.21	-78.54	80.78
2896.09	-78.90	67.59
2907.02	-77.82	73.86
2917.99	-80.15	56.28
2929.00	-76.58	35.33
2940.06	-76.89	17.21
2951.15	-79.25	6.25
2962.29	-76.84	9.12
2973.47	-78.00	-40.22
2984.69	-80.25	-45.23
2995.95	-85.40	-53.29
3007.25	-79.39	-33.43
3018.60	-82.88	-100.38
3029.99	-84.29	-87.83
3041.43	-81.56	-89.83
3052.90	-79.66	-143.85
3064.42	-82.58	-101.15
3075.99	-84.42	-130.74
3087.60	-80.15	-144.48
3099.25	-79.26	-179.74
3110.94	-80.45	160.93
3122.68	-79.23	139.50
3134.47	-79.28	119.46
3146.29	-79.96	128.31
3158.17	-79.35	110.47
3170.08	-78.72	94.31
3182.05	-77.22	100.80
3194.05	-80.49	98.59
3206.11	-75.51	78.23
3218.21	-77.59	47.79
3230.35	-77.34	22.28
3242.54	-77.74	5.92
3254.77	-80.46	8.72
3267.06	-77.06	-32.02
3279.39	-82.09	-49.50
3291.76	-79.40	-45.52
3304.18	-81.16	169.48
3316.65	-82.50	-64.96
3329.17	-82.46	-86.00
3341.73	-82.50	-116.60
3354.34	-80.86	-138.10
3367.00	-81.55	-132.07
3379.70	-80.61	-159.92
3392.46	-78.55	-174.90
3405.26	-78.45	171.36
3418.11	-77.38	142.29
3431.01	-77.52	117.15
3443.95	-80.66	111.69
3456.95	-78.89	97.46
3469.99	-77.56	63.63
3483.09	-79.39	13.62
3496.23	-83.36	43.43
3509.43	-81.03	40.56
3522.67	-82.26	17.65
3535.96	-81.99	34.05
3549.31	-82.19	15.35
3562.70	-85.20	-12.24
3576.14	-81.50	-26.18
3589.64	-80.48	-45.59
3603.18	-80.16	-82.97
3616.78	-81.20	-122.99
3630.43	-85.00	-143.05
3644.13	-80.56	-138.17
3657.88	-82.33	-157.38
3671.68	-85.17	-133.69
3685.54	-85.77	-124.32
3699.45	-85.03	167.43
3713.41	-79.17	170.17
3727.42	-77.77	141.61
3741.49	-81.71	133.79
3755.60	-80.05	86.12
3769.78	-78.65	86.08
3784.00	-80.09	58.94
3798.28	-80.89	53.84
3812.61	-78.93	26.40
3827.00	-82.11	-10.09
3841.44	-84.61	6.92
3855.94	-82.10	-7.83
3870.49	-83.13	14.18
3885.09	-79.94	-38.58
3899.75	-83.07	-55.13
3914.47	-82.35	-84.48
3929.24	-81.77	-125.20
3944.07	-83.43	-133.25
3958.95	-84.98	-136.95
3973.89	-79.14	-150.88
3988.89	-84.15	168.70
4003.94	-82.28	163.05
4019.05	-81.78	157.77
4034.22	-81.62	132.66
4049.44	-80.96	129.33
4064.72	-79.48	95.00
4080.06	-78.43	60.87
4095.46	-79.92	38.99
4110.91	-85.26	42.33
4126.42	-80.34	32.18
4141.99	-80.22	-15.05
4157.62	-81.96	-20.75
4173.31	-81.84	-0.64
4189.06	-81.08	-49.14
4204.87	-80.82	-72.13
4220.74	-80.15	-111.45
4236.66	-81.80	-110.15
4252.65	-85.55	-170.76
4268.70	-85.77	-30.80
4284.81	-81.05	-97.09
4300.98	-79.10	-170.56
4317.21	-81.32	171.55
4333.50	-79.18	153.63
4349.85	-80.78	152.70
4366.26	-76.64	109.43
4382.74	-78.60	69.70
4399.28	-80.39	73.34
4415.88	-76.26	49.28
4432.54	-78.66	12.19
4449.27	-77.93	0.08
4466.06	-77.74	-27.38
4482.91	-80.10	-75.72
4499.83	-80.64	-87.32
4516.81	-81.21	-110.75
4533.85	-78.82	-123.42
4550.96	-79.32	-170.77
4568.14	-79.31	178.50
4585.37	-75.89	106.44
4602.68	-83.69	78.67
4620.05	-89.71	-15.07
4637.48	-85.09	-25.08
4654.98	-80.87	134.16
4672.55	-78.84	114.70
4690.18	-78.96	99.75
4707.88	-77.77	41.83
4725.64	-76.42	33.82
4743.48	-76.46	-7.08
4761.38	-75.61	-43.71
4779.34	-79.41	-73.76
4797.38	-81.32	-100.22
4815.48	-80.29	-106.96
4833.65	-78.28	-150.44
4851.89	-80.41	-172.63
4870.20	-79.98	147.61
4888.58	-78.53	148.97
4907.03	-77.18	101.75
4925.54	-78.49	74.02
4944.13	-77.57	62.37
4962.79	-76.61	-13.86
4981.52	-83.45	-113.29
5000.31	-81.22	138.42
5019.18	-82.09	106.66
5038.12	-80.14	22.41
5057.14	-81.86	-14.50
5076.22	-83.31	-35.33
5095.37	-79.43	-28.11
5114.60	-78.96	-91.05
5133.90	-79.66	-123.09
5153.27	-81.67	-147.80
5172.72	-80.71	-161.53
5192.24	-77.67	153.80
5211.83	-80.54	122.85
5231.50	-79.69	73.26
5251.24	-80.73	-115.23
5271.06	-77.52	67.66
5290.95	-77.38	41.62
5310.91	-79.16	-9.54
5330.96	-81.10	-33.55
5351.07	-81.91	-59.18
5371.27	-79.90	-119.73
5391.53	-85.57	134.09
5411.88	-84.12	-112.77
5432.30	-81.58	-83.29
5452.80	-83.14	-143.78
5473.38	-81.37	-148.33
5494.03	-79.20	170.24
5514.76	-75.51	117.30
5535.57	-78.18	87.41
5556.46	-82.31	57.07
5577.43	-79.40	53.60
5598.48	-77.21	25.14
5619.60	-77.66	1.65
5640.81	-78.41	-50.67
5662.10	-77.42	-94.38
5683.46	-78.67	-118.83
5704.91	-79.95	-163.34
5726.44	-81.38	168.99
5748.05	-81.41	91.00
5769.74	-83.23	124.85
5791.51	-84.99	69.40
5813.36	-83.43	101.51
5835.30	-79.92	99.02
5857.32	-78.39	47.32
5879.42	-83.38	42.09
5901.61	-83.80	53.65
5923.88	-83.55	5.41
5946.23	-82.94	-17.01
5968.67	-82.72	164.49
5991.20	-81.68	-62.45
6013.80	-81.42	-168.26
6036.50	-80.11	-152.44
6059.28	-78.54	134.88
6082.14	-80.29	88.09
6105.09	-80.98	83.01
6128.13	-80.15	56.69
6151.26	-80.82	16.29
6174.47	-83.57	-13.21
6197.77	-80.88	27.53
6221.16	-84.20	-168.20
6244.63	-82.20	8.65
6268.20	-76.72	-61.46
6291.85	-77.69	174.71
6315.59	-80.49	140.23
6339.42	-82.58	106.83
6363.35	-80.94	129.86
6387.36	-79.20	116.94
6411.46	-79.76	82.57
6435.66	-77.08	49.11
6459.94	-77.18	4.81
6484.32	-78.96	-22.87
6508.79	-79.31	-67.90
6533.35	-77.82	-126.30
6558.00	-76.53	166.99
6582.75	-80.23	129.43
6607.59	-80.63	100.90
6632.53	-77.98	83.73
6657.55	-81.60	53.72
6682.68	-79.56	-0.89
6707.90	-82.37	171.18
6733.21	-86.03	169.06
6758.62	-83.65	-153.15
6784.12	-81.07	-1.46
6809.72	-82.72	-77.11
6835.42	-80.64	-106.33
6861.21	-77.86	-150.11
6887.10	-75.15	145.62
6913.09	-75.54	88.24
6939.18	-73.73	63.10
6965.36	-75.35	9.58
6991.65	-78.65	-44.84
7018.03	-79.08	-79.29
7044.51	-80.58	-103.92
7071.10	-75.45	-139.58
7097.78	-76.66	150.91
7124.56	-78.01	103.78
7151.45	-78.03	87.49
7178.44	-78.02	-45.31
7205.52	-77.77	147.57
7232.71	-76.32	39.00
7260.01	-73.84	50.93
7287.40	-72.57	-19.89
7314.90	-70.56	-63.82
7342.51	-68.49	-126.37
7370.21	-67.00	168.36
7398.03	-71.07	111.83
7425.94	-69.94	85.83
7453.97	-71.66	54.19
7482.09	-69.52	10.97
7510.33	-70.98	-27.08
7538.67	-70.58	-97.23
7567.12	-71.07	-142.41
7595.67	-74.50	139.68
7624.33	-79.07	117.58
7653.10	-78.80	-26.25
7681.98	-76.38	140.68
7710.97	-72.10	98.13
7740.07	-73.41	48.60
7769.28	-72.53	2.68
7798.60	-73.88	-45.53
7828.02	-78.57	-96.81
7857.56	-74.34	-90.62
7887.21	-71.79	-173.64
7916.98	-72.99	110.08
7946.85	-75.69	-152.40
7976.84	-79.21	71.23
8006.94	-81.09	-8.25
8037.16	-77.79	58.48
8067.49	-79.31	-19.10
8097.93	-81.32	-140.20
8128.49	-79.00	-49.79
8159.16	-77.74	-138.30
8189.95	-78.18	-93.72
8220.86	-75.37	156.81
8251.88	-74.12	96.99
8283.02	-76.72	68.14
8314.27	-76.38	36.25
8345.65	-75.27	-18.43
8377.14	-77.75	-80.69
8408.75	-83.35	-57.65
8440.48	-84.10	-40.40
8472.33	-75.70	-152.16
8504.30	-77.66	156.59
8536.40	-75.87	83.43
8568.61	-80.54	91.64
8600.94	-77.45	82.33
8633.40	-75.39	23.42
8665.98	-76.91	-26.45
8698.68	-74.79	-85.89
8731.51	-79.84	-21.37
8764.46	-80.70	-169.99
8797.53	-79.10	136.16
8830.73	-75.54	132.93
8864.05	-74.30	69.36
8897.50	-77.69	11.64
8931.07	-78.85	6.51
8964.78	-81.56	-29.81
8998.61	-78.40	-36.75
9032.56	-75.28	-110.58
9066.65	-72.95	-171.51
9100.86	-73.72	110.93
9135.20	-74.36	75.78
9169.68	-75.13	27.81
9204.28	-77.09	161.53
9239.01	-77.50	-44.26
9273.88	-75.24	-145.55
9308.87	-83.31	166.15
9344.00	-77.37	33.58
9379.26	-79.54	-153.08
9414.65	-72.58	130.62
9450.18	-73.14	57.86
9485.84	-74.34	-6.20
9521.64	-81.75	-43.26
9557.57	-79.95	13.79
9593.64	-80.89	-156.44
9629.84	-82.64	141.81
9666.18	-79.32	109.78
9702.65	-82.98	74.45
9739.27	-81.91	83.72
9776.02	-78.21	75.18
9812.91	-77.79	15.14
9849.94	-77.30	-55.07
9887.11	-79.57	-127.45
9924.42	-79.38	154.89
9961.87	-80.88	143.80
9999.46	-77.27	89.70
10037.19	-79.05	28.84
10075.07	-84.13	-154.43
10113.09	-83.67	48.95
10151.25	-79.13	-22.06
10189.55	-84.23	-121.42
10228.01	-82.19	-151.46
10266.60	-81.57	139.21
10305.34	-81.15	113.28
10344.23	-75.93	53.76
10383.27	-79.55	8.89
10422.45	-80.29	-41.19
10461.78	-83.17	-166.97
10501.26	-80.36	134.47
10540.88	-84.88	108.96
10580.66	-81.71	122.42
10620.59	-78.91	94.49
10660.66	-78.82	67.83
10700.89	-75.65	-6.92
10741.27	-78.70	-41.35
10781.81	-79.38	-154.44
10822.49	-79.69	98.78
10863.33	-81.73	130.32
10904.33	-79.32	111.63
10945.47	-77.76	45.14
10986.78	-78.68	7.33
11028.24	-80.33	-34.64
11069.85	-82.13	-43.60
11111.63	-78.83	-158.03
11153.56	-78.94	127.02
11195.64	-79.44	84.15
11237.89	-77.02	47.95
11280.30	-79.32	9.91
11322.87	-81.39	104.63
11365.59	-81.53	-97.11
11408.48	-81.52	-127.22
11451.53	-79.97	25.36
11494.75	-75.78	92.85
11538.12	-77.24	30.29
11581.66	-78.27	10.80
11625.37	-80.42	-75.16
11669.24	-79.96	-153.78
11713.27	-79.04	140.94
11757.47	-79.20	86.06
11801.84	-79.25	65.27
11846.37	-78.05	18.97
11891.08	-79.87	-63.74
11935.95	-83.72	-61.54
11980.99	-83.02	-156.76
12026.20	-77.50	119.32
12071.58	-80.09	72.04
12117.14	-78.96	40.71
12162.86	-82.08	-2.28
12208.76	-83.96	-50.11
12254.83	-80.66	-147.01
12301.07	-80.93	117.73
12347.49	-80.57	103.79
12394.08	-77.94	51.02
12440.85	-81.88	46.83
12487.80	-82.08	-28.56
12534.92	-82.92	6.44
12582.23	-81.19	168.88
12629.71	-78.64	81.53
12677.37	-81.94	55.55
12725.20	-80.86	47.02
12773.22	-81.41	-27.54
12821.42	-84.65	-62.58
12869.81	-82.05	58.06
12918.37	-81.31	123.17
12967.12	-77.02	64.00
13016.05	-79.52	3.15
13065.17	-83.77	-23.80
13114.47	-85.09	-71.75
13163.96	-82.90	162.75
13213.64	-79.13	113.26
13263.50	-80.25	55.89
13313.55	-80.09	19.41
13363.79	-82.74	-37.93
13414.22	-85.74	-14.21
13464.84	-84.55	149.75
13515.65	-79.25	101.54
13566.65	-78.96	34.54
13617.84	-82.91	28.69
13669.23	-80.92	-9.84
13720.81	-79.82	-105.35
13772.59	-77.55	129.40
13824.56	-79.22	73.17
13876.73	-79.69	31.54
13929.09	-82.15	-7.15
13981.66	-84.88	86.99
14034.42	-83.45	-96.45
14087.38	-78.10	135.20
14140.54	-76.70	63.35
14193.90	-79.89	-81.03
14247.46	-84.68	49.59
14301.22	-82.61	-135.25
14355.19	-80.82	115.41
14409.36	-80.76	92.59
14463.73	-77.08	50.89
14518.31	-78.09	-21.50
14573.10	-81.99	-132.30
14628.09	-79.92	156.54
14683.29	-78.00	83.59
14738.70	-79.15	33.49
14794.32	-82.49	5.88
14850.15	-82.47	-77.31
14906.18	-80.15	-177.43
14962.43	-78.22	98.83
15018.90	-77.65	55.19
15075.57	-78.88	-28.05
15132.46	-84.72	-138.16
15189.56	-84.84	126.59
15246.88	-81.48	123.18
15304.42	-79.04	58.49
15362.17	-80.76	14.25
15420.14	-81.71	-71.12
15478.33	-81.82	155.28
15536.74	-82.58	79.95
15595.37	-81.39	69.89
15654.22	-82.05	19.76
15713.29	-84.72	-38.10
15772.58	-84.40	8.69
15832.10	-79.73	106.08
15891.85	-79.29	42.91
15951.81	-83.87	9.46
16012.01	-86.52	-38.13
16072.43	-85.24	145.20
16133.08	-80.94	103.95
16193.96	-78.33	54.17
16255.07	-81.68	-21.16
16316.41	-85.48	-0.72
16377.98	-81.77	136.89
16439.79	-79.67	66.45
16501.82	-82.54	50.97
16564.09	-81.90	-12.79
16626.60	-84.23	-138.24
16689.34	-81.97	110.64
16752.32	-79.61	55.32
16815.54	-82.11	-0.09
16878.99	-86.01	132.80
16942.69	-88.84	94.86
17006.62	-80.59	101.98
17070.79	-79.75	47.97
17135.21	-80.95	-12.59
17199.87	-84.66	65.27
17264.78	-82.77	108.99
17329.93	-80.20	69.09
17395.32	-81.10	27.25
17460.97	-83.53	-35.29
17526.86	-80.62	170.60
17593.00	-77.66	81.12
17659.38	-81.97	31.45
17726.02	-83.31	-19.74
17792.91	-83.94	-148.20
17860.06	-80.59	113.14
17927.45	-78.00	47.87
17995.10	-82.14	-13.95
18063.01	-86.58	120.39
18131.17	-82.77	120.73
18199.59	-80.74	61.65
18268.27	-81.49	7.78
18337.21	-85.94	-96.47
18406.40	-82.65	128.39
18475.86	-79.53	73.33
18545.58	-81.40	2.94
18615.56	-89.29	-124.12
18685.81	-83.79	125.26
18756.32	-81.20	77.40
18827.10	-81.85	20.44
18898.15	-88.75	5.11
18969.46	-84.90	122.27
19041.04	-81.93	64.49
19112.90	-83.87	26.16
19185.02	-86.64	46.60
19257.42	-83.88	122.17
19330.09	-82.98	80.18
19403.03	-82.18	38.38
19476.25	-86.19	-153.75
19549.74	-85.27	-52.95
19623.51	-83.24	66.32
19697.56	-84.42	47.87
19771.89	-86.00	46.64
19846.51	-82.88	87.21
19921.40	-55.19	-24.41
19996.57	-83.65	48.36
20072.03	-86.05	28.52
20147.78	-85.21	91.56
20223.80	-82.79	68.04
20300.12	-83.28	47.77
20376.72	-86.88	26.23
20453.62	-84.78	3.82
20530.80	-82.32	61.49
20608.28	-83.51	37.80
20686.04	-86.23	62.65
20764.10	-83.86	84.63
20842.46	-82.92	49.49
20921.11	-84.92	16.72
21000.06	-88.92	-93.15
21079.30	-82.56	83.46
21158.85	-84.89	28.51
21238.69	-87.84	-68.32
21318.84	-85.24	-61.63
21399.29	-82.64	55.70
21480.04	-86.06	35.17
21561.09	-85.56	69.67
21642.46	-83.82	51.63
21724.12	-84.03	30.12
21806.10	-86.95	-4.13
21888.39	-85.40	64.22
21970.99	-85.61	48.24
22053.89	-85.84	-103.70
22137.12	-84.38	66.44
22220.65	-85.59	52.63
22304.50	-86.00	-170.63
