Freq[Hz]	[dBV]	Phase[Deg]
10.00	-70.62	-68.61
10.04	-70.67	-71.16
10.08	-70.72	-73.74
10.11	-70.76	-76.34
10.15	-70.81	-78.95
10.19	-70.85	-81.58
10.23	-70.89	-84.22
10.27	-70.94	-86.87
10.31	-70.97	-89.52
10.34	-71.01	-92.17
10.38	-71.05	-94.82
10.42	-71.09	-97.46
10.46	-71.12	-100.09
10.50	-71.15	-102.71
10.54	-71.18	-105.30
10.58	-71.21	-107.88
10.62	-71.24	-110.42
10.66	-71.27	-112.94
10.70	-71.29	-115.42
10.74	-71.32	-117.86
10.78	-71.34	-120.26
10.82	-71.36	-122.61
10.86	-71.38	-124.90
10.90	-71.39	-127.14
10.95	-71.41	-129.31
10.99	-71.42	-131.42
11.03	-71.43	-133.45
11.07	-71.44	-135.40
11.11	-71.45	-137.27
11.15	-71.45	-139.05
11.20	-71.46	-140.74
11.24	-71.46	-142.33
11.28	-71.46	-143.81
11.32	-71.46	-145.18
11.37	-71.45	-146.43
11.41	-71.45	-147.55
11.45	-71.44	-148.55
11.50	-71.43	-149.41
11.54	-71.42	-150.13
11.58	-71.40	-150.70
11.63	-71.39	-151.11
11.67	-71.37	-151.36
11.71	-71.35	-151.44
11.76	-71.32	-151.35
11.80	-71.30	-151.08
11.85	-71.27	-150.64
11.89	-71.24	-150.03
11.94	-71.21	-149.25
11.98	-71.17	-148.31
12.03	-71.14	-147.22
12.07	-71.10	-145.96
12.12	-71.06	-144.56
12.16	-71.02	-143.01
12.21	-70.97	-141.31
12.26	-70.92	-139.47
12.30	-70.88	-137.50
12.35	-70.83	-135.39
12.39	-70.77	-133.16
12.44	-70.72	-130.80
12.49	-70.66	-128.33
12.54	-70.61	-125.74
12.58	-70.55	-123.04
12.63	-70.49	-120.23
12.68	-70.43	-117.33
12.73	-70.36	-114.33
12.77	-70.30	-111.24
12.82	-70.23	-108.07
12.87	-70.16	-104.82
12.92	-70.10	-101.50
12.97	-70.03	-98.11
13.02	-69.95	-94.66
13.07	-69.88	-91.15
13.12	-69.81	-87.60
13.16	-69.74	-84.00
13.21	-69.66	-80.37
13.26	-69.59	-76.71
13.31	-69.51	-73.03
13.36	-69.43	-69.33
13.41	-69.35	-65.62
13.47	-69.28	-61.92
13.52	-69.20	-58.22
13.57	-69.12	-54.53
13.62	-69.04	-50.87
13.67	-68.96	-47.24
13.72	-68.88	-43.65
13.77	-68.80	-40.10
13.83	-68.72	-36.61
13.88	-68.64	-33.19
13.93	-68.57	-29.84
13.98	-68.49	-26.57
14.04	-68.41	-23.39
14.09	-68.33	-20.31
14.14	-68.26	-17.35
14.19	-68.18	-14.50
14.25	-68.10	-11.79
14.30	-68.03	-9.22
14.36	-67.96	-6.80
14.41	-67.89	-4.55
14.46	-67.82	-2.46
14.52	-67.75	-0.57
14.57	-67.68	1.13
14.63	-67.61	2.63
14.68	-67.55	3.90
14.74	-67.49	4.95
14.80	-67.43	5.79
14.85	-67.37	6.41
14.91	-67.31	6.83
14.96	-67.26	7.05
15.02	-67.20	7.07
15.08	-67.15	6.90
15.13	-67.10	6.55
15.19	-67.06	6.02
15.25	-67.01	5.32
15.31	-66.97	4.45
15.36	-66.93	3.43
15.42	-66.89	2.25
15.48	-66.85	0.93
15.54	-66.81	-0.54
15.60	-66.78	-2.13
15.66	-66.74	-3.85
15.71	-66.71	-5.68
15.77	-66.68	-7.62
15.83	-66.65	-9.66
15.89	-66.63	-11.80
15.95	-66.60	-14.02
16.01	-66.58	-16.31
16.07	-66.56	-18.68
16.13	-66.54	-21.10
16.19	-66.52	-23.56
16.26	-66.50	-26.07
16.32	-66.49	-28.61
16.38	-66.48	-31.17
16.44	-66.46	-33.74
16.50	-66.45	-36.30
16.56	-66.45	-38.86
16.63	-66.44	-41.40
16.69	-66.43	-43.90
16.75	-66.43	-46.36
16.82	-66.43	-48.76
16.88	-66.43	-51.10
16.94	-66.43	-53.35
17.01	-66.43	-55.52
17.07	-66.43	-57.58
17.14	-66.43	-59.53
17.20	-66.44	-61.34
17.27	-66.45	-63.01
17.33	-66.46	-64.53
17.40	-66.46	-65.87
17.46	-66.48	-67.03
17.53	-66.49	-67.99
17.59	-66.50	-68.74
17.66	-66.51	-69.26
17.73	-66.53	-69.56
17.79	-66.55	-69.64
17.86	-66.57	-69.51
17.93	-66.59	-69.16
18.00	-66.61	-68.60
18.06	-66.64	-67.84
18.13	-66.67	-66.87
18.20	-66.70	-65.70
18.27	-66.74	-64.34
18.34	-66.78	-62.78
18.41	-66.82	-61.04
18.48	-66.87	-59.11
18.55	-66.93	-57.01
18.62	-66.99	-54.72
18.69	-67.05	-52.27
18.76	-67.12	-49.65
18.83	-67.20	-46.87
18.90	-67.28	-43.93
18.97	-67.38	-40.83
19.04	-67.47	-37.59
19.11	-67.58	-34.21
19.19	-67.70	-30.69
19.26	-67.82	-27.04
19.33	-67.95	-23.27
19.40	-68.09	-19.37
19.48	-68.24	-15.36
19.55	-68.41	-11.24
19.62	-68.58	-7.02
19.70	-68.76	-2.71
19.77	-68.96	1.69
19.85	-69.16	6.18
19.92	-69.38	10.74
20.00	-69.62	15.37
20.07	-69.86	20.06
20.15	-70.12	24.80
20.22	-70.40	29.59
20.30	-70.69	34.42
20.38	-70.99	39.28
20.45	-71.31	44.16
20.53	-71.65	49.06
20.61	-72.00	53.96
20.69	-72.37	58.87
20.77	-72.76	63.77
20.84	-73.16	68.66
20.92	-73.57	73.55
21.00	-74.00	78.41
21.08	-74.43	83.25
21.16	-74.88	88.06
21.24	-75.34	92.84
21.32	-75.80	97.57
21.40	-76.27	102.27
21.48	-76.75	106.91
21.56	-77.24	111.49
21.64	-77.72	116.00
21.73	-78.21	120.45
21.81	-78.71	124.82
21.89	-79.20	129.11
21.97	-79.69	133.31
22.06	-80.18	137.41
22.14	-80.67	141.40
22.22	-81.15	145.29
22.31	-81.63	149.06
22.39	-82.10	152.70
22.47	-82.56	156.21
22.56	-83.01	159.57
22.64	-83.45	162.79
22.73	-83.87	165.85
22.82	-84.28	168.75
22.90	-84.68	171.47
22.99	-85.06	174.01
23.07	-85.41	176.37
23.16	-85.75	178.52
23.25	-86.06	-179.54
23.34	-86.35	-177.81
23.43	-86.62	-176.31
23.51	-86.85	-175.05
23.60	-87.06	-174.02
23.69	-87.24	-173.21
23.78	-87.39	-172.61
23.87	-87.52	-172.22
23.96	-87.63	-172.03
24.05	-87.70	-172.03
24.14	-87.76	-172.21
24.23	-87.79	-172.56
24.32	-87.80	-173.08
24.42	-87.78	-173.74
24.51	-87.75	-174.54
24.60	-87.69	-175.48
24.69	-87.62	-176.54
24.79	-87.53	-177.71
24.88	-87.42	-178.97
24.97	-87.29	179.67
25.07	-87.15	178.24
25.16	-86.99	176.75
25.26	-86.82	175.20
25.35	-86.63	173.61
25.45	-86.44	172.00
25.54	-86.23	170.37
25.64	-86.01	168.74
25.74	-85.79	167.12
25.84	-85.55	165.53
25.93	-85.31	163.99
26.03	-85.06	162.49
26.13	-84.81	161.07
26.23	-84.56	159.73
26.33	-84.30	158.50
26.43	-84.05	157.38
26.53	-83.79	156.38
26.63	-83.54	155.50
26.73	-83.29	154.75
26.83	-83.04	154.11
26.93	-82.80	153.59
27.03	-82.57	153.19
27.13	-82.34	152.89
27.23	-82.12	152.71
27.34	-81.92	152.64
27.44	-81.73	152.68
27.54	-81.55	152.83
27.65	-81.39	153.08
27.75	-81.24	153.43
27.86	-81.12	153.88
27.96	-81.01	154.44
28.07	-80.93	155.08
28.17	-80.87	155.82
28.28	-80.84	156.66
28.39	-80.83	157.58
28.49	-80.85	158.59
28.60	-80.91	159.68
28.71	-80.99	160.85
28.82	-81.11	162.11
28.93	-81.27	163.44
29.03	-81.47	164.84
29.14	-81.70	166.31
29.25	-81.98	167.85
29.36	-82.31	169.46
29.48	-82.68	171.12
29.59	-83.09	172.83
29.70	-83.54	174.56
29.81	-84.02	176.32
29.92	-84.54	178.09
30.04	-85.09	179.86
30.15	-85.67	-178.39
30.26	-86.28	-176.68
30.38	-86.91	-175.00
30.49	-87.56	-173.38
30.61	-88.22	-171.83
30.72	-88.90	-170.37
30.84	-89.59	-169.01
30.95	-90.29	-167.77
31.07	-90.99	-166.65
31.19	-91.69	-165.68
31.31	-92.39	-164.87
31.42	-93.08	-164.24
31.54	-93.77	-163.81
31.66	-94.43	-163.59
31.78	-95.08	-163.59
31.90	-95.71	-163.85
32.02	-96.32	-164.37
32.14	-96.89	-165.17
32.26	-97.43	-166.27
32.39	-97.94	-167.69
32.51	-98.40	-169.41
32.63	-98.83	-171.41
32.75	-99.21	-173.69
32.88	-99.55	-176.23
33.00	-99.85	-179.03
33.13	-100.09	177.94
33.25	-100.29	174.69
33.38	-100.44	171.23
33.50	-100.54	167.58
33.63	-100.58	163.74
33.76	-100.57	159.75
33.88	-100.50	155.60
34.01	-100.37	151.33
34.14	-100.18	146.93
34.27	-99.92	142.44
34.40	-99.60	137.87
34.53	-99.22	133.23
34.66	-98.76	128.55
34.79	-98.23	123.83
34.92	-97.62	119.11
35.05	-96.94	114.40
35.18	-96.18	109.72
35.32	-95.35	105.09
35.45	-94.44	100.55
35.58	-93.47	96.11
35.72	-92.44	91.82
35.85	-91.37	87.70
35.99	-90.25	83.78
36.12	-89.11	80.11
36.26	-87.94	76.71
36.40	-86.76	73.61
36.53	-85.57	70.86
36.67	-84.39	68.49
36.81	-83.23	66.53
36.95	-82.09	65.02
37.09	-80.98	64.00
37.23	-79.92	63.51
37.37	-78.92	63.59
37.51	-77.98	64.28
37.65	-77.11	65.62
37.79	-76.34	67.65
37.94	-75.66	70.42
38.08	-75.09	73.97
38.22	-74.64	78.33
38.37	-74.31	83.46
38.51	-74.09	89.30
38.66	-73.98	95.80
38.80	-73.96	102.89
38.95	-74.04	110.52
39.10	-74.20	118.61
39.24	-74.44	127.10
39.39	-74.75	135.92
39.54	-75.12	145.01
39.69	-75.56	154.30
39.84	-76.04	163.71
39.99	-76.56	173.16
40.14	-77.11	-177.41
40.29	-77.69	-168.08
40.45	-78.29	-158.94
40.60	-78.90	-150.05
40.75	-79.50	-141.52
40.90	-80.10	-133.41
41.06	-80.68	-125.82
41.21	-81.23	-118.78
41.37	-81.76	-112.24
41.53	-82.26	-106.12
41.68	-82.73	-100.38
41.84	-83.17	-94.93
42.00	-83.58	-89.70
42.16	-83.95	-84.64
42.32	-84.29	-79.65
42.47	-84.59	-74.67
42.63	-84.86	-69.62
42.80	-85.08	-64.42
42.96	-85.26	-58.99
43.12	-85.41	-53.26
43.28	-85.50	-47.12
43.45	-85.55	-40.51
43.61	-85.56	-33.33
43.77	-85.51	-25.49
43.94	-85.41	-16.90
44.10	-85.26	-7.50
44.27	-85.06	2.63
44.44	-84.81	13.37
44.61	-84.53	24.60
44.77	-84.21	36.20
44.94	-83.85	48.04
45.11	-83.47	59.98
45.28	-83.07	71.88
45.45	-82.65	83.62
45.63	-82.21	95.06
45.80	-81.77	106.04
45.97	-81.33	116.42
46.14	-80.89	126.05
46.32	-80.46	134.77
46.49	-80.04	142.44
46.67	-79.64	148.88
46.84	-79.27	153.94
47.02	-78.92	157.47
47.20	-78.61	159.51
47.38	-78.33	160.14
47.56	-78.07	159.48
47.74	-77.84	157.64
47.92	-77.63	154.71
48.10	-77.44	150.82
48.28	-77.27	146.08
48.46	-77.11	140.61
48.64	-76.97	134.52
48.83	-76.83	127.94
49.01	-76.70	120.99
49.20	-76.58	113.80
49.38	-76.46	106.52
49.57	-76.34	99.26
49.75	-76.22	92.16
49.94	-76.09	85.37
50.13	-75.95	78.96
50.32	-75.82	72.98
50.51	-75.69	67.48
50.70	-75.57	62.50
50.89	-75.47	58.09
51.08	-75.38	54.32
51.28	-75.32	51.22
51.47	-75.29	48.86
51.66	-75.29	47.29
51.86	-75.33	46.56
52.05	-75.41	46.73
52.25	-75.55	47.87
52.45	-75.74	50.02
52.65	-75.99	53.25
52.85	-76.31	57.62
53.04	-76.68	63.05
53.24	-77.10	69.34
53.45	-77.53	76.31
53.65	-77.95	83.75
53.85	-78.34	91.45
54.05	-78.69	99.19
54.26	-78.96	106.77
54.46	-79.13	113.96
54.67	-79.17	120.53
54.87	-79.07	126.25
55.08	-78.80	130.88
55.29	-78.33	134.18
55.50	-77.63	135.90
55.71	-76.68	135.79
55.92	-75.47	133.72
56.13	-74.03	129.82
56.34	-72.41	124.28
56.55	-70.66	117.29
56.77	-68.81	109.04
56.98	-66.93	99.71
57.19	-65.04	89.53
57.41	-63.21	78.68
57.63	-61.47	67.38
57.84	-59.90	55.85
58.06	-58.52	44.30
58.28	-57.41	32.97
58.50	-56.60	22.07
58.72	-56.16	11.84
58.94	-56.10	2.38
59.17	-56.38	-6.33
59.39	-56.97	-14.29
59.61	-57.84	-21.51
59.84	-58.96	-28.01
60.06	-60.29	-33.79
60.29	-61.80	-38.88
60.52	-63.46	-43.28
60.75	-65.23	-47.00
60.98	-67.07	-50.07
61.21	-68.94	-52.49
61.44	-70.81	-54.28
61.67	-72.64	-55.45
61.90	-74.40	-56.02
62.14	-76.08	-56.00
62.37	-77.65	-55.39
62.61	-79.10	-54.21
62.84	-80.42	-52.47
63.08	-81.57	-50.17
63.32	-82.56	-47.34
63.56	-83.35	-43.99
63.80	-83.92	-40.12
64.04	-84.26	-35.76
64.28	-84.35	-30.90
64.52	-84.16	-25.58
64.76	-83.70	-19.81
65.01	-83.00	-13.66
65.25	-82.09	-7.20
65.50	-81.01	-0.48
65.75	-79.81	6.41
66.00	-78.53	13.42
66.24	-77.20	20.48
66.49	-75.87	27.50
66.75	-74.58	34.42
67.00	-73.39	41.16
67.25	-72.32	47.64
67.50	-71.44	53.78
67.76	-70.74	59.53
68.01	-70.21	64.85
68.27	-69.83	69.73
68.53	-69.55	74.12
68.79	-69.37	77.99
69.05	-69.24	81.32
69.31	-69.15	84.07
69.57	-69.05	86.20
69.83	-68.93	87.69
70.09	-68.74	88.49
70.36	-68.46	88.58
70.62	-68.08	87.92
70.89	-67.59	86.49
71.16	-67.02	84.29
71.43	-66.39	81.29
71.70	-65.71	77.49
71.97	-65.00	72.86
72.24	-64.28	67.39
72.51	-63.57	61.06
72.79	-62.88	53.86
73.06	-62.24	45.77
73.34	-61.67	36.78
73.61	-61.18	26.97
73.89	-60.77	16.56
74.17	-60.45	5.81
74.45	-60.21	-5.03
74.73	-60.08	-15.69
75.01	-60.04	-25.92
75.29	-60.09	-35.43
75.58	-60.26	-43.96
75.86	-60.53	-51.21
76.15	-60.91	-56.89
76.44	-61.40	-60.79
76.73	-61.99	-63.09
77.02	-62.65	-64.13
77.31	-63.36	-64.23
77.60	-64.10	-63.73
77.89	-64.84	-62.98
78.18	-65.56	-62.33
78.48	-66.24	-62.15
78.78	-66.84	-62.81
79.07	-67.35	-64.69
79.37	-67.74	-68.08
79.67	-68.02	-72.84
79.97	-68.20	-78.64
80.27	-68.29	-85.17
80.58	-68.32	-92.09
80.88	-68.29	-99.07
81.19	-68.23	-105.76
81.49	-68.15	-111.81
81.80	-68.06	-116.85
82.11	-67.98	-120.53
82.42	-67.93	-122.62
82.73	-67.91	-123.24
83.04	-67.93	-122.53
83.35	-67.99	-120.64
83.67	-68.10	-117.72
83.99	-68.26	-113.94
84.30	-68.47	-109.45
84.62	-68.76	-104.42
84.94	-69.11	-99.02
85.26	-69.53	-93.41
85.58	-70.01	-87.79
85.90	-70.53	-82.32
86.23	-71.06	-77.18
86.55	-71.58	-72.58
86.88	-72.07	-68.69
87.21	-72.50	-65.72
87.54	-72.86	-63.86
87.87	-73.11	-63.31
88.20	-73.23	-64.23
88.53	-73.23	-66.42
88.87	-73.10	-69.59
89.20	-72.87	-73.43
89.54	-72.53	-77.63
89.88	-72.09	-81.87
90.22	-71.56	-85.83
90.56	-70.94	-89.18
90.90	-70.25	-91.58
91.24	-69.49	-92.88
91.59	-68.70	-93.31
91.93	-67.91	-93.17
92.28	-67.15	-92.76
92.63	-66.45	-92.40
92.98	-65.84	-92.39
93.33	-65.36	-93.07
93.68	-65.04	-94.76
94.03	-64.92	-97.75
94.39	-64.99	-101.96
94.74	-65.24	-107.13
95.10	-65.66	-112.98
95.46	-66.23	-119.26
95.82	-66.95	-125.67
96.18	-67.79	-131.94
96.54	-68.74	-137.76
96.91	-69.79	-142.87
97.27	-70.91	-147.15
97.64	-72.04	-150.62
98.01	-73.16	-153.32
98.38	-74.22	-155.28
98.75	-75.18	-156.53
99.12	-75.98	-157.09
99.50	-76.59	-157.02
99.87	-76.97	-156.32
100.25	-77.11	-155.03
100.63	-77.08	-153.14
101.01	-76.90	-150.66
101.39	-76.63	-147.59
101.77	-76.32	-143.93
102.16	-76.00	-139.70
102.54	-75.73	-134.90
102.93	-75.54	-129.60
103.32	-75.42	-124.11
103.71	-75.36	-118.85
104.10	-75.32	-114.21
104.49	-75.27	-110.62
104.88	-75.21	-108.48
105.28	-75.09	-108.25
105.68	-74.89	-110.33
106.08	-74.62	-114.62
106.48	-74.28	-120.50
106.88	-73.90	-127.32
107.28	-73.50	-134.42
107.69	-73.10	-141.12
108.09	-72.72	-146.72
108.50	-72.38	-150.51
108.91	-72.10	-152.25
109.32	-71.90	-152.54
109.73	-71.78	-152.14
110.15	-71.75	-151.81
110.56	-71.83	-152.34
110.98	-72.03	-154.52
111.40	-72.35	-159.17
111.82	-72.80	-166.53
112.24	-73.32	-175.45
112.67	-73.84	175.48
113.09	-74.29	167.69
113.52	-74.62	162.65
113.95	-74.74	161.87
114.38	-74.59	166.85
114.81	-74.15	177.87
115.24	-73.48	-167.18
115.68	-72.67	-150.68
116.11	-71.79	-135.09
116.55	-70.92	-122.92
116.99	-70.16	-116.73
117.43	-69.58	-118.97
117.87	-69.21	-129.22
118.32	-69.04	-144.44
118.77	-69.07	-161.42
119.21	-69.27	-176.91
119.66	-69.62	172.44
120.12	-70.12	170.04
120.57	-70.75	178.27
121.02	-71.47	-165.02
121.48	-72.25	-143.22
121.94	-73.05	-119.77
122.40	-73.83	-98.20
122.86	-74.56	-82.11
123.32	-75.20	-74.98
123.79	-75.72	-77.13
124.26	-76.09	-86.36
124.73	-76.29	-100.35
125.20	-76.29	-116.72
125.67	-76.08	-133.06
126.14	-75.61	-146.90
126.62	-74.92	-157.00
127.10	-74.10	-163.99
127.58	-73.25	-168.64
128.06	-72.47	-171.78
128.54	-71.87	-174.21
129.03	-71.55	-176.78
129.51	-71.57	-179.97
130.00	-71.87	176.43
130.49	-72.40	172.76
130.98	-73.09	169.33
131.48	-73.86	166.50
131.98	-74.65	164.58
132.47	-75.40	163.79
132.97	-76.05	164.05
133.48	-76.55	165.26
133.98	-76.85	167.31
134.48	-76.91	170.09
134.99	-76.67	173.49
135.50	-76.14	177.17
136.01	-75.41	-179.47
136.53	-74.60	-177.06
137.04	-73.79	-176.23
137.56	-73.09	-177.65
138.08	-72.60	178.12
138.60	-72.29	171.33
139.12	-72.07	162.76
139.65	-71.87	153.14
140.17	-71.59	143.29
140.70	-71.13	133.99
141.23	-70.48	125.67
141.77	-69.78	117.73
142.30	-69.21	109.40
142.84	-68.98	99.87
143.38	-69.26	88.34
143.92	-70.23	74.17
144.46	-71.81	59.07
145.01	-73.70	46.29
145.55	-75.63	39.20
146.10	-77.32	41.21
146.65	-78.46	55.80
147.21	-78.96	83.06
147.76	-79.08	117.38
148.32	-79.11	152.47
148.88	-79.35	-178.11
149.44	-80.09	-160.94
150.01	-81.51	-160.45
150.57	-83.26	-173.10
151.14	-84.88	166.45
151.71	-85.91	143.65
152.28	-85.87	124.09
152.86	-84.38	112.42
153.43	-81.83	107.33
154.01	-78.82	105.44
154.59	-75.99	103.29
155.18	-73.99	97.32
155.76	-73.38	84.58
156.35	-74.02	66.38
156.94	-75.51	45.85
157.53	-77.40	26.21
158.13	-79.25	10.74
158.72	-80.66	2.32
159.32	-81.51	1.25
159.93	-81.78	6.84
160.53	-81.45	18.38
161.13	-80.50	35.16
161.74	-78.98	56.01
162.35	-77.31	78.06
162.97	-75.97	97.98
163.58	-75.47	112.33
164.20	-76.33	117.61
164.82	-78.68	112.51
165.44	-81.82	100.41
166.06	-84.94	85.40
166.69	-87.20	71.68
167.32	-87.79	63.39
167.95	-86.59	61.97
168.58	-84.21	66.24
169.22	-81.29	74.87
169.86	-78.48	86.51
170.50	-76.35	99.72
171.14	-75.03	112.76
171.79	-74.46	123.78
172.44	-74.61	130.86
173.09	-75.41	132.11
173.74	-76.70	127.53
174.40	-78.14	120.02
175.06	-79.37	112.72
175.72	-80.02	108.88
176.38	-79.82	111.05
177.04	-79.00	117.78
177.71	-77.99	126.23
178.38	-77.23	133.47
179.06	-77.15	136.65
179.73	-77.74	135.50
180.41	-78.56	132.36
181.09	-79.17	129.75
181.77	-79.08	130.20
182.46	-78.13	134.31
183.15	-76.87	138.04
183.84	-75.94	136.65
184.53	-76.03	125.28
185.23	-77.56	100.90
185.93	-79.82	69.57
186.63	-81.76	40.19
187.33	-82.26	21.84
188.04	-80.40	22.44
188.75	-76.65	38.54
189.46	-72.26	60.89
190.18	-68.47	79.98
190.90	-66.50	86.77
191.62	-66.50	80.43
192.34	-67.90	65.83
193.07	-70.12	48.08
193.79	-72.56	32.25
194.53	-74.84	21.28
195.26	-76.78	16.40
196.00	-78.17	18.85
196.74	-78.82	29.59
197.48	-78.77	45.48
198.22	-78.22	60.11
198.97	-77.40	66.85
199.72	-76.51	59.63
200.48	-75.63	40.36
201.23	-74.78	16.28
201.99	-73.95	-5.17
202.75	-73.18	-17.22
203.52	-72.79	-19.54
204.29	-73.26	-14.80
205.06	-75.05	-5.77
205.83	-78.41	5.32
206.61	-82.50	18.77
207.39	-86.17	35.60
208.17	-88.23	56.82
208.96	-88.20	81.57
209.74	-87.14	104.71
210.54	-86.35	120.46
211.33	-87.10	123.12
212.13	-89.23	112.78
212.93	-91.11	95.58
213.73	-91.03	78.03
214.54	-87.58	65.94
215.35	-81.89	59.39
216.16	-76.19	56.02
216.98	-72.73	53.43
217.80	-72.59	49.38
218.62	-74.33	42.04
219.44	-76.11	29.58
220.27	-76.24	10.56
221.10	-75.05	-11.42
221.94	-74.26	-29.31
222.77	-75.65	-35.84
223.61	-80.07	-26.77
224.46	-85.79	-6.34
225.30	-90.64	19.73
226.15	-92.54	45.64
227.01	-91.42	66.12
227.86	-88.51	76.27
228.72	-85.06	71.06
229.59	-82.11	49.91
230.45	-80.13	21.14
231.32	-79.56	-5.63
232.20	-80.65	-21.94
233.07	-82.71	-27.24
233.95	-84.62	-24.10
234.84	-85.29	-15.13
235.72	-84.44	-2.94
236.61	-82.63	9.86
237.50	-80.44	20.62
238.40	-78.40	27.39
239.30	-76.86	29.72
240.20	-76.19	27.38
241.11	-76.55	20.54
242.02	-77.21	11.29
242.93	-77.20	2.26
243.85	-75.71	-4.18
244.77	-73.79	-8.71
245.69	-73.51	-13.62
246.62	-76.81	-21.12
247.55	-82.66	-30.89
248.48	-87.51	-40.47
249.42	-87.74	-47.28
250.36	-83.11	-49.78
251.31	-77.64	-47.74
252.26	-75.61	-41.02
253.21	-78.56	-31.00
254.16	-83.45	-21.50
255.12	-86.72	-16.65
256.09	-86.53	-17.74
257.05	-84.40	-20.36
258.02	-82.27	-19.38
259.00	-81.27	-13.07
259.97	-80.65	-7.15
260.95	-79.41	-8.44
261.94	-77.20	-20.04
262.93	-75.20	-36.82
263.92	-74.78	-52.48
264.92	-76.40	-63.56
265.92	-78.76	-72.30
266.92	-80.29	-81.62
267.93	-80.24	-91.48
268.94	-79.17	-96.86
269.95	-77.78	-92.38
270.97	-76.65	-79.78
271.99	-76.23	-69.98
273.02	-76.92	-74.05
274.05	-78.61	-90.71
275.08	-80.67	-107.30
276.12	-82.47	-111.96
277.16	-83.57	-107.39
278.21	-83.64	-105.07
279.26	-82.50	-115.35
280.31	-80.62	-140.32
281.37	-78.77	-179.25
282.43	-77.50	131.32
283.50	-76.71	82.65
284.57	-76.23	47.39
285.64	-76.00	27.95
286.72	-76.19	11.68
287.80	-76.94	-14.26
288.89	-77.90	-46.14
289.98	-78.35	-68.40
291.07	-77.85	-69.33
292.17	-77.24	-58.06
293.27	-77.81	-50.12
294.38	-79.72	-54.04
295.49	-81.22	-65.20
296.61	-80.43	-77.64
297.73	-77.73	-88.12
298.85	-75.13	-95.28
299.98	-74.25	-98.53
301.11	-74.98	-100.26
302.25	-76.74	-103.53
303.39	-78.63	-109.37
304.53	-79.23	-116.32
305.68	-77.53	-123.04
306.83	-75.19	-130.06
307.99	-74.89	-138.59
309.15	-77.18	-148.36
310.32	-79.10	-156.67
311.49	-77.93	-161.60
312.67	-75.23	-169.08
313.85	-74.47	171.49
315.03	-76.80	138.86
316.22	-79.33	105.66
317.41	-79.42	84.46
318.61	-78.55	77.46
319.81	-79.84	82.48
321.02	-83.48	90.07
322.23	-85.64	81.05
323.45	-83.54	41.81
324.67	-80.51	-12.20
325.89	-81.35	-58.35
327.12	-85.75	-93.07
328.36	-89.06	-129.21
329.60	-88.90	-169.20
330.84	-88.79	170.49
332.09	-92.10	-168.27
333.34	-95.23	-122.84
334.60	-91.88	-86.93
335.86	-83.99	-77.83
337.13	-82.21	-95.35
338.40	-91.15	-131.25
339.68	-99.15	-159.37
340.96	-94.76	-156.87
342.25	-83.91	-139.36
343.54	-78.45	-135.52
344.83	-80.30	-148.97
346.14	-83.35	-163.15
347.44	-84.21	-168.20
348.75	-84.29	-165.92
350.07	-84.77	-159.78
351.39	-84.70	-155.07
352.72	-83.11	-156.49
354.05	-81.26	-162.75
355.38	-81.07	-170.26
356.72	-81.94	-175.19
358.07	-81.68	-173.85
359.42	-79.74	-169.21
360.78	-77.35	-171.36
362.14	-75.64	176.33
363.51	-75.44	162.40
364.88	-76.77	152.99
366.25	-77.78	145.21
367.64	-76.98	135.93
369.02	-75.48	126.40
370.42	-74.72	118.60
371.81	-74.87	112.82
373.22	-75.61	108.15
374.63	-76.39	99.10
376.04	-76.61	79.75
377.46	-76.41	59.08
378.88	-76.28	52.57
380.31	-76.34	54.75
381.75	-76.47	47.31
383.19	-77.15	26.53
384.63	-79.19	0.04
386.09	-82.14	-20.66
387.54	-84.54	-22.06
389.00	-86.02	-7.00
390.47	-87.12	7.79
391.95	-87.63	10.93
393.43	-86.78	-3.35
394.91	-85.44	-32.27
396.40	-85.77	-67.06
397.90	-88.12	-116.94
399.40	-91.36	158.46
400.90	-93.52	71.99
402.42	-92.51	46.28
403.94	-90.40	59.58
405.46	-91.14	46.25
406.99	-92.65	13.01
408.53	-90.59	-4.47
410.07	-86.15	-24.13
411.61	-82.53	-72.83
413.17	-82.13	-115.49
414.73	-85.33	-118.49
416.29	-86.51	-119.46
417.86	-82.40	-149.79
419.44	-78.63	172.29
421.02	-78.48	146.54
422.61	-79.16	135.72
424.21	-79.35	131.30
425.81	-79.96	115.51
427.41	-80.66	93.71
429.03	-80.31	84.86
430.65	-79.23	79.18
432.27	-78.50	59.69
433.90	-79.75	35.04
435.54	-83.62	16.96
437.18	-88.07	8.29
438.83	-90.76	3.11
440.49	-89.68	-14.04
442.15	-85.84	-52.75
443.82	-82.49	-112.97
445.49	-83.11	-164.17
447.18	-88.13	176.21
448.86	-88.90	153.09
450.56	-83.70	108.66
452.26	-82.51	63.03
453.96	-86.78	5.54
455.68	-91.10	-85.37
457.40	-89.52	-163.52
459.12	-81.16	162.81
460.85	-76.16	126.70
462.59	-77.38	74.52
464.34	-79.78	34.13
466.09	-82.88	24.10
467.85	-86.14	45.45
469.62	-84.09	66.49
471.39	-80.16	72.10
473.17	-84.81	69.59
474.95	-87.81	64.18
476.74	-80.38	57.12
478.54	-76.58	44.02
480.35	-78.59	29.05
482.16	-77.54	19.73
483.98	-75.24	-0.38
485.81	-74.81	-33.36
487.64	-75.94	-50.58
489.48	-78.15	-70.87
491.33	-80.57	-118.22
493.18	-81.36	-150.69
495.04	-83.23	-155.41
496.91	-90.26	-158.01
498.79	-93.08	173.08
500.67	-87.68	109.62
502.56	-81.73	32.45
504.45	-78.02	-28.40
506.36	-76.05	-54.99
508.27	-73.84	-60.44
510.19	-71.75	-94.82
512.11	-71.66	-175.96
514.04	-75.40	136.99
515.98	-80.16	122.29
517.93	-81.79	104.16
519.89	-80.01	98.52
521.85	-79.12	77.40
523.82	-82.79	31.41
525.79	-87.13	55.56
527.78	-87.81	85.48
529.77	-83.95	30.09
531.77	-80.98	-41.20
533.78	-80.79	-127.98
535.79	-82.45	129.92
537.81	-83.86	82.89
539.84	-82.13	67.84
541.88	-78.33	41.71
543.92	-78.06	-2.21
545.98	-81.31	-47.03
548.04	-84.06	-104.47
550.10	-82.80	167.21
552.18	-81.86	109.52
554.26	-81.30	89.71
556.35	-79.22	76.61
558.45	-76.95	54.26
560.56	-75.17	20.17
562.68	-75.48	-21.35
564.80	-79.79	-53.56
566.93	-86.11	-36.43
569.07	-90.54	-3.54
571.22	-89.04	3.90
573.37	-81.92	0.80
575.54	-83.23	-16.59
577.71	-89.27	-27.49
579.89	-87.91	-16.62
582.08	-82.92	-18.01
584.27	-81.36	-31.03
586.48	-84.12	-37.00
588.69	-85.67	-31.88
590.91	-81.13	-40.20
593.14	-77.31	-49.34
595.38	-75.80	-64.02
597.63	-74.84	-97.55
599.88	-77.00	-132.79
602.15	-77.53	-140.25
604.42	-80.62	-144.47
606.70	-84.58	-155.46
608.99	-79.77	-148.82
611.29	-79.22	-175.14
613.59	-79.78	149.93
615.91	-82.92	72.96
618.23	-90.64	-8.06
620.57	-91.58	59.02
622.91	-93.07	-51.18
625.26	-89.83	-138.15
627.62	-83.44	-123.25
629.99	-81.40	173.35
632.36	-76.91	110.50
634.75	-68.97	52.90
637.15	-65.81	-8.62
639.55	-67.13	-62.17
641.96	-68.46	-94.27
644.39	-71.33	-110.47
646.82	-73.12	-123.28
649.26	-75.15	-149.20
651.71	-79.47	-149.98
654.17	-85.01	-128.79
656.64	-83.63	-118.05
659.11	-72.48	-116.69
661.60	-71.52	-156.15
664.10	-72.85	174.00
666.60	-77.41	155.86
669.12	-78.49	169.94
671.64	-73.79	-172.48
674.18	-72.64	160.32
676.72	-73.89	140.69
679.28	-76.36	110.80
681.84	-74.98	106.85
684.41	-79.81	87.94
687.00	-83.54	96.32
689.59	-83.20	109.44
692.19	-85.11	109.75
694.80	-85.67	140.32
697.42	-82.06	139.64
700.06	-77.95	125.95
702.70	-80.65	71.62
705.35	-94.94	128.87
708.01	-87.86	151.60
710.68	-80.21	136.67
713.36	-79.43	138.13
716.06	-75.80	133.74
718.76	-74.72	100.94
721.47	-76.47	73.55
724.19	-79.11	71.18
726.93	-81.55	48.87
729.67	-83.93	89.34
732.42	-80.86	88.62
735.19	-77.50	66.44
737.96	-80.96	70.89
740.75	-83.29	80.67
743.54	-79.83	85.42
746.35	-78.62	82.97
749.16	-77.14	79.48
751.99	-74.98	63.46
754.83	-75.87	46.60
757.68	-74.06	37.28
760.54	-78.36	23.02
763.41	-78.56	37.73
766.29	-73.13	25.76
769.18	-75.72	-29.42
772.08	-82.41	-17.02
774.99	-80.86	6.75
777.92	-80.18	-26.13
780.85	-82.85	-3.99
783.80	-78.15	-7.56
786.76	-81.68	-9.29
789.73	-81.28	9.87
792.71	-75.65	-2.72
795.70	-77.61	-47.20
798.70	-79.49	-38.67
801.71	-83.98	-13.42
804.74	-80.30	-14.57
807.78	-80.41	26.49
810.83	-72.16	22.81
813.88	-68.62	-16.48
816.96	-67.00	-47.91
820.04	-68.80	-82.28
823.13	-72.87	-93.52
826.24	-72.64	-103.67
829.36	-75.65	-108.03
832.49	-78.70	-112.13
835.63	-74.33	-98.08
838.78	-72.95	-126.63
841.95	-76.93	-148.92
845.12	-81.47	-119.51
848.31	-77.01	-104.07
851.51	-77.19	-96.40
854.73	-73.04	-122.01
857.95	-74.12	-146.83
861.19	-76.82	-123.67
864.44	-73.55	-135.29
867.70	-74.68	-167.31
870.98	-77.34	-149.52
874.26	-74.20	-177.54
877.56	-78.70	-172.65
880.87	-76.70	161.82
884.20	-78.18	-155.05
887.53	-74.50	-164.25
890.88	-75.24	154.94
894.25	-76.15	177.17
897.62	-71.89	161.91
901.01	-72.92	121.03
904.41	-76.22	110.40
907.82	-78.92	115.07
911.25	-77.49	97.81
914.68	-88.02	100.76
918.14	-80.61	156.54
921.60	-74.25	149.97
925.08	-73.29	127.00
928.57	-73.61	124.73
932.07	-75.27	95.03
935.59	-71.90	91.22
939.12	-71.27	57.97
942.67	-73.13	50.64
946.22	-77.97	19.52
949.79	-81.62	63.50
953.38	-77.99	52.04
956.97	-76.71	71.33
960.59	-75.46	43.81
964.21	-76.34	56.43
967.85	-75.10	30.12
971.50	-79.14	-2.02
975.17	-82.70	14.11
978.85	-83.39	37.19
982.54	-78.28	62.34
986.25	-75.72	32.26
989.97	-75.04	19.67
993.71	-75.66	11.95
997.46	-72.75	-18.74
1001.22	-75.93	-71.58
1005.00	-84.57	85.94
1008.79	-74.60	26.85
1012.60	-75.92	-6.69
1016.42	-72.75	7.58
1020.25	-73.56	-31.77
1024.10	-73.86	-49.54
1027.97	-74.96	-34.52
1031.85	-75.32	-74.23
1035.74	-78.33	-62.94
1039.65	-76.88	-73.68
1043.57	-78.01	-69.67
1047.51	-73.52	-68.99
1051.46	-72.09	-90.51
1055.43	-76.44	-109.98
1059.41	-79.74	-80.90
1063.41	-76.43	-98.45
1067.43	-78.15	-95.92
1071.45	-73.81	-114.30
1075.50	-75.98	-136.66
1079.55	-76.28	-152.71
1083.63	-75.62	-142.27
1087.72	-77.21	-174.01
1091.82	-85.06	-158.31
1095.94	-79.82	-144.50
1100.08	-77.10	168.63
1104.23	-80.63	-151.62
1108.40	-75.51	-158.02
1112.58	-75.66	170.25
1116.78	-78.04	172.31
1120.99	-80.62	-178.73
1125.22	-75.46	-173.73
1129.47	-73.86	165.87
1133.73	-73.02	142.34
1138.01	-73.42	122.66
1142.30	-77.33	102.21
1146.61	-78.38	125.43
1150.94	-77.46	109.20
1155.28	-84.57	149.64
1159.64	-75.07	143.47
1164.02	-71.32	130.32
1168.41	-70.18	86.59
1172.82	-71.72	77.74
1177.25	-69.20	62.56
1181.69	-71.73	21.57
1186.15	-76.20	25.98
1190.62	-76.19	33.37
1195.12	-73.57	2.29
1199.63	-81.96	-69.08
1204.15	-78.87	43.85
1208.70	-78.53	2.02
1213.26	-80.04	5.95
1217.84	-71.16	30.07
1222.43	-71.11	-15.43
1227.04	-73.50	-32.47
1231.67	-71.53	-49.07
1236.32	-73.49	-77.47
1240.99	-77.14	-113.91
1245.67	-82.90	-101.91
1250.37	-78.58	-119.11
1255.09	-84.33	-179.89
1259.83	-87.68	-131.45
1264.58	-86.08	-145.67
1269.35	-92.82	122.02
1274.14	-80.94	-15.64
1278.95	-77.42	-68.59
1283.78	-80.59	-104.32
1288.62	-76.22	-140.42
1293.48	-87.58	151.39
1298.36	-80.69	-104.58
1303.26	-76.06	-174.64
1308.18	-84.03	58.81
1313.12	-78.36	-167.25
1318.07	-82.04	135.33
1323.05	-78.91	133.02
1328.04	-77.70	78.92
1333.05	-79.13	4.77
1338.08	-88.79	-85.38
1343.13	-94.46	-55.90
1348.20	-96.74	26.60
1353.29	-89.30	-130.78
1358.39	-93.58	85.98
1363.52	-87.27	-63.20
1368.67	-91.91	-45.39
1373.83	-84.02	-82.98
1379.01	-87.94	-95.48
1384.22	-82.81	-136.84
1389.44	-80.74	-172.81
1394.68	-83.94	162.21
1399.95	-86.71	155.24
1405.23	-87.06	77.89
1410.53	-84.60	179.54
1415.86	-92.27	169.39
1421.20	-79.61	170.51
1426.56	-77.88	124.63
1431.94	-81.45	107.93
1437.35	-80.60	113.03
1442.77	-79.74	78.79
1448.22	-81.74	64.64
1453.68	-82.04	67.86
1459.17	-81.61	66.30
1464.67	-82.17	47.69
1470.20	-80.26	38.86
1475.75	-82.77	4.26
1481.32	-82.77	-41.67
1486.91	-91.06	24.08
1492.52	-88.56	77.91
1498.15	-84.81	41.87
1503.80	-86.74	64.35
1509.48	-79.56	26.47
1515.17	-79.87	-14.57
1520.89	-81.31	-25.23
1526.63	-84.39	-38.69
1532.39	-85.46	-68.54
1538.17	-90.96	58.43
1543.98	-89.34	-11.48
1549.81	-82.75	50.18
1555.65	-79.99	-17.88
1561.52	-79.52	-47.77
1567.42	-78.03	-72.00
1573.33	-78.40	-76.86
1579.27	-76.96	-94.23
1585.23	-77.37	-141.91
1591.21	-83.02	152.92
1597.21	-83.48	-137.30
1603.24	-84.14	-145.93
1609.29	-79.95	-150.53
1615.36	-86.36	-174.90
1621.46	-87.41	164.38
1627.58	-86.06	141.96
1633.72	-94.82	-150.12
1639.89	-80.14	-148.05
1646.07	-75.92	-162.11
1652.29	-77.85	164.68
1658.52	-77.34	125.71
1664.78	-85.41	169.90
1671.06	-79.47	162.83
1677.37	-76.22	138.76
1683.70	-75.37	112.01
1690.05	-78.09	97.08
1696.43	-80.39	122.33
1702.83	-76.52	60.24
1709.26	-85.75	80.09
1715.70	-78.34	110.41
1722.18	-76.44	76.49
1728.68	-77.00	59.61
1735.20	-74.40	53.37
1741.75	-73.18	29.32
1748.32	-74.40	4.15
1754.92	-78.35	-7.26
1761.54	-78.72	-18.45
1768.19	-80.56	-24.00
1774.86	-74.08	-18.63
1781.56	-75.60	-41.83
1788.28	-76.13	-57.44
1795.03	-75.08	-64.99
1801.80	-75.54	-69.91
1808.60	-75.45	-80.70
1815.43	-75.04	-103.07
1822.28	-75.92	-113.77
1829.15	-75.30	-126.09
1836.06	-75.88	-151.50
1842.99	-79.47	-158.41
1849.94	-80.56	-151.05
1856.92	-78.82	-170.46
1863.93	-76.46	-145.16
1870.96	-74.92	-161.03
1878.02	-74.37	171.31
1885.11	-73.67	161.90
1892.22	-73.26	130.34
1899.36	-73.46	128.52
1906.53	-73.29	112.42
1913.72	-74.34	92.18
1920.95	-74.47	82.32
1928.19	-73.47	82.38
1935.47	-72.82	43.28
1942.77	-78.03	54.96
1950.11	-72.41	41.36
1957.46	-74.56	-1.99
1964.85	-78.55	14.38
1972.27	-74.37	-6.90
1979.71	-76.82	-7.44
1987.18	-76.88	-22.12
1994.68	-77.33	-11.65
2002.20	-73.01	-13.33
2009.76	-72.54	-55.25
2017.34	-73.75	-67.33
2024.96	-74.35	-86.63
2032.60	-74.60	-84.59
2040.27	-73.56	-109.76
2047.97	-72.25	-122.04
2055.70	-74.06	-153.79
2063.45	-74.46	-163.91
2071.24	-74.43	-179.11
2079.06	-76.70	165.17
2086.90	-78.92	145.06
2094.78	-76.82	175.62
2102.68	-76.69	149.31
2110.62	-77.14	134.80
2118.58	-75.31	115.07
2126.57	-76.47	102.75
2134.60	-76.50	78.33
2142.65	-79.33	73.99
2150.74	-77.72	62.04
2158.86	-76.75	66.78
2167.00	-75.92	44.27
2175.18	-76.30	43.98
2183.39	-75.84	1.20
2191.63	-77.67	-28.30
2199.90	-81.41	-34.08
2208.20	-79.38	-43.83
2216.53	-80.45	-87.44
2224.90	-86.56	-65.62
2233.29	-81.33	30.11
2241.72	-80.33	-78.99
2250.18	-82.99	-112.26
2258.67	-88.18	-103.26
2267.19	-86.72	-117.26
2275.75	-89.27	-83.42
2284.34	-80.60	-108.38
2292.96	-83.08	-163.66
2301.61	-84.32	157.34
2310.29	-84.55	144.42
2319.01	-86.46	105.17
2327.76	-83.22	49.27
2336.55	-88.14	-104.41
2345.36	-87.50	-69.90
2354.21	-83.87	-139.16
2363.10	-82.46	162.04
2372.02	-90.15	143.26
2380.97	-82.79	110.38
2389.95	-86.32	170.64
2398.97	-84.60	33.85
2408.02	-85.83	-63.78
2417.11	-81.42	141.42
2426.23	-83.46	-4.49
2435.39	-80.81	115.15
2444.58	-78.69	25.38
2453.80	-84.99	-42.30
2463.06	-84.11	145.33
2472.35	-81.21	33.09
2481.68	-84.57	57.17
2491.05	-82.77	18.50
2500.45	-76.91	-16.46
2509.88	-81.51	-65.55
2519.36	-84.11	-2.89
2528.86	-80.39	-52.21
2538.41	-82.67	-96.25
2547.98	-88.50	-91.27
2557.60	-85.83	-137.66
2567.25	-88.42	-92.05
2576.94	-80.75	-79.44
2586.66	-79.67	-134.46
2596.42	-79.95	-168.32
2606.22	-82.26	148.14
2616.06	-80.25	176.10
2625.93	-79.34	130.91
2635.84	-83.43	30.35
2645.78	-81.73	130.30
2655.77	-80.00	100.10
2665.79	-83.26	90.08
2675.85	-81.14	94.25
2685.95	-80.04	92.98
2696.08	-78.19	71.11
2706.26	-77.00	48.37
2716.47	-77.28	13.05
2726.72	-79.39	-15.16
2737.01	-79.99	-17.57
2747.34	-78.59	-32.32
2757.70	-79.17	-55.37
2768.11	-79.76	-68.39
2778.56	-81.73	-112.27
2789.04	-80.44	-90.38
2799.57	-78.07	-118.50
2810.13	-78.74	-146.44
2820.73	-78.72	-176.98
2831.38	-78.99	171.16
2842.06	-78.31	156.97
2852.79	-77.75	134.38
2863.55	-80.80	96.70
2874.36	-83.81	79.71
2885.21	-86.26	91.04
2896.09	-82.74	71.55
2907.02	-83.34	69.08
2917.99	-82.84	29.37
2929.00	-83.34	60.49
2940.06	-81.55	46.88
2951.15	-77.87	0.06
2962.29	-82.11	-10.21
2973.47	-80.52	-25.83
2984.69	-82.29	-89.43
2995.95	-89.64	133.57
3007.25	-83.78	-43.44
3018.60	-80.48	-87.68
3029.99	-81.37	-119.84
3041.43	-83.15	-150.32
3052.90	-81.73	-148.70
3064.42	-82.98	179.70
3075.99	-82.11	132.23
3087.60	-84.75	138.47
3099.25	-82.14	143.59
3110.94	-80.47	119.58
3122.68	-80.62	106.73
3134.47	-82.58	68.28
3146.29	-84.05	52.54
3158.17	-85.24	37.37
3170.08	-83.72	29.46
3182.05	-82.95	25.37
3194.05	-84.51	-34.53
3206.11	-85.96	-62.46
3218.21	-91.94	172.69
3230.35	-91.85	35.34
3242.54	-88.03	-25.93
3254.77	-87.62	-27.90
3267.06	-87.58	-77.51
3279.39	-85.66	-61.58
3291.76	-84.75	-48.56
3304.18	-81.82	-153.42
3316.65	-84.85	157.52
3329.17	-84.18	172.82
3341.73	-89.60	157.12
3354.34	-80.86	102.96
3367.00	-87.48	80.29
3379.70	-88.47	166.73
3392.46	-88.89	66.17
3405.26	-85.90	61.49
3418.11	-89.70	113.81
3431.01	-86.70	72.36
3443.95	-83.73	-17.01
3456.95	-83.51	22.85
3469.99	-86.68	-7.56
3483.09	-88.13	141.63
3496.23	-85.21	-13.58
3509.43	-84.00	-59.28
3522.67	-87.71	-117.55
3535.96	-85.36	-86.70
3549.31	-84.10	-103.57
3562.70	-87.15	-170.23
3576.14	-88.77	57.28
3589.64	-89.46	178.98
3603.18	-81.37	-175.25
3616.78	-83.56	127.51
3630.43	-85.99	106.57
3644.13	-81.11	108.41
3657.88	-80.75	63.43
3671.68	-81.88	30.81
3685.54	-86.41	54.36
3699.45	-80.49	20.34
3713.41	-84.04	-6.04
3727.42	-80.93	-40.18
3741.49	-81.34	-48.17
3755.60	-84.17	-86.45
3769.78	-81.88	-118.12
3784.00	-84.00	-153.14
3798.28	-83.05	-175.93
3812.61	-85.22	155.03
3827.00	-82.37	143.12
3841.44	-86.31	101.25
3855.94	-85.18	79.53
3870.49	-85.09	84.55
3885.09	-83.62	56.51
3899.75	-84.92	18.18
3914.47	-87.81	-81.66
3929.24	-83.90	60.04
3944.07	-82.60	-6.23
3958.95	-85.93	-44.00
3973.89	-85.54	-42.71
3988.89	-85.30	167.79
4003.94	-88.68	-123.04
4019.05	-87.88	168.24
4034.22	-84.38	106.28
4049.44	-88.43	108.89
4064.72	-83.39	-147.92
4080.06	-88.83	46.56
4095.46	-87.03	135.89
4110.91	-84.45	144.71
4126.42	-81.27	63.15
4141.99	-88.07	18.21
4157.62	-85.99	46.88
4173.31	-82.94	8.51
4189.06	-85.28	-46.81
4204.87	-87.95	-96.75
4220.74	-89.82	92.50
4236.66	-85.31	139.96
4252.65	-82.80	48.31
4268.70	-86.00	0.43
4284.81	-86.70	-15.17
4300.98	-85.25	176.35
4317.21	-85.07	-142.70
4333.50	-87.62	83.68
4349.85	-87.03	-76.84
4366.26	-82.86	128.21
4382.74	-85.04	35.10
4399.28	-89.20	60.07
4415.88	-89.76	69.41
4432.54	-84.61	172.99
4449.27	-87.82	-121.00
4466.06	-85.18	75.49
4482.91	-81.21	-46.32
4499.83	-86.05	-167.43
4516.81	-84.42	-24.94
4533.85	-83.31	110.67
4550.96	-82.19	-100.24
4568.14	-83.13	140.52
4585.37	-84.96	86.03
4602.68	-85.36	80.47
4620.05	-83.44	51.92
4637.48	-84.64	47.93
4654.98	-84.03	-98.68
4672.55	-85.52	-11.18
4690.18	-85.62	-124.48
4707.88	-87.68	-31.92
4725.64	-85.69	-84.14
4743.48	-83.14	-156.78
4761.38	-83.68	138.17
4779.34	-84.85	110.20
4797.38	-81.89	75.41
4815.48	-85.88	10.04
4833.65	-84.96	13.57
4851.89	-85.40	15.42
4870.20	-85.17	-70.63
4888.58	-84.71	-104.87
4907.03	-84.01	-172.81
4925.54	-78.52	119.52
4944.13	-84.17	76.88
4962.79	-82.25	81.04
4981.52	-84.90	57.25
5000.31	-82.07	25.23
5019.18	-84.29	-46.01
5038.12	-85.87	94.62
5057.14	-84.98	-106.94
5076.22	-84.29	-174.76
5095.37	-79.21	95.71
5114.60	-85.38	50.60
5133.90	-84.30	44.21
5153.27	-84.15	-133.74
5172.72	-82.34	16.88
5192.24	-84.78	-51.49
5211.83	-82.66	-147.86
5231.50	-83.90	63.51
5251.24	-87.53	-11.81
5271.06	-86.41	76.29
5290.95	-86.18	-155.23
5310.91	-87.21	155.89
5330.96	-86.44	-59.31
5351.07	-83.62	53.45
5371.27	-85.09	23.85
5391.53	-84.08	-165.16
5411.88	-85.15	60.70
5432.30	-85.02	-98.60
5452.80	-87.16	-45.39
5473.38	-85.66	160.27
5494.03	-84.17	143.86
5514.76	-83.05	146.74
5535.57	-82.71	66.50
5556.46	-83.47	-18.02
5577.43	-80.28	2.62
5598.48	-86.73	-17.95
5619.60	-84.59	-58.27
5640.81	-84.90	-8.42
5662.10	-84.93	-131.94
5683.46	-87.11	165.74
5704.91	-86.57	166.41
5726.44	-79.68	118.06
5748.05	-82.83	90.92
5769.74	-80.99	66.12
5791.51	-80.54	27.12
5813.36	-84.26	-5.48
5835.30	-81.48	-63.55
5857.32	-79.97	-145.55
5879.42	-82.49	128.74
5901.61	-84.76	-1.32
5923.88	-82.40	130.39
5946.23	-80.27	16.42
5968.67	-81.00	1.71
5991.20	-87.94	15.74
6013.80	-79.87	-46.23
6036.50	-81.47	149.49
6059.28	-82.93	48.95
6082.14	-85.06	-9.95
6105.09	-85.79	156.22
6128.13	-84.93	5.67
6151.26	-87.21	-144.35
6174.47	-87.31	179.53
6197.77	-82.20	121.81
6221.16	-83.85	132.27
6244.63	-84.31	69.70
6268.20	-79.27	75.07
6291.85	-88.07	-101.71
6315.59	-79.22	62.85
6339.42	-78.87	52.99
6363.35	-82.12	-17.77
6387.36	-84.96	-65.96
6411.46	-85.83	-50.40
6435.66	-82.93	-140.13
6459.94	-81.21	154.22
6484.32	-80.81	117.36
6508.79	-79.08	63.73
6533.35	-81.66	63.65
6558.00	-78.72	67.51
6582.75	-78.67	-11.44
6607.59	-79.78	-161.68
6632.53	-79.32	-93.75
6657.55	-80.87	-134.88
6682.68	-79.43	170.13
6707.90	-77.32	133.72
6733.21	-73.49	76.63
6758.62	-79.19	42.85
6784.12	-79.12	19.42
6809.72	-79.89	-23.95
6835.42	-76.40	-74.59
6861.21	-76.70	-125.28
6887.10	-77.62	171.93
6913.09	-78.29	117.06
6939.18	-77.58	101.83
6965.36	-77.78	54.18
6991.65	-75.04	35.20
7018.03	-79.92	126.32
7044.51	-80.36	-35.69
7071.10	-80.97	167.13
7097.78	-78.93	-27.71
7124.56	-79.28	120.49
7151.45	-75.07	-101.67
7178.44	-75.19	176.11
7205.52	-70.87	131.03
7232.71	-70.90	49.70
7260.01	-73.45	32.76
7287.40	-72.57	-15.63
7314.90	-73.50	-77.20
7342.51	-73.61	-119.07
7370.21	-77.07	-176.84
7398.03	-73.03	140.75
7425.94	-73.46	108.04
7453.97	-73.57	64.80
7482.09	-71.33	35.64
7510.33	-73.85	-41.40
7538.67	-70.86	-47.98
7567.12	-72.13	-129.56
7595.67	-71.48	178.92
7624.33	-72.52	132.96
7653.10	-71.12	81.03
7681.98	-72.73	13.04
7710.97	-75.48	2.26
7740.07	-75.77	-59.74
7769.28	-79.59	-131.83
7798.60	-80.13	85.92
7828.02	-80.70	148.20
7857.56	-76.69	117.32
7887.21	-78.77	43.73
7916.98	-80.98	48.45
7946.85	-80.49	11.84
7976.84	-81.22	-86.70
8006.94	-77.71	-115.55
8037.16	-76.74	45.33
8067.49	-81.71	-122.55
8097.93	-80.32	-153.67
8128.49	-81.54	62.94
8159.16	-85.54	-54.98
8189.95	-86.32	43.84
8220.86	-83.77	72.89
8251.88	-83.81	128.54
8283.02	-78.09	7.05
8314.27	-80.29	-151.88
8345.65	-82.20	-74.17
8377.14	-82.71	172.36
8408.75	-79.03	3.38
8440.48	-81.04	-4.17
8472.33	-80.39	94.96
8504.30	-76.09	72.34
8536.40	-77.48	-23.66
8568.61	-82.02	-38.13
8600.94	-83.29	-82.36
8633.40	-79.26	146.50
8665.98	-77.91	129.48
8698.68	-77.70	48.30
8731.51	-79.21	-13.72
8764.46	-77.72	4.22
8797.53	-79.97	-72.87
8830.73	-77.70	-150.45
8864.05	-78.68	40.94
8897.50	-78.96	95.27
8931.07	-80.75	150.82
8964.78	-81.17	52.56
8998.61	-84.13	18.29
9032.56	-83.31	93.54
9066.65	-79.82	89.68
9100.86	-80.21	-139.14
9135.20	-77.63	158.57
9169.68	-78.31	96.81
9204.28	-75.42	64.24
9239.01	-74.78	2.45
9273.88	-77.62	-61.44
9308.87	-77.68	-127.02
9344.00	-78.81	175.77
9379.26	-76.43	128.46
9414.65	-75.00	68.80
9450.18	-75.78	32.39
9485.84	-75.09	-42.41
9521.64	-79.04	-113.37
9557.57	-79.72	-172.28
9593.64	-76.94	119.59
9629.84	-81.93	66.23
9666.18	-81.05	46.97
9702.65	-81.01	53.60
9739.27	-80.91	-31.61
9776.02	-83.24	-152.55
9812.91	-81.14	-114.35
9849.94	-79.79	118.20
9887.11	-79.09	86.05
9924.42	-79.79	32.71
9961.87	-82.61	-143.57
9999.46	-83.73	-49.69
10037.19	-84.21	-161.57
10075.07	-84.07	-102.33
10113.09	-83.17	175.64
10151.25	-80.39	80.98
10189.55	-81.35	29.41
10228.01	-82.13	-30.18
10266.60	-81.29	178.02
10305.34	-83.58	139.07
10344.23	-83.33	-75.14
10383.27	-82.76	96.75
10422.45	-83.39	147.88
10461.78	-78.62	34.15
10501.26	-79.93	-30.41
10540.88	-85.13	175.59
10580.66	-81.84	-173.90
10620.59	-76.69	98.91
10660.66	-80.60	40.31
10700.89	-78.42	11.81
10741.27	-79.28	-33.50
10781.81	-80.81	-149.37
10822.49	-80.72	156.62
10863.33	-80.22	78.16
10904.33	-78.17	57.46
10945.47	-79.41	-18.69
10986.78	-82.67	-92.64
11028.24	-80.72	-172.21
11069.85	-79.13	98.90
11111.63	-82.33	65.52
11153.56	-82.02	-142.21
11195.64	-84.29	153.18
11237.89	-81.50	-3.98
11280.30	-82.52	66.63
11322.87	-81.69	123.63
11365.59	-82.10	75.91
11408.48	-82.58	-71.70
11451.53	-82.44	59.58
11494.75	-83.53	-27.98
11538.12	-81.83	178.80
11581.66	-79.43	122.01
11625.37	-79.08	57.30
11669.24	-82.07	4.18
11713.27	-84.78	109.10
11757.47	-85.41	-170.33
11801.84	-83.29	102.37
11846.37	-81.91	80.32
11891.08	-82.06	47.66
11935.95	-85.91	168.73
11980.99	-85.20	-85.88
12026.20	-86.70	38.29
12071.58	-82.26	-145.75
12117.14	-84.18	-135.77
12162.86	-84.50	36.68
12208.76	-86.43	24.93
12254.83	-84.79	-74.11
12301.07	-83.44	160.55
12347.49	-81.92	69.33
12394.08	-81.92	37.80
12440.85	-83.90	-28.71
12487.80	-85.73	100.14
12534.92	-85.73	134.14
12582.23	-82.39	97.12
12629.71	-83.76	37.50
12677.37	-83.03	40.72
12725.20	-84.83	8.18
12773.22	-85.32	36.49
12821.42	-80.98	100.58
12869.81	-82.33	40.44
12918.37	-82.55	70.60
12967.12	-85.71	143.88
13016.05	-85.72	-12.99
13065.17	-85.24	-152.42
13114.47	-84.83	-89.48
13163.96	-84.28	25.46
13213.64	-84.99	-19.26
13263.50	-85.52	-121.83
13313.55	-84.17	102.19
13363.79	-82.42	66.44
13414.22	-82.44	32.59
13464.84	-86.13	54.47
13515.65	-84.40	112.87
13566.65	-84.52	74.11
13617.84	-83.88	68.63
13669.23	-84.16	-2.81
13720.81	-87.15	-115.51
13772.59	-84.57	7.02
13824.56	-84.56	50.93
13876.73	-85.00	56.15
13929.09	-84.30	97.52
13981.66	-84.91	108.09
14034.42	-84.79	133.22
14087.38	-83.61	73.91
14140.54	-81.62	32.41
14193.90	-84.98	-128.20
14247.46	-86.05	-104.66
14301.22	-83.98	96.79
14355.19	-82.02	64.80
14409.36	-83.06	26.91
14463.73	-87.09	-173.97
14518.31	-85.23	156.33
14573.10	-81.09	85.61
14628.09	-82.40	43.77
14683.29	-83.34	-148.13
14738.70	-84.53	179.91
14794.32	-83.74	107.80
14850.15	-81.44	43.27
14906.18	-87.33	-123.22
14962.43	-87.16	22.97
15018.90	-81.74	156.03
15075.57	-82.86	63.74
15132.46	-85.12	62.84
15189.56	-87.45	-156.06
15246.88	-86.39	115.21
15304.42	-82.84	68.70
15362.17	-84.04	-1.44
15420.14	-87.23	-98.79
15478.33	-86.08	-133.48
15536.74	-83.27	85.25
15595.37	-82.77	40.43
15654.22	-86.95	-37.13
15713.29	-84.43	60.80
15772.58	-82.65	65.68
15832.10	-83.60	22.36
15891.85	-85.87	37.19
15951.81	-85.89	114.52
16012.01	-86.07	-17.70
16072.43	-83.82	69.02
16133.08	-86.92	155.69
16193.96	-87.97	153.78
16255.07	-84.58	81.96
16316.41	-83.39	61.58
16377.98	-86.13	-44.95
16439.79	-87.55	57.53
16501.82	-84.69	86.08
16564.09	-84.08	47.25
16626.60	-85.88	-154.84
16689.34	-86.61	-11.75
16752.32	-82.70	64.23
16815.54	-84.48	39.41
16878.99	-86.50	-150.81
16942.69	-86.62	-135.13
17006.62	-85.05	34.45
17070.79	-84.05	23.63
17135.21	-85.18	93.82
17199.87	-86.83	-140.77
17264.78	-84.96	78.55
17329.93	-83.56	33.16
17395.32	-86.73	-96.92
17460.97	-85.36	95.16
17526.86	-83.41	56.33
17593.00	-85.70	41.18
17659.38	-87.10	-53.46
17726.02	-84.71	70.77
17792.91	-86.14	46.32
17860.06	-86.23	70.20
17927.45	-85.32	71.85
17995.10	-85.15	72.34
18063.01	-84.43	-116.18
18131.17	-86.28	28.36
18199.59	-85.60	115.13
18268.27	-83.88	53.54
18337.21	-84.54	27.46
18406.40	-86.61	-82.15
18475.86	-83.68	74.26
18545.58	-84.36	51.62
18615.56	-86.48	37.45
18685.81	-85.97	69.92
18756.32	-84.80	69.98
18827.10	-84.31	32.27
18898.15	-87.56	135.43
18969.46	-84.59	90.67
19041.04	-83.56	50.00
19112.90	-86.07	32.90
19185.02	-85.76	10.24
19257.42	-83.40	57.12
19330.09	-85.98	40.41
19403.03	-86.93	-106.39
19476.25	-84.62	57.34
19549.74	-84.28	41.34
19623.51	-86.59	175.36
19697.56	-86.48	65.27
19771.89	-84.16	51.12
19846.51	-88.10	34.07
19921.40	-57.34	-165.76
19996.57	-83.67	57.10
20072.03	-86.82	29.84
20147.78	-86.34	73.63
20223.80	-83.66	68.34
20300.12	-84.36	33.81
20376.72	-85.70	70.77
20453.62	-82.02	64.67
20530.80	-84.41	20.41
20608.28	-87.62	79.48
20686.04	-84.74	63.02
20764.10	-84.24	44.61
20842.46	-88.01	62.39
20921.11	-84.24	68.73
21000.06	-83.82	28.55
21079.30	-87.74	92.91
21158.85	-82.86	67.25
21238.69	-86.37	40.36
21318.84	-87.67	-117.24
21399.29	-85.11	65.28
21480.04	-85.27	59.99
21561.09	-86.70	-122.02
21642.46	-85.25	72.45
21724.12	-85.06	48.60
21806.10	-87.97	65.35
21888.39	-84.34	127.51
21970.99	-85.58	52.47
22053.89	-86.35	58.14
22137.12	-86.77	59.53
22220.65	-84.37	63.16
22304.50	-86.40	52.90
