Freq[Hz]	[dBV]	Phase[Deg]
10.00	-66.01	-40.43
10.04	-66.13	-42.46
10.08	-66.25	-44.51
10.11	-66.37	-46.57
10.15	-66.49	-48.64
10.19	-66.62	-50.72
10.23	-66.75	-52.81
10.27	-66.88	-54.90
10.31	-67.02	-57.00
10.34	-67.15	-59.09
10.38	-67.29	-61.19
10.42	-67.43	-63.28
10.46	-67.58	-65.36
10.50	-67.72	-67.43
10.54	-67.86	-69.49
10.58	-68.01	-71.53
10.62	-68.16	-73.56
10.66	-68.31	-75.57
10.70	-68.45	-77.55
10.74	-68.60	-79.50
10.78	-68.75	-81.43
10.82	-68.90	-83.33
10.86	-69.05	-85.19
10.90	-69.20	-87.01
10.95	-69.35	-88.79
10.99	-69.49	-90.52
11.03	-69.64	-92.20
11.07	-69.78	-93.84
11.11	-69.93	-95.42
11.15	-70.07	-96.93
11.20	-70.21	-98.39
11.24	-70.34	-99.78
11.28	-70.48	-101.10
11.32	-70.61	-102.35
11.37	-70.73	-103.51
11.41	-70.86	-104.60
11.45	-70.98	-105.60
11.50	-71.09	-106.50
11.54	-71.20	-107.32
11.58	-71.31	-108.03
11.63	-71.41	-108.65
11.67	-71.51	-109.15
11.71	-71.60	-109.54
11.76	-71.69	-109.81
11.80	-71.76	-109.97
11.85	-71.84	-110.02
11.89	-71.90	-109.95
11.94	-71.97	-109.78
11.98	-72.02	-109.50
12.03	-72.07	-109.11
12.07	-72.12	-108.63
12.12	-72.16	-108.04
12.16	-72.19	-107.36
12.21	-72.22	-106.59
12.26	-72.24	-105.73
12.30	-72.26	-104.78
12.35	-72.28	-103.75
12.39	-72.29	-102.63
12.44	-72.29	-101.44
12.49	-72.29	-100.18
12.54	-72.29	-98.84
12.58	-72.28	-97.44
12.63	-72.26	-95.98
12.68	-72.25	-94.45
12.73	-72.23	-92.87
12.77	-72.20	-91.24
12.82	-72.17	-89.56
12.87	-72.14	-87.84
12.92	-72.10	-86.07
12.97	-72.07	-84.28
13.02	-72.02	-82.45
13.07	-71.98	-80.59
13.12	-71.93	-78.72
13.16	-71.88	-76.82
13.21	-71.83	-74.92
13.26	-71.78	-73.00
13.31	-71.72	-71.09
13.36	-71.66	-69.18
13.41	-71.60	-67.28
13.47	-71.54	-65.39
13.52	-71.48	-63.52
13.57	-71.41	-61.67
13.62	-71.35	-59.86
13.67	-71.28	-58.08
13.72	-71.22	-56.35
13.77	-71.15	-54.66
13.83	-71.09	-53.04
13.88	-71.02	-51.47
13.93	-70.96	-49.97
13.98	-70.89	-48.55
14.04	-70.83	-47.20
14.09	-70.77	-45.95
14.14	-70.71	-44.79
14.19	-70.65	-43.74
14.25	-70.59	-42.80
14.30	-70.54	-41.97
14.36	-70.49	-41.28
14.41	-70.44	-40.71
14.46	-70.39	-40.29
14.52	-70.35	-40.02
14.57	-70.31	-39.91
14.63	-70.28	-39.97
14.68	-70.25	-40.20
14.74	-70.22	-40.60
14.80	-70.20	-41.19
14.85	-70.19	-41.94
14.91	-70.17	-42.85
14.96	-70.17	-43.93
15.02	-70.16	-45.17
15.08	-70.17	-46.56
15.13	-70.17	-48.10
15.19	-70.18	-49.79
15.25	-70.19	-51.62
15.31	-70.21	-53.58
15.36	-70.23	-55.67
15.42	-70.26	-57.89
15.48	-70.29	-60.23
15.54	-70.32	-62.69
15.60	-70.36	-65.26
15.66	-70.40	-67.93
15.71	-70.44	-70.70
15.77	-70.49	-73.57
15.83	-70.54	-76.53
15.89	-70.60	-79.57
15.95	-70.65	-82.68
16.01	-70.71	-85.86
16.07	-70.78	-89.11
16.13	-70.85	-92.41
16.19	-70.91	-95.77
16.26	-70.99	-99.16
16.32	-71.06	-102.59
16.38	-71.14	-106.05
16.44	-71.22	-109.54
16.50	-71.30	-113.03
16.56	-71.39	-116.53
16.63	-71.47	-120.03
16.69	-71.56	-123.52
16.75	-71.65	-126.99
16.82	-71.75	-130.43
16.88	-71.84	-133.83
16.94	-71.94	-137.20
17.01	-72.04	-140.50
17.07	-72.13	-143.75
17.14	-72.23	-146.92
17.20	-72.34	-150.00
17.27	-72.44	-153.00
17.33	-72.54	-155.89
17.40	-72.64	-158.67
17.46	-72.75	-161.33
17.53	-72.85	-163.85
17.59	-72.95	-166.23
17.66	-73.06	-168.45
17.73	-73.16	-170.53
17.79	-73.27	-172.47
17.86	-73.37	-174.26
17.93	-73.47	-175.93
18.00	-73.58	-177.47
18.06	-73.68	-178.89
18.13	-73.78	179.81
18.20	-73.88	178.61
18.27	-73.98	177.52
18.34	-74.08	176.53
18.41	-74.18	175.62
18.48	-74.28	174.80
18.55	-74.38	174.06
18.62	-74.47	173.39
18.69	-74.57	172.78
18.76	-74.66	172.22
18.83	-74.75	171.72
18.90	-74.84	171.25
18.97	-74.93	170.82
19.04	-75.02	170.41
19.11	-75.11	170.02
19.19	-75.19	169.64
19.26	-75.27	169.26
19.33	-75.35	168.87
19.40	-75.43	168.46
19.48	-75.51	168.03
19.55	-75.58	167.56
19.62	-75.65	167.04
19.70	-75.72	166.47
19.77	-75.79	165.83
19.85	-75.85	165.12
19.92	-75.91	164.32
20.00	-75.97	163.43
20.07	-76.02	162.43
20.15	-76.07	161.31
20.22	-76.12	160.06
20.30	-76.16	158.67
20.38	-76.20	157.13
20.45	-76.24	155.42
20.53	-76.27	153.53
20.61	-76.30	151.46
20.69	-76.32	149.22
20.77	-76.34	146.82
20.84	-76.36	144.26
20.92	-76.37	141.55
21.00	-76.38	138.72
21.08	-76.39	135.76
21.16	-76.40	132.69
21.24	-76.40	129.51
21.32	-76.40	126.25
21.40	-76.41	122.91
21.48	-76.40	119.51
21.56	-76.40	116.05
21.64	-76.40	112.55
21.73	-76.39	109.03
21.81	-76.39	105.49
21.89	-76.39	101.95
21.97	-76.38	98.42
22.06	-76.38	94.92
22.14	-76.38	91.46
22.22	-76.37	88.05
22.31	-76.38	84.72
22.39	-76.38	81.47
22.47	-76.38	78.33
22.56	-76.39	75.30
22.64	-76.40	72.41
22.73	-76.41	69.67
22.82	-76.43	67.10
22.90	-76.45	64.72
22.99	-76.48	62.54
23.07	-76.51	60.58
23.16	-76.54	58.87
23.25	-76.58	57.41
23.34	-76.63	56.23
23.43	-76.69	55.36
23.51	-76.75	54.80
23.60	-76.81	54.55
23.69	-76.89	54.61
23.78	-76.97	54.96
23.87	-77.06	55.60
23.96	-77.15	56.52
24.05	-77.25	57.70
24.14	-77.35	59.13
24.23	-77.46	60.81
24.32	-77.57	62.72
24.42	-77.69	64.85
24.51	-77.80	67.19
24.60	-77.93	69.73
24.69	-78.05	72.45
24.79	-78.18	75.34
24.88	-78.31	78.39
24.97	-78.45	81.58
25.07	-78.58	84.91
25.16	-78.71	88.35
25.26	-78.85	91.89
25.35	-78.98	95.52
25.45	-79.12	99.22
25.54	-79.25	102.98
25.64	-79.39	106.78
25.74	-79.52	110.61
25.84	-79.65	114.44
25.93	-79.77	118.26
26.03	-79.90	122.06
26.13	-80.02	125.81
26.23	-80.13	129.50
26.33	-80.24	133.11
26.43	-80.35	136.62
26.53	-80.45	140.02
26.63	-80.54	143.32
26.73	-80.63	146.51
26.83	-80.71	149.60
26.93	-80.79	152.58
27.03	-80.86	155.46
27.13	-80.93	158.24
27.23	-80.99	160.91
27.34	-81.05	163.49
27.44	-81.10	165.97
27.54	-81.15	168.35
27.65	-81.19	170.63
27.75	-81.23	172.82
27.86	-81.26	174.92
27.96	-81.29	176.93
28.07	-81.31	178.84
28.17	-81.33	-179.33
28.28	-81.34	-177.60
28.39	-81.35	-175.94
28.49	-81.36	-174.38
28.60	-81.36	-172.89
28.71	-81.36	-171.49
28.82	-81.35	-170.17
28.93	-81.34	-168.92
29.03	-81.32	-167.75
29.14	-81.30	-166.65
29.25	-81.28	-165.63
29.36	-81.26	-164.67
29.48	-81.23	-163.78
29.59	-81.20	-162.95
29.70	-81.16	-162.18
29.81	-81.13	-161.45
29.92	-81.09	-160.76
30.04	-81.06	-160.10
30.15	-81.02	-159.48
30.26	-80.99	-158.87
30.38	-80.96	-158.28
30.49	-80.93	-157.69
30.61	-80.90	-157.11
30.72	-80.88	-156.52
30.84	-80.86	-155.91
30.95	-80.85	-155.28
31.07	-80.84	-154.62
31.19	-80.85	-153.92
31.31	-80.85	-153.17
31.42	-80.87	-152.37
31.54	-80.90	-151.50
31.66	-80.93	-150.56
31.78	-80.98	-149.54
31.90	-81.04	-148.42
32.02	-81.11	-147.21
32.14	-81.20	-145.88
32.26	-81.30	-144.44
32.39	-81.41	-142.87
32.51	-81.54	-141.17
32.63	-81.68	-139.36
32.75	-81.83	-137.43
32.88	-81.99	-135.40
33.00	-82.15	-133.26
33.13	-82.32	-131.01
33.25	-82.50	-128.67
33.38	-82.68	-126.24
33.50	-82.86	-123.73
33.63	-83.03	-121.13
33.76	-83.21	-118.45
33.88	-83.38	-115.70
34.01	-83.54	-112.89
34.14	-83.69	-110.02
34.27	-83.84	-107.09
34.40	-83.97	-104.11
34.53	-84.08	-101.08
34.66	-84.18	-98.02
34.79	-84.26	-94.93
34.92	-84.31	-91.81
35.05	-84.35	-88.68
35.18	-84.35	-85.53
35.32	-84.33	-82.38
35.45	-84.29	-79.26
35.58	-84.22	-76.20
35.72	-84.13	-73.23
35.85	-84.01	-70.38
35.99	-83.88	-67.69
36.12	-83.72	-65.18
36.26	-83.55	-62.89
36.40	-83.37	-60.85
36.53	-83.18	-59.10
36.67	-82.97	-57.67
36.81	-82.75	-56.61
36.95	-82.53	-55.94
37.09	-82.30	-55.71
37.23	-82.07	-55.95
37.37	-81.84	-56.71
37.51	-81.61	-58.02
37.65	-81.38	-59.93
37.79	-81.16	-62.48
37.94	-80.94	-65.71
38.08	-80.74	-69.67
38.22	-80.55	-74.38
38.37	-80.37	-79.80
38.51	-80.20	-85.88
38.66	-80.04	-92.55
38.80	-79.88	-99.75
38.95	-79.73	-107.40
39.10	-79.59	-115.45
39.24	-79.45	-123.82
39.39	-79.30	-132.44
39.54	-79.16	-141.23
39.69	-79.02	-150.14
39.84	-78.87	-159.07
39.99	-78.71	-167.95
40.14	-78.55	-176.71
40.29	-78.38	174.75
40.45	-78.20	166.50
40.60	-78.00	158.62
40.75	-77.79	151.21
40.90	-77.56	144.36
41.06	-77.31	138.15
41.21	-77.04	132.64
41.37	-76.76	127.85
41.53	-76.47	123.78
41.68	-76.16	120.43
41.84	-75.85	117.80
42.00	-75.54	115.90
42.16	-75.23	114.72
42.32	-74.93	114.28
42.47	-74.64	114.58
42.63	-74.36	115.61
42.80	-74.10	117.37
42.96	-73.87	119.89
43.12	-73.66	123.14
43.28	-73.49	127.14
43.45	-73.36	131.89
43.61	-73.26	137.40
43.77	-73.22	143.65
43.94	-73.22	150.67
44.10	-73.29	158.43
44.27	-73.40	166.88
44.44	-73.57	175.94
44.61	-73.79	-174.44
44.77	-74.05	-164.36
44.94	-74.34	-153.89
45.11	-74.68	-143.10
45.28	-75.05	-132.08
45.45	-75.45	-120.91
45.63	-75.87	-109.67
45.80	-76.31	-98.46
45.97	-76.78	-87.36
46.14	-77.25	-76.46
46.32	-77.73	-65.85
46.49	-78.21	-55.63
46.67	-78.70	-45.89
46.84	-79.17	-36.74
47.02	-79.64	-28.26
47.20	-80.09	-20.44
47.38	-80.52	-13.22
47.56	-80.92	-6.56
47.74	-81.28	-0.41
47.92	-81.60	5.30
48.10	-81.87	10.62
48.28	-82.09	15.62
48.46	-82.25	20.34
48.64	-82.33	24.85
48.83	-82.34	29.21
49.01	-82.26	33.49
49.20	-82.09	37.75
49.38	-81.82	42.06
49.57	-81.45	46.49
49.75	-80.95	51.10
49.94	-80.34	55.97
50.13	-79.61	61.08
50.32	-78.78	66.41
50.51	-77.87	71.92
50.70	-76.91	77.56
50.89	-75.90	83.29
51.08	-74.87	89.08
51.28	-73.83	94.88
51.47	-72.82	100.65
51.66	-71.84	106.34
51.86	-70.91	111.91
52.05	-70.07	117.31
52.25	-69.33	122.50
52.45	-68.72	127.43
52.65	-68.25	132.04
52.85	-67.95	136.29
53.04	-67.81	140.16
53.24	-67.82	143.64
53.45	-67.95	146.74
53.65	-68.17	149.44
53.85	-68.45	151.75
54.05	-68.78	153.67
54.26	-69.11	155.21
54.46	-69.43	156.34
54.67	-69.71	157.09
54.87	-69.91	157.44
55.08	-70.01	157.40
55.29	-69.97	156.96
55.50	-69.76	156.12
55.71	-69.36	154.89
55.92	-68.75	153.27
56.13	-67.95	151.29
56.34	-66.99	148.99
56.55	-65.91	146.39
56.77	-64.74	143.54
56.98	-63.52	140.47
57.19	-62.28	137.21
57.41	-61.06	133.81
57.63	-59.88	130.30
57.84	-58.80	126.71
58.06	-57.85	123.10
58.28	-57.06	119.50
58.50	-56.49	115.95
58.72	-56.16	112.50
58.94	-56.08	109.16
59.17	-56.23	105.95
59.39	-56.59	102.86
59.61	-57.13	99.90
59.84	-57.83	97.08
60.06	-58.66	94.40
60.29	-59.60	91.87
60.52	-60.62	89.50
60.75	-61.70	87.28
60.98	-62.80	85.23
61.21	-63.90	83.35
61.44	-64.97	81.65
61.67	-65.98	80.13
61.90	-66.91	78.79
62.14	-67.78	77.62
62.37	-68.58	76.61
62.61	-69.30	75.75
62.84	-69.95	75.02
63.08	-70.53	74.42
63.32	-71.04	73.94
63.56	-71.47	73.56
63.80	-71.83	73.27
64.04	-72.12	73.05
64.28	-72.33	72.91
64.52	-72.47	72.82
64.76	-72.54	72.77
65.01	-72.54	72.75
65.25	-72.47	72.78
65.50	-72.34	72.83
65.75	-72.16	72.92
66.00	-71.91	73.02
66.24	-71.62	73.15
66.49	-71.28	73.29
66.75	-70.89	73.44
67.00	-70.47	73.60
67.25	-70.01	73.77
67.50	-69.52	73.93
67.76	-69.01	74.07
68.01	-68.47	74.16
68.27	-67.92	74.17
68.53	-67.35	74.07
68.79	-66.78	73.83
69.05	-66.21	73.41
69.31	-65.63	72.78
69.57	-65.07	71.90
69.83	-64.51	70.74
70.09	-63.98	69.27
70.36	-63.47	67.45
70.62	-62.98	65.25
70.89	-62.52	62.69
71.16	-62.09	59.82
71.43	-61.68	56.64
71.70	-61.28	53.20
71.97	-60.91	49.52
72.24	-60.55	45.63
72.51	-60.21	41.56
72.79	-59.88	37.35
73.06	-59.55	33.02
73.34	-59.24	28.61
73.61	-58.93	24.17
73.89	-58.64	19.74
74.17	-58.38	15.38
74.45	-58.16	11.16
74.73	-57.99	7.12
75.01	-57.87	3.33
75.29	-57.82	-0.15
75.58	-57.85	-3.26
75.86	-57.96	-5.93
76.15	-58.18	-8.10
76.44	-58.51	-9.72
76.73	-58.92	-10.82
77.02	-59.40	-11.49
77.31	-59.91	-11.78
77.60	-60.42	-11.78
77.89	-60.91	-11.56
78.18	-61.34	-11.19
78.48	-61.69	-10.76
78.78	-61.93	-10.35
79.07	-62.01	-10.04
79.37	-61.93	-9.90
79.67	-61.69	-9.96
79.97	-61.33	-10.24
80.27	-60.88	-10.75
80.58	-60.37	-11.50
80.88	-59.85	-12.51
81.19	-59.34	-13.79
81.49	-58.89	-15.37
81.80	-58.52	-17.24
82.11	-58.29	-19.44
82.42	-58.21	-21.93
82.73	-58.31	-24.62
83.04	-58.60	-27.42
83.35	-59.09	-30.20
83.67	-59.79	-32.87
83.99	-60.73	-35.31
84.30	-61.91	-37.41
84.62	-63.35	-39.04
84.94	-65.07	-40.10
85.26	-67.07	-40.49
85.58	-69.27	-40.30
85.90	-71.56	-39.66
86.23	-73.83	-38.73
86.55	-75.99	-37.65
86.88	-77.92	-36.57
87.21	-79.50	-35.64
87.54	-80.62	-35.03
87.87	-81.16	-34.88
88.20	-81.02	-35.34
88.53	-80.30	-36.35
88.87	-79.09	-37.82
89.20	-77.54	-39.64
89.54	-75.78	-41.72
89.88	-73.93	-43.94
90.22	-72.13	-46.20
90.56	-70.52	-48.37
90.90	-69.24	-50.36
91.24	-68.37	-52.13
91.59	-67.84	-53.83
91.93	-67.56	-55.64
92.28	-67.45	-57.73
92.63	-67.41	-60.29
92.98	-67.35	-63.50
93.33	-67.17	-67.56
93.68	-66.78	-72.67
94.03	-66.10	-78.95
94.39	-65.17	-86.06
94.74	-64.11	-93.39
95.10	-63.02	-100.36
95.46	-62.03	-106.33
95.82	-61.25	-110.67
96.18	-60.81	-112.75
96.54	-60.83	-111.89
96.91	-61.42	-107.49
97.27	-62.56	-99.90
97.64	-64.10	-90.17
98.01	-65.92	-79.37
98.38	-67.87	-68.62
98.75	-69.79	-59.06
99.12	-71.54	-51.85
99.50	-72.97	-48.17
99.87	-73.92	-49.11
100.25	-74.41	-54.33
100.63	-74.53	-62.66
101.01	-74.37	-72.88
101.39	-74.04	-83.74
101.77	-73.62	-93.97
102.16	-73.23	-102.27
102.54	-72.97	-107.30
102.93	-72.92	-108.09
103.32	-73.05	-105.13
103.71	-73.30	-99.33
104.10	-73.62	-91.60
104.49	-73.94	-82.87
104.88	-74.21	-74.11
105.28	-74.36	-66.29
105.68	-74.34	-60.38
106.08	-74.13	-56.78
106.48	-73.75	-55.33
106.88	-73.26	-55.84
107.28	-72.67	-58.12
107.69	-72.04	-61.98
108.09	-71.39	-67.20
108.50	-70.76	-73.59
108.91	-70.19	-80.88
109.32	-69.73	-88.65
109.73	-69.42	-96.48
110.15	-69.30	-103.94
110.56	-69.41	-110.58
110.98	-69.81	-115.95
111.40	-70.54	-119.57
111.82	-71.58	-121.17
112.24	-72.80	-120.95
112.67	-74.02	-119.19
113.09	-75.07	-116.16
113.52	-75.77	-112.15
113.95	-75.92	-107.47
114.38	-75.36	-102.40
114.81	-74.03	-97.30
115.24	-72.16	-92.56
115.68	-70.04	-88.60
116.11	-67.92	-85.85
116.55	-66.10	-84.73
116.99	-64.85	-85.69
117.43	-64.45	-89.16
117.87	-64.92	-94.96
118.32	-66.04	-102.37
118.77	-67.57	-110.65
119.21	-69.28	-119.04
119.66	-70.93	-126.74
120.12	-72.26	-132.97
120.57	-73.09	-137.09
121.02	-73.48	-139.15
121.48	-73.58	-139.42
121.94	-73.53	-138.16
122.40	-73.46	-135.63
122.86	-73.54	-132.11
123.32	-73.90	-127.87
123.79	-74.54	-123.28
124.26	-75.31	-118.77
124.73	-76.08	-114.77
125.20	-76.72	-111.72
125.67	-77.06	-110.09
126.14	-76.97	-110.32
126.62	-76.42	-112.50
127.10	-75.55	-116.08
127.58	-74.52	-120.49
128.06	-73.51	-125.13
128.54	-72.69	-129.37
129.03	-72.22	-132.60
129.51	-72.20	-134.49
130.00	-72.53	-135.34
130.49	-73.06	-135.53
130.98	-73.68	-135.43
131.48	-74.25	-135.45
131.98	-74.64	-135.98
132.47	-74.76	-137.25
132.97	-74.63	-139.18
133.48	-74.28	-141.63
133.98	-73.75	-144.48
134.48	-73.06	-147.59
134.99	-72.25	-150.84
135.50	-71.37	-154.15
136.01	-70.51	-157.55
136.53	-69.75	-161.04
137.04	-69.18	-164.65
137.56	-68.88	-168.40
138.08	-68.94	-172.34
138.60	-69.32	-176.81
139.12	-69.90	177.67
139.65	-70.58	170.56
140.17	-71.25	161.33
140.70	-71.79	149.42
141.23	-72.14	135.21
141.77	-72.43	121.52
142.30	-72.80	111.64
142.84	-73.39	108.92
143.38	-74.35	116.81
143.92	-75.82	138.32
144.46	-77.64	170.90
145.01	-79.43	-151.72
145.55	-80.83	-115.97
146.10	-81.47	-88.47
146.65	-80.96	-75.90
147.21	-79.23	-80.74
147.76	-76.75	-98.22
148.32	-74.06	-122.76
148.88	-71.68	-148.67
149.44	-70.19	-170.13
150.01	-69.97	177.16
150.57	-70.82	171.70
151.14	-72.40	170.72
151.71	-74.38	171.38
152.28	-76.39	170.77
152.86	-78.12	166.59
153.43	-79.49	160.30
154.01	-80.52	154.68
154.59	-81.19	152.59
155.18	-81.52	156.94
155.76	-81.50	170.08
156.35	-81.15	-169.72
156.94	-80.44	-145.95
157.53	-79.36	-122.16
158.13	-77.91	-101.99
158.72	-76.10	-88.61
159.32	-74.12	-82.05
159.93	-72.19	-81.14
160.53	-70.57	-84.70
161.13	-69.50	-91.51
161.74	-69.18	-100.31
162.35	-69.53	-109.79
162.97	-70.41	-118.56
163.58	-71.67	-125.25
164.20	-73.16	-128.41
164.82	-74.73	-127.47
165.44	-76.18	-123.65
166.06	-77.32	-118.46
166.69	-77.96	-113.43
167.32	-77.90	-110.09
167.95	-77.15	-109.07
168.58	-75.95	-110.12
169.22	-74.53	-112.94
169.86	-73.12	-117.23
170.50	-71.94	-122.69
171.14	-71.04	-129.05
171.79	-70.40	-136.04
172.44	-70.03	-143.38
173.09	-69.91	-150.79
173.74	-70.00	-157.93
174.40	-70.23	-164.39
175.06	-70.52	-169.76
175.72	-70.78	-173.60
176.38	-70.94	-175.59
177.04	-71.00	-176.15
177.71	-71.00	-175.92
178.38	-70.95	-175.56
179.06	-70.90	-175.75
179.73	-70.83	-176.76
180.41	-70.67	-178.48
181.09	-70.35	179.20
181.77	-69.81	176.41
182.46	-69.07	173.19
183.15	-68.36	169.34
183.84	-67.96	164.66
184.53	-68.15	158.92
185.23	-69.08	152.16
185.93	-70.43	145.64
186.63	-71.67	141.03
187.33	-72.29	140.04
188.04	-71.85	143.93
188.75	-70.56	150.22
189.46	-69.02	154.45
190.18	-67.80	152.06
190.90	-67.47	138.82
191.62	-68.11	115.99
192.34	-69.45	88.65
193.07	-71.21	62.08
193.79	-73.11	41.49
194.53	-74.83	29.64
195.26	-76.03	27.35
196.00	-76.38	35.37
196.74	-75.55	54.15
197.48	-73.77	78.97
198.22	-71.68	101.05
198.97	-69.98	111.31
199.72	-69.31	101.57
200.48	-69.87	76.46
201.23	-71.60	49.06
201.99	-74.41	32.86
202.75	-78.14	39.61
203.52	-82.17	65.46
204.29	-85.64	99.25
205.06	-87.65	129.52
205.83	-87.57	146.96
206.61	-85.87	152.59
207.39	-83.37	150.30
208.17	-80.88	144.08
208.96	-79.06	137.03
209.74	-78.15	130.14
210.54	-78.36	124.15
211.33	-79.86	119.77
212.13	-82.20	117.04
212.93	-84.27	115.28
213.73	-84.90	113.77
214.54	-83.17	111.68
215.35	-79.79	107.56
216.16	-76.22	99.71
216.98	-73.94	86.40
217.80	-73.91	68.27
218.62	-75.95	51.12
219.44	-79.72	41.53
220.27	-84.82	45.65
221.10	-90.03	62.49
221.94	-93.63	86.18
222.77	-93.82	110.65
223.61	-89.84	131.16
224.46	-83.78	146.88
225.30	-78.26	157.58
226.15	-75.73	163.10
227.01	-76.18	163.81
227.86	-77.97	160.45
228.72	-79.39	153.76
229.59	-79.41	145.39
230.45	-78.37	138.72
231.32	-76.78	137.41
232.20	-75.14	144.03
233.07	-73.72	154.04
233.95	-72.72	160.08
234.84	-72.33	154.92
235.72	-72.48	138.32
236.61	-72.83	116.77
237.50	-73.06	97.17
238.40	-73.00	83.90
239.30	-72.96	75.82
240.20	-73.27	71.05
241.11	-74.19	67.96
242.02	-75.49	66.27
242.93	-76.81	66.07
243.85	-77.80	67.46
244.77	-78.29	70.51
245.69	-78.21	75.30
246.62	-77.50	81.81
247.55	-76.40	88.21
248.48	-75.41	91.14
249.42	-75.00	87.24
250.36	-75.24	77.24
251.31	-75.63	67.02
252.26	-75.66	62.81
253.21	-75.10	65.69
254.16	-74.21	68.22
255.12	-73.32	62.06
256.09	-72.87	45.07
257.05	-73.50	27.47
258.02	-75.90	21.14
259.00	-79.98	31.04
259.97	-83.92	46.88
260.95	-85.67	56.17
261.94	-84.33	53.02
262.93	-81.57	46.07
263.92	-79.42	46.06
264.92	-79.01	57.20
265.92	-79.61	70.64
266.92	-80.26	75.91
267.93	-80.35	69.70
268.94	-79.80	60.66
269.95	-78.61	58.52
270.97	-77.40	64.26
271.99	-77.58	67.59
273.02	-80.55	57.97
274.05	-85.40	38.33
275.08	-89.14	23.92
276.12	-88.96	29.03
277.16	-85.45	50.18
278.21	-81.22	73.18
279.26	-78.51	85.58
280.31	-77.06	86.58
281.37	-75.70	79.49
282.43	-73.77	67.61
283.50	-72.02	54.07
284.57	-71.47	42.02
285.64	-72.37	33.21
286.72	-73.85	27.33
287.80	-74.99	23.81
288.89	-75.56	20.53
289.98	-75.81	14.26
291.07	-75.99	2.95
292.17	-76.27	-9.43
293.27	-76.79	-17.09
294.38	-77.79	-17.94
295.49	-79.71	-16.90
296.61	-82.92	-19.02
297.73	-86.40	-19.93
298.85	-88.12	-8.39
299.98	-86.69	20.95
301.11	-83.43	49.72
302.25	-80.33	54.12
303.39	-78.63	31.16
304.53	-78.73	3.70
305.68	-80.72	-7.38
306.83	-83.32	-5.42
307.99	-84.69	-3.00
309.15	-84.28	-4.46
310.32	-83.66	-0.52
311.49	-84.33	17.81
312.67	-85.86	47.04
313.85	-86.96	77.99
315.03	-86.86	102.26
316.22	-85.78	112.92
317.41	-84.05	104.88
318.61	-82.24	84.87
319.81	-80.99	64.41
321.02	-80.31	50.23
322.23	-79.38	42.56
323.45	-77.66	40.54
324.67	-76.23	40.42
325.89	-76.48	37.88
327.12	-77.96	33.00
328.36	-78.61	29.60
329.60	-77.34	29.40
330.84	-75.56	28.74
332.09	-74.81	23.96
333.34	-74.87	17.06
334.60	-74.83	12.34
335.86	-74.37	10.08
337.13	-73.86	6.31
338.40	-73.60	-1.12
339.68	-73.62	-9.20
340.96	-73.90	-14.99
342.25	-74.26	-20.79
343.54	-74.51	-30.43
344.83	-74.78	-40.11
346.14	-75.48	-40.00
347.44	-76.47	-30.28
348.75	-76.77	-27.36
350.07	-75.77	-42.03
351.39	-74.42	-62.60
352.72	-73.83	-74.87
354.05	-74.45	-76.61
355.38	-76.37	-70.60
356.72	-78.55	-65.40
358.07	-79.26	-72.88
359.42	-78.40	-90.55
360.78	-77.64	-100.51
362.14	-77.83	-96.58
363.51	-78.31	-93.59
364.88	-78.58	-102.09
366.25	-78.91	-116.47
367.64	-79.74	-130.26
369.02	-81.61	-143.19
370.42	-84.77	-157.15
371.81	-87.80	-177.61
373.22	-89.08	149.13
374.63	-89.65	99.68
376.04	-91.34	35.58
377.46	-92.41	-7.79
378.88	-89.60	16.41
380.31	-84.99	67.87
381.75	-83.83	56.29
383.19	-86.49	0.89
384.63	-89.64	-2.17
386.09	-91.18	43.18
387.54	-90.18	53.55
389.00	-87.39	24.29
390.47	-84.87	17.55
391.95	-82.84	35.70
393.43	-79.95	29.79
394.91	-77.03	0.13
396.40	-76.60	-12.28
397.90	-78.03	-4.38
399.40	-78.34	-2.55
400.90	-77.46	-11.30
402.42	-77.15	-19.70
403.94	-76.97	-24.11
405.46	-75.32	-25.85
406.99	-72.91	-28.62
408.53	-71.35	-36.74
410.07	-70.51	-50.68
411.61	-69.78	-68.97
413.17	-69.75	-88.41
414.73	-71.05	-104.85
416.29	-73.13	-112.85
417.86	-75.19	-111.56
419.44	-76.44	-111.73
421.02	-76.78	-115.94
422.61	-77.23	-110.68
424.21	-77.87	-98.54
425.81	-77.75	-100.52
427.41	-77.24	-118.10
429.03	-77.60	-137.85
430.65	-78.73	-147.29
432.27	-80.13	-141.21
433.90	-82.42	-142.47
435.54	-85.08	-156.75
437.18	-84.47	-133.61
438.83	-80.03	-78.55
440.49	-75.74	-75.31
442.15	-73.86	-118.84
443.82	-74.82	-144.59
445.49	-76.64	-149.52
447.18	-77.25	-152.05
448.86	-77.04	-162.19
450.56	-76.88	-178.34
452.26	-77.60	174.39
453.96	-78.78	173.62
455.68	-79.37	167.47
457.40	-79.77	161.87
459.12	-80.20	161.26
460.85	-79.51	154.28
462.59	-78.07	139.27
464.34	-77.55	125.13
466.09	-77.28	113.90
467.85	-76.29	101.77
469.62	-75.59	78.20
471.39	-75.58	46.17
473.17	-75.80	21.28
474.95	-76.39	1.30
476.74	-77.47	-19.80
478.54	-78.61	-39.48
480.35	-80.10	-57.05
482.16	-82.36	-71.20
483.98	-83.05	-64.40
485.81	-80.68	-42.84
487.64	-76.59	-53.56
489.48	-73.29	-85.84
491.33	-72.44	-107.94
493.18	-71.81	-129.14
495.04	-71.64	-157.81
496.91	-74.13	167.50
498.79	-77.37	138.37
500.67	-79.75	111.53
502.56	-81.38	62.80
504.45	-80.60	-13.83
506.36	-76.78	-97.40
508.27	-72.76	-144.27
510.19	-73.77	156.77
512.11	-81.04	76.62
514.04	-85.53	131.26
515.98	-84.88	-151.55
517.93	-82.42	156.82
519.89	-82.60	130.68
521.85	-83.39	135.94
523.82	-81.33	101.09
525.79	-79.40	57.85
527.78	-79.36	20.09
529.77	-80.49	-17.82
531.77	-80.05	-59.21
533.78	-79.28	-95.57
535.79	-79.97	-121.79
537.81	-80.94	-146.10
539.84	-82.32	-153.81
541.88	-82.05	-169.42
543.92	-78.26	125.69
545.98	-87.67	-162.29
548.04	-99.11	-47.05
550.10	-86.89	-151.80
552.18	-79.60	132.87
554.26	-84.17	139.73
556.35	-88.02	124.37
558.45	-83.76	62.63
560.56	-78.37	6.06
562.68	-78.15	-37.24
564.80	-82.13	-101.70
566.93	-86.96	-125.45
569.07	-86.13	-108.44
571.22	-80.01	-110.29
573.37	-79.77	-165.94
575.54	-85.01	-142.17
577.71	-84.66	-129.24
579.89	-79.82	168.86
582.08	-93.54	-62.92
584.27	-92.61	-44.45
586.48	-79.15	-143.48
588.69	-78.76	-153.27
590.91	-78.04	163.73
593.14	-87.11	-131.50
595.38	-91.54	-60.68
597.63	-78.75	-131.48
599.88	-75.89	-162.02
602.15	-75.00	-173.78
604.42	-73.52	170.43
606.70	-74.38	148.45
608.99	-76.31	117.38
611.29	-81.02	127.65
613.59	-79.40	149.77
615.91	-74.48	136.98
618.23	-78.20	109.67
620.57	-87.20	131.99
622.91	-84.30	132.75
625.26	-85.49	120.81
627.62	-88.90	145.83
629.99	-78.75	-170.56
632.36	-71.78	168.21
634.75	-73.30	110.35
637.15	-75.60	117.15
639.55	-74.05	143.13
641.96	-72.98	104.03
644.39	-75.76	58.72
646.82	-75.96	52.73
649.26	-81.42	23.86
651.71	-89.59	-4.13
654.17	-91.61	-57.26
656.64	-86.27	-156.78
659.11	-80.09	159.52
661.60	-76.68	159.86
664.10	-74.14	149.85
666.60	-70.62	127.41
669.12	-70.51	94.75
671.64	-75.03	79.41
674.18	-76.03	98.46
676.72	-70.71	97.53
679.28	-70.51	87.03
681.84	-69.37	61.53
684.41	-71.63	38.19
687.00	-73.63	44.12
689.59	-72.59	51.58
692.19	-71.53	39.59
694.80	-70.58	27.61
697.42	-71.49	2.22
700.06	-76.20	-27.34
702.70	-80.47	-19.06
705.35	-82.80	46.22
708.01	-78.23	70.28
710.68	-73.37	48.35
713.36	-75.07	31.05
716.06	-75.61	47.63
718.76	-70.86	53.17
721.47	-68.90	20.49
724.19	-69.67	9.28
726.93	-67.86	-2.73
729.67	-68.71	-25.89
732.42	-73.17	-41.45
735.19	-74.00	-17.27
737.96	-72.76	-27.90
740.75	-72.44	-27.01
743.54	-71.00	-38.68
746.35	-71.26	-51.71
749.16	-71.34	-65.57
751.99	-75.46	-102.18
754.83	-79.79	-67.28
757.68	-80.34	-48.03
760.54	-75.16	-45.96
763.41	-73.50	-61.20
766.29	-76.84	-75.00
769.18	-75.50	-73.60
772.08	-77.66	-93.19
774.99	-77.99	-65.42
777.92	-76.06	-91.85
780.85	-77.71	-102.67
783.80	-90.41	-179.09
786.76	-78.41	-21.12
789.73	-78.52	-60.47
792.71	-80.98	-41.65
795.70	-74.62	-43.93
798.70	-76.22	-68.05
801.71	-74.95	-60.62
804.74	-73.90	-67.46
807.78	-76.30	-66.79
810.83	-70.94	-57.25
813.88	-71.40	-73.55
816.96	-69.06	-80.47
820.04	-66.68	-103.60
823.13	-68.24	-145.08
826.24	-73.33	-147.30
829.36	-74.04	-151.49
832.49	-75.37	-142.97
835.63	-74.69	-139.71
838.78	-76.84	-155.91
841.95	-80.25	-134.91
845.12	-73.64	-126.49
848.31	-71.84	-141.05
851.51	-71.44	-159.41
854.73	-74.01	-174.33
857.95	-78.79	-155.61
861.19	-73.23	-149.48
864.44	-73.40	-164.25
867.70	-72.66	-173.88
870.98	-75.43	177.47
874.26	-73.59	-165.81
877.56	-74.74	165.70
880.87	-76.61	-162.78
884.20	-74.67	176.30
887.53	-74.19	-161.89
890.88	-70.95	173.43
894.25	-74.09	178.57
897.62	-70.69	173.81
901.01	-70.09	161.21
904.41	-70.68	167.43
907.82	-67.09	146.65
911.25	-69.49	127.66
914.68	-69.27	128.41
918.14	-70.72	115.31
921.60	-70.61	121.02
925.08	-70.49	103.25
928.57	-71.60	103.13
932.07	-70.61	100.09
935.59	-70.95	91.11
939.12	-70.67	76.16
942.67	-70.60	70.69
946.22	-70.07	53.79
949.79	-74.98	30.43
953.38	-75.60	64.17
956.97	-77.04	53.03
960.59	-79.78	74.58
964.21	-74.31	74.59
967.85	-75.55	55.34
971.50	-73.80	58.84
975.17	-77.02	49.40
978.85	-75.48	70.20
982.54	-74.69	38.92
986.25	-79.79	46.70
989.97	-74.73	63.75
993.71	-73.30	46.49
997.46	-73.24	27.49
1001.22	-79.06	0.53
1005.00	-77.75	40.34
1008.79	-73.81	29.88
1012.60	-75.38	43.07
1016.42	-72.57	28.75
1020.25	-71.43	16.46
1024.10	-71.53	-5.08
1027.97	-73.35	0.80
1031.85	-72.55	-12.33
1035.74	-74.30	-12.47
1039.65	-75.36	-24.17
1043.57	-74.12	-18.72
1047.51	-73.32	-19.78
1051.46	-72.64	-28.10
1055.43	-72.78	-41.68
1059.41	-74.03	-55.19
1063.41	-74.97	-61.58
1067.43	-75.52	-49.44
1071.45	-74.45	-59.80
1075.50	-75.98	-78.94
1079.55	-77.52	-78.41
1083.63	-77.23	-84.15
1087.72	-79.75	-57.84
1091.82	-77.38	-52.39
1095.94	-77.04	-65.83
1100.08	-78.86	-60.22
1104.23	-75.25	-61.69
1108.40	-76.54	-70.70
1112.58	-72.51	-76.16
1116.78	-75.35	-97.10
1120.99	-74.17	-92.50
1125.22	-73.71	-102.15
1129.47	-75.96	-119.35
1133.73	-78.81	-120.35
1138.01	-79.44	-86.51
1142.30	-74.45	-106.02
1146.61	-74.86	-118.20
1150.94	-74.19	-122.24
1155.28	-73.26	-123.19
1159.64	-73.19	-137.82
1164.02	-72.61	-142.10
1168.41	-70.91	-159.20
1172.82	-70.88	-178.03
1177.25	-73.58	168.61
1181.69	-73.18	143.19
1186.15	-77.96	124.95
1190.62	-81.27	95.13
1195.12	-77.81	-14.74
1199.63	-75.45	-115.68
1204.15	-73.75	-120.31
1208.70	-69.70	-146.81
1213.26	-68.40	-172.48
1217.84	-68.49	160.42
1222.43	-70.95	136.12
1227.04	-76.03	141.45
1231.67	-72.71	150.24
1236.32	-72.11	151.68
1240.99	-72.42	137.45
1245.67	-69.17	132.04
1250.37	-71.52	117.19
1255.09	-72.08	112.58
1259.83	-70.70	118.36
1264.58	-67.93	103.35
1269.35	-66.14	80.08
1274.14	-68.72	64.64
1278.95	-68.81	56.80
1283.78	-69.43	40.65
1288.62	-72.30	34.05
1293.48	-73.19	26.60
1298.36	-73.02	31.86
1303.26	-73.93	15.19
1308.18	-76.91	18.95
1313.12	-76.88	37.47
1318.07	-73.73	29.61
1323.05	-70.82	22.06
1328.04	-70.35	1.16
1333.05	-70.73	-14.81
1338.08	-71.46	-53.57
1343.13	-80.79	-41.17
1348.20	-76.71	-17.50
1353.29	-73.44	-23.34
1358.39	-74.43	-66.18
1363.52	-76.90	-81.58
1368.67	-77.97	-86.85
1373.83	-84.99	-101.07
1379.01	-84.74	-83.42
1384.22	-91.66	-63.01
1389.44	-79.48	-28.89
1394.68	-78.53	-60.45
1399.95	-79.17	-82.73
1405.23	-79.70	-108.51
1410.53	-83.93	-115.15
1415.86	-87.93	-168.77
1421.20	-85.87	-124.91
1426.56	-93.56	-148.73
1431.94	-83.93	38.76
1437.35	-78.55	-7.19
1442.77	-76.61	-72.16
1448.22	-76.41	-79.35
1453.68	-77.64	-129.36
1459.17	-80.15	-132.86
1464.67	-83.66	-171.61
1470.20	-88.44	151.51
1475.75	-83.98	-33.85
1481.32	-79.94	-67.11
1486.91	-82.90	-94.65
1492.52	-82.05	-111.38
1498.15	-81.28	-89.91
1503.80	-78.11	-112.95
1509.48	-75.69	-129.85
1515.17	-76.05	-170.23
1520.89	-80.42	-155.90
1526.63	-78.39	-174.76
1532.39	-79.13	-160.26
1538.17	-80.47	-170.06
1543.98	-77.06	178.56
1549.81	-78.23	173.03
1555.65	-78.39	166.44
1561.52	-78.00	164.91
1567.42	-78.10	173.65
1573.33	-75.52	151.06
1579.27	-75.23	123.79
1585.23	-76.69	126.92
1591.21	-78.25	110.31
1597.21	-76.98	127.13
1603.24	-78.26	101.03
1609.29	-78.56	81.31
1615.36	-84.64	135.21
1621.46	-78.30	132.75
1627.58	-73.45	114.91
1633.72	-74.78	84.44
1639.89	-73.73	87.09
1646.07	-74.58	55.48
1652.29	-75.89	44.61
1658.52	-75.14	44.80
1664.78	-75.73	18.24
1671.06	-77.60	8.37
1677.37	-83.00	-15.21
1683.70	-85.70	65.64
1690.05	-75.75	61.93
1696.43	-73.92	27.81
1702.83	-70.99	-6.12
1709.26	-75.53	-35.12
1715.70	-81.90	-45.30
1722.18	-80.81	2.67
1728.68	-80.93	-10.34
1735.20	-78.37	-2.90
1741.75	-78.34	-25.19
1748.32	-76.52	-50.48
1754.92	-81.28	-40.54
1761.54	-77.64	-49.24
1768.19	-79.53	-77.05
1774.86	-83.03	-49.33
1781.56	-78.23	-71.24
1788.28	-82.93	-64.84
1795.03	-79.10	-72.83
1801.80	-80.74	-59.44
1808.60	-77.70	-66.65
1815.43	-80.18	-88.10
1822.28	-84.52	-77.00
1829.15	-80.99	-57.32
1836.06	-74.91	-62.28
1842.99	-74.26	-92.23
1849.94	-73.75	-103.59
1856.92	-72.01	-114.59
1863.93	-72.61	-143.84
1870.96	-73.36	-139.94
1878.02	-71.15	-149.30
1885.11	-70.23	-176.05
1892.22	-71.75	-179.22
1899.36	-70.57	164.05
1906.53	-70.97	152.12
1913.72	-72.14	142.97
1920.95	-72.88	127.79
1928.19	-71.58	120.46
1935.47	-73.84	114.63
1942.77	-74.58	100.21
1950.11	-75.15	116.89
1957.46	-71.43	105.82
1964.85	-70.83	87.81
1972.27	-71.07	75.47
1979.71	-71.25	69.38
1987.18	-70.15	43.36
1994.68	-74.07	41.23
2002.20	-72.08	22.28
2009.76	-73.61	4.54
2017.34	-74.32	-5.73
2024.96	-78.12	-0.66
2032.60	-78.10	-4.75
2040.27	-76.47	19.09
2047.97	-72.85	16.50
2055.70	-72.82	-28.78
2063.45	-79.03	-24.47
2071.24	-74.36	6.02
2079.06	-70.54	-27.46
2086.90	-71.00	-66.93
2094.78	-75.12	-58.23
2102.68	-73.84	-76.46
2110.62	-74.93	-82.70
2118.58	-72.42	-73.91
2126.57	-71.54	-102.26
2134.60	-71.34	-122.16
2142.65	-73.84	-146.93
2150.74	-77.29	-130.40
2158.86	-72.50	-143.46
2167.00	-74.20	-165.93
2175.18	-75.61	-163.94
2183.39	-72.74	-171.30
2191.63	-75.11	161.95
2199.90	-74.70	175.18
2208.20	-72.41	161.32
2216.53	-72.37	132.99
2224.90	-75.93	114.28
2233.29	-76.45	111.46
2241.72	-76.46	94.78
2250.18	-80.48	93.81
2258.67	-78.92	114.33
2267.19	-76.74	114.65
2275.75	-74.45	99.71
2284.34	-74.33	74.75
2292.96	-76.77	54.94
2301.61	-77.72	57.59
2310.29	-74.80	62.94
2319.01	-74.56	46.18
2327.76	-72.76	7.85
2336.55	-75.44	-9.28
2345.36	-79.16	1.69
2354.21	-76.98	-3.27
2363.10	-76.22	-26.97
2372.02	-76.00	-46.31
2380.97	-79.64	-49.10
2389.95	-84.85	-53.48
2398.97	-76.53	-34.94
2408.02	-75.81	-63.05
2417.11	-76.48	-85.94
2426.23	-76.65	-125.77
2435.39	-79.05	-106.73
2444.58	-78.40	-146.81
2453.80	-84.28	126.61
2463.06	-90.31	-9.75
2472.35	-82.90	138.38
2481.68	-88.37	-69.44
2491.05	-94.90	-77.48
2500.45	-86.31	-83.01
2509.88	-85.27	-145.75
2519.36	-85.36	-168.34
2528.86	-82.60	-173.05
2538.41	-80.97	92.82
2547.98	-90.27	-133.26
2557.60	-91.32	-46.88
2567.25	-86.33	-28.15
2576.94	-89.53	-14.42
2586.66	-87.77	102.42
2596.42	-81.22	-130.02
2606.22	-85.16	-40.83
2616.06	-90.00	-155.88
2625.93	-85.76	-160.52
2635.84	-77.42	-172.28
2645.78	-77.42	154.39
2655.77	-77.77	142.09
2665.79	-77.10	126.85
2675.85	-74.40	93.42
2685.95	-77.06	77.28
2696.08	-76.79	83.22
2706.26	-74.96	63.46
2716.47	-75.70	37.14
2726.72	-76.47	40.60
2737.01	-75.51	26.65
2747.34	-78.76	-3.22
2757.70	-79.95	-23.17
2768.11	-80.30	-23.25
2778.56	-79.67	4.82
2789.04	-77.45	-9.86
2799.57	-78.14	-41.82
2810.13	-77.32	-46.18
2820.73	-80.19	-50.53
2831.38	-75.40	-66.24
2842.06	-79.10	-91.75
2852.79	-77.30	-63.88
2863.55	-77.14	-102.31
2874.36	-76.51	-92.38
2885.21	-74.47	-116.36
2896.09	-74.80	-129.76
2907.02	-74.07	-140.65
2917.99	-73.48	-154.41
2929.00	-72.25	-170.80
2940.06	-72.00	176.88
2951.15	-71.55	152.83
2962.29	-71.96	136.52
2973.47	-71.49	123.05
2984.69	-72.61	102.51
2995.95	-74.47	93.49
3007.25	-73.43	92.09
3018.60	-70.86	80.82
3029.99	-70.35	59.51
3041.43	-71.00	48.20
3052.90	-72.13	29.80
3064.42	-71.60	24.84
3075.99	-70.35	6.50
3087.60	-71.08	-15.14
3099.25	-72.06	-22.60
3110.94	-70.54	-37.57
3122.68	-71.52	-58.83
3134.47	-71.23	-78.66
3146.29	-72.39	-86.13
3158.17	-71.88	-104.15
3170.08	-72.97	-119.92
3182.05	-73.26	-139.18
3194.05	-74.80	-153.90
3206.11	-74.72	-172.54
3218.21	-74.88	-167.10
3230.35	-73.29	172.65
3242.54	-75.08	163.46
3254.77	-76.42	156.92
3267.06	-74.27	146.44
3279.39	-74.26	124.21
3291.76	-74.35	123.93
3304.18	-72.94	105.04
3316.65	-73.14	85.23
3329.17	-72.83	71.84
3341.73	-74.33	49.86
3354.34	-74.49	40.62
3367.00	-75.41	23.77
3379.70	-76.79	17.51
3392.46	-76.08	19.82
3405.26	-74.17	-2.88
3418.11	-75.26	-24.87
3431.01	-77.65	-36.46
3443.95	-75.78	-47.92
3456.95	-76.49	-59.21
3469.99	-75.53	-87.64
3483.09	-78.80	-92.00
3496.23	-78.58	-85.87
3509.43	-76.69	-104.74
3522.67	-75.18	-124.96
3535.96	-75.62	-144.28
3549.31	-75.26	-156.21
3562.70	-72.92	175.87
3576.14	-75.90	155.12
3589.64	-76.28	141.54
3603.18	-76.96	122.96
3616.78	-75.72	98.77
3630.43	-77.74	106.87
3644.13	-77.12	84.63
3657.88	-78.50	74.03
3671.68	-79.01	64.47
3685.54	-80.09	64.21
3699.45	-80.37	45.79
3713.41	-79.39	43.76
3727.42	-78.65	50.30
3741.49	-77.27	28.37
3755.60	-75.34	-1.67
3769.78	-75.83	-18.67
3784.00	-76.54	-38.03
3798.28	-77.79	-55.88
3812.61	-77.71	-85.42
3827.00	-81.88	-105.26
3841.44	-80.64	-62.39
3855.94	-77.52	-110.58
3870.49	-80.14	-121.45
3885.09	-78.51	-138.19
3899.75	-78.97	-170.98
3914.47	-81.37	-165.83
3929.24	-80.47	-173.19
3944.07	-77.46	172.00
3958.95	-76.89	155.83
3973.89	-76.10	140.87
3988.89	-75.43	97.75
4003.94	-80.24	80.73
4019.05	-78.07	110.82
4034.22	-75.39	74.71
4049.44	-77.58	48.21
4064.72	-79.67	63.44
4080.06	-74.66	52.00
4095.46	-75.53	15.63
4110.91	-75.09	10.81
4126.42	-75.87	-8.58
4141.99	-74.67	-27.31
4157.62	-75.23	-48.44
4173.31	-75.19	-72.63
4189.06	-75.40	-85.98
4204.87	-75.17	-113.76
4220.74	-77.11	-125.44
4236.66	-77.16	-154.34
4252.65	-77.56	-168.62
4268.70	-76.67	177.39
4284.81	-78.51	151.83
4300.98	-79.89	165.48
4317.21	-74.29	172.56
4333.50	-73.69	123.23
4349.85	-74.85	95.17
4366.26	-76.43	81.48
4382.74	-77.99	70.54
4399.28	-81.10	75.67
4415.88	-77.13	85.05
4432.54	-73.96	52.18
4449.27	-75.10	25.00
4466.06	-76.05	30.81
4482.91	-72.35	22.21
4499.83	-70.38	-6.27
4516.81	-68.64	-35.09
4533.85	-68.82	-65.68
4550.96	-68.98	-91.58
4568.14	-69.43	-117.31
4585.37	-68.99	-131.99
4602.68	-68.02	-152.80
4620.05	-68.11	174.20
4637.48	-68.67	152.54
4654.98	-68.86	135.39
4672.55	-69.15	108.18
4690.18	-70.71	98.06
4707.88	-68.98	86.34
4725.64	-68.35	54.98
4743.48	-71.13	30.59
4761.38	-71.44	26.04
4779.34	-70.26	6.20
4797.38	-70.16	-14.37
4815.48	-69.80	-32.47
4833.65	-69.92	-50.34
4851.89	-70.02	-75.72
4870.20	-69.70	-91.00
4888.58	-68.79	-107.59
4907.03	-68.12	-141.96
4925.54	-70.15	-160.37
4944.13	-68.02	-172.48
4962.79	-67.56	153.63
4981.52	-68.86	129.13
5000.31	-69.15	110.80
5019.18	-68.50	92.09
5038.12	-69.56	67.40
5057.14	-68.97	54.15
5076.22	-68.61	30.47
5095.37	-71.47	6.95
5114.60	-70.37	0.69
5133.90	-69.36	-18.09
5153.27	-69.62	-47.73
5172.72	-68.77	-67.25
5192.24	-69.09	-92.13
5211.83	-69.83	-120.00
5231.50	-68.80	-128.77
5251.24	-69.22	-163.66
5271.06	-69.35	174.18
5290.95	-68.78	146.39
5310.91	-69.45	121.88
5330.96	-70.40	109.88
5351.07	-68.76	91.55
5371.27	-68.61	60.24
5391.53	-69.92	30.89
5411.88	-73.14	18.49
5432.30	-72.36	9.53
5452.80	-71.50	-6.77
5473.38	-71.43	-39.19
5494.03	-72.60	-53.30
5514.76	-72.17	-79.16
5535.57	-73.10	-81.69
5556.46	-70.86	-105.91
5577.43	-68.81	-137.58
5598.48	-69.75	-166.67
5619.60	-68.75	166.59
5640.81	-69.98	138.56
5662.10	-68.88	125.66
5683.46	-68.82	95.32
5704.91	-69.07	83.91
5726.44	-66.66	53.72
5748.05	-67.49	16.87
5769.74	-69.86	-11.99
5791.51	-71.23	-20.58
5813.36	-69.66	-48.59
5835.30	-69.47	-77.31
5857.32	-70.34	-128.19
5879.42	-76.78	-139.72
5901.61	-77.61	-142.88
5923.88	-74.64	-145.21
5946.23	-73.91	177.10
5968.67	-72.95	159.50
5991.20	-73.59	136.03
6013.80	-72.92	109.70
6036.50	-72.56	105.14
6059.28	-70.13	80.42
6082.14	-70.97	42.98
6105.09	-70.72	21.96
6128.13	-73.01	-4.35
6151.26	-73.76	-19.89
6174.47	-71.70	-24.58
6197.77	-70.81	-60.89
6221.16	-70.24	-97.77
6244.63	-72.07	-110.96
6268.20	-69.67	-131.09
6291.85	-67.34	-171.92
6315.59	-69.30	154.67
6339.42	-68.86	134.16
6363.35	-70.00	101.32
6387.36	-70.15	88.08
6411.46	-68.37	71.97
6435.66	-68.28	40.06
6459.94	-68.23	15.09
6484.32	-68.08	-12.46
6508.79	-67.54	-42.55
6533.35	-68.62	-80.66
6558.00	-70.16	-96.31
6582.75	-69.25	-115.61
6607.59	-67.48	-143.57
6632.53	-68.63	-177.44
6657.55	-68.08	156.64
6682.68	-69.35	138.15
6707.90	-66.35	122.17
6733.21	-64.92	90.39
6758.62	-64.64	52.75
6784.12	-65.61	20.09
6809.72	-66.55	5.19
6835.42	-64.10	-28.41
6861.21	-65.17	-62.21
6887.10	-65.80	-92.94
6913.09	-66.89	-115.16
6939.18	-64.63	-133.79
6965.36	-63.99	-172.96
6991.65	-64.28	158.96
7018.03	-64.52	129.33
7044.51	-62.85	111.58
7071.10	-60.74	73.39
7097.78	-62.62	29.77
7124.56	-62.09	13.14
7151.45	-60.99	-20.46
7178.44	-60.91	-59.11
7205.52	-61.51	-95.87
7232.71	-62.86	-129.68
7260.01	-61.97	-155.57
7287.40	-62.17	163.81
7314.90	-64.19	125.58
7342.51	-64.42	122.35
7370.21	-62.27	77.41
7398.03	-64.17	44.86
7425.94	-66.21	21.23
7453.97	-64.55	11.81
7482.09	-62.64	-39.87
7510.33	-66.30	-75.86
7538.67	-66.97	-76.36
7567.12	-63.18	-106.14
7595.67	-62.88	-144.42
7624.33	-61.11	175.83
7653.10	-62.36	137.03
7681.98	-61.93	115.77
7710.97	-61.14	75.43
7740.07	-61.00	34.97
7769.28	-62.96	0.42
7798.60	-63.67	-25.30
7828.02	-63.09	-58.37
7857.56	-62.43	-89.73
7887.21	-63.14	-137.28
7916.98	-66.39	-170.83
7946.85	-65.23	174.24
7976.84	-63.06	135.77
8006.94	-65.86	97.42
8037.16	-63.94	77.16
8067.49	-66.55	39.20
8097.93	-63.91	23.17
8128.49	-65.66	-15.50
8159.16	-64.32	-52.30
8189.95	-65.50	-82.22
8220.86	-64.35	-111.31
8251.88	-63.65	-152.61
8283.02	-64.12	165.45
8314.27	-64.75	144.01
8345.65	-62.55	107.35
8377.14	-63.30	58.80
8408.75	-64.41	27.66
8440.48	-65.25	3.45
8472.33	-63.83	-28.58
8504.30	-64.04	-67.84
8536.40	-64.73	-105.09
8568.61	-63.62	-138.36
8600.94	-65.08	176.76
8633.40	-65.20	144.61
8665.98	-64.88	111.83
8698.68	-64.33	82.09
8731.51	-64.30	52.23
8764.46	-63.89	6.85
8797.53	-65.54	-25.88
8830.73	-65.74	-57.14
8864.05	-64.70	-85.83
8897.50	-64.30	-134.18
8931.07	-64.54	-167.12
8964.78	-64.37	158.69
8998.61	-62.50	121.75
9032.56	-62.51	72.09
9066.65	-63.92	37.57
9100.86	-62.52	4.89
9135.20	-63.64	-42.17
9169.68	-64.51	-85.16
9204.28	-65.46	-119.41
9239.01	-65.06	-161.37
9273.88	-66.14	159.55
9308.87	-66.86	133.88
9344.00	-64.41	102.02
9379.26	-65.73	53.49
9414.65	-65.46	29.33
9450.18	-64.91	-8.67
9485.84	-64.48	-52.28
9521.64	-65.43	-94.50
9557.57	-65.04	-133.34
9593.64	-65.01	-178.17
9629.84	-64.55	143.87
9666.18	-65.13	98.77
9702.65	-65.89	64.63
9739.27	-64.92	33.10
9776.02	-65.16	-11.06
9812.91	-65.77	-55.84
9849.94	-65.92	-96.96
9887.11	-66.47	-133.65
9924.42	-65.50	175.31
9961.87	-66.15	141.13
9999.46	-65.23	96.68
10037.19	-66.13	49.39
10075.07	-68.08	15.81
10113.09	-67.49	-8.99
10151.25	-66.53	-62.70
10189.55	-68.08	-108.58
10228.01	-67.59	-143.70
10266.60	-67.42	163.83
10305.34	-68.74	126.21
10344.23	-67.55	87.89
10383.27	-67.94	47.06
10422.45	-69.64	5.81
10461.78	-70.17	-27.31
10501.26	-70.15	-67.64
10540.88	-69.54	-118.90
10580.66	-71.08	-159.89
10620.59	-69.49	152.69
10660.66	-71.29	110.14
10700.89	-71.92	91.44
10741.27	-69.03	53.12
10781.81	-69.36	18.50
10822.49	-67.60	-23.88
10863.33	-67.44	-77.60
10904.33	-66.94	-124.88
10945.47	-67.46	-176.96
10986.78	-66.69	143.26
11028.24	-65.60	94.14
11069.85	-65.83	49.88
11111.63	-65.99	8.35
11153.56	-64.35	-44.02
11195.64	-65.89	-94.57
11237.89	-65.03	-145.86
11280.30	-64.65	164.64
11322.87	-64.01	109.35
11365.59	-64.69	53.74
11408.48	-66.55	12.87
11451.53	-66.33	-33.97
11494.75	-67.71	-96.17
11538.12	-69.56	-139.91
11581.66	-68.47	160.84
11625.37	-70.19	117.73
11669.24	-70.13	74.46
11713.27	-72.62	24.91
11757.47	-73.66	-1.37
11801.84	-78.39	-50.90
11846.37	-78.63	-71.54
11891.08	-75.77	-117.56
11935.95	-76.30	-178.10
11980.99	-75.26	148.93
12026.20	-72.15	104.77
12071.58	-72.34	57.84
12117.14	-72.35	22.26
12162.86	-71.62	-27.34
12208.76	-71.62	-90.44
12254.83	-73.39	-134.74
12301.07	-70.52	172.47
12347.49	-69.82	117.03
12394.08	-68.40	71.10
12440.85	-68.76	10.96
12487.80	-69.93	-40.30
12534.92	-71.26	-89.74
12582.23	-70.56	-149.06
12629.71	-71.03	154.39
12677.37	-69.81	109.37
12725.20	-70.37	54.48
12773.22	-71.05	12.52
12821.42	-72.43	-44.39
12869.81	-74.83	-97.08
12918.37	-74.33	-140.67
12967.12	-74.46	155.04
13016.05	-71.99	121.88
13065.17	-70.52	65.70
13114.47	-72.06	12.90
13163.96	-72.03	-38.06
13213.64	-74.51	-94.28
13263.50	-73.87	-141.92
13313.55	-71.70	151.27
13363.79	-71.92	105.00
13414.22	-70.07	55.50
13464.84	-71.78	-1.35
13515.65	-71.73	-57.32
13566.65	-73.61	-130.99
13617.84	-74.50	179.25
13669.23	-73.33	121.93
13720.81	-73.09	71.78
13772.59	-74.46	29.50
13824.56	-73.35	-14.17
13876.73	-74.88	-91.57
13929.09	-76.01	-137.92
13981.66	-73.50	151.78
14034.42	-74.02	104.14
14087.38	-71.75	48.14
14140.54	-72.86	4.32
14193.90	-72.79	-58.54
14247.46	-73.82	-118.43
14301.22	-72.97	176.78
14355.19	-71.74	121.48
14409.36	-71.25	73.95
14463.73	-70.31	9.81
14518.31	-72.02	-45.67
14573.10	-71.72	-113.90
14628.09	-70.84	-179.57
14683.29	-70.31	116.23
14738.70	-70.45	64.20
14794.32	-70.39	8.09
14850.15	-71.54	-63.16
14906.18	-73.25	-121.73
14962.43	-71.29	172.41
15018.90	-71.03	109.45
15075.57	-70.23	47.93
15132.46	-71.77	-12.41
15189.56	-74.31	-69.17
15246.88	-77.07	-141.60
15304.42	-75.19	166.50
15362.17	-73.26	105.93
15420.14	-71.86	54.96
15478.33	-72.42	-6.74
15536.74	-73.99	-70.19
15595.37	-75.18	-148.56
15654.22	-72.95	150.64
15713.29	-71.91	84.72
15772.58	-73.40	25.61
15832.10	-74.71	-31.69
15891.85	-77.46	-90.10
15951.81	-74.93	-160.57
16012.01	-73.67	132.66
16072.43	-71.92	74.05
16133.08	-72.09	11.34
16193.96	-73.35	-49.00
16255.07	-73.24	-125.16
16316.41	-72.11	159.07
16377.98	-71.17	88.71
16439.79	-71.56	31.20
16501.82	-72.69	-33.50
16564.09	-73.45	-109.89
16626.60	-73.52	167.74
16689.34	-72.67	102.17
16752.32	-72.98	44.18
16815.54	-73.38	-14.11
16878.99	-75.85	-90.77
16942.69	-75.94	-172.77
17006.62	-75.35	112.94
17070.79	-75.65	58.18
17135.21	-76.08	17.79
17199.87	-78.15	-35.78
17264.78	-78.29	-116.78
17329.93	-75.79	165.11
17395.32	-72.99	98.01
17460.97	-70.97	36.54
17526.86	-71.50	-35.01
17593.00	-71.50	-121.24
17659.38	-71.10	152.61
17726.02	-69.48	76.75
17792.91	-70.43	8.76
17860.06	-71.49	-67.90
17927.45	-72.42	-154.19
17995.10	-71.05	126.62
18063.01	-71.28	57.25
18131.17	-72.45	-11.13
18199.59	-74.96	-88.00
18268.27	-74.01	-174.62
18337.21	-73.66	105.70
18406.40	-73.26	40.53
18475.86	-75.92	-22.52
18545.58	-79.61	-103.30
18615.56	-78.31	170.18
18685.81	-74.32	102.04
18756.32	-74.63	37.93
18827.10	-75.03	-27.47
18898.15	-76.74	-117.82
18969.46	-74.37	151.02
19041.04	-73.48	72.06
19112.90	-75.07	3.39
19185.02	-78.54	-73.30
19257.42	-78.70	-165.27
19330.09	-76.64	109.54
19403.03	-75.47	45.71
19476.25	-77.86	-16.68
19549.74	-81.06	-115.61
19623.51	-78.75	150.83
19697.56	-76.63	83.37
19771.89	-76.76	23.41
19846.51	-79.87	-61.01
19921.40	-51.69	-60.46
19996.57	-76.77	102.25
20072.03	-77.05	32.08
20147.78	-80.77	-35.65
20223.80	-84.16	-154.31
20300.12	-80.28	107.11
20376.72	-79.60	52.77
20453.62	-83.36	1.93
20530.80	-88.80	96.37
20608.28	-87.74	62.63
20686.04	-83.88	106.59
20764.10	-79.10	57.69
20842.46	-80.80	-7.00
20921.11	-84.89	-80.45
21000.06	-79.31	126.05
21079.30	-77.18	47.44
21158.85	-80.05	-23.82
21238.69	-84.39	-147.93
21318.84	-79.37	110.44
21399.29	-77.44	46.19
21480.04	-81.53	-39.58
21561.09	-83.60	-173.71
21642.46	-79.43	94.22
21724.12	-79.32	28.15
21806.10	-86.21	-120.83
21888.39	-85.64	99.74
21970.99	-82.71	69.23
22053.89	-84.02	44.48
22137.12	-86.46	37.81
22220.65	-87.67	100.38
22304.50	-83.82	64.11
