Freq[Hz]	[dBV]	Phase[Deg]
10.00	-62.81	76.33
10.04	-62.99	78.68
10.08	-63.17	81.04
10.11	-63.35	83.40
10.15	-63.53	85.77
10.19	-63.71	88.14
10.23	-63.89	90.52
10.27	-64.08	92.89
10.31	-64.26	95.27
10.34	-64.44	97.64
10.38	-64.62	100.01
10.42	-64.80	102.38
10.46	-64.98	104.74
10.50	-65.16	107.09
10.54	-65.34	109.43
10.58	-65.52	111.76
10.62	-65.70	114.09
10.66	-65.88	116.39
10.70	-66.05	118.68
10.74	-66.22	120.96
10.78	-66.39	123.21
10.82	-66.56	125.44
10.86	-66.73	127.65
10.90	-66.89	129.84
10.95	-67.05	132.00
10.99	-67.21	134.13
11.03	-67.36	136.24
11.07	-67.52	138.31
11.11	-67.66	140.34
11.15	-67.81	142.34
11.20	-67.94	144.30
11.24	-68.08	146.22
11.28	-68.21	148.10
11.32	-68.33	149.93
11.37	-68.45	151.72
11.41	-68.57	153.45
11.45	-68.67	155.14
11.50	-68.77	156.76
11.54	-68.87	158.34
11.58	-68.96	159.85
11.63	-69.04	161.30
11.67	-69.11	162.68
11.71	-69.18	164.00
11.76	-69.24	165.25
11.80	-69.29	166.43
11.85	-69.33	167.54
11.89	-69.37	168.58
11.94	-69.40	169.56
11.98	-69.42	170.46
12.03	-69.43	171.31
12.07	-69.43	172.08
12.12	-69.43	172.79
12.16	-69.42	173.44
12.21	-69.41	174.03
12.26	-69.38	174.55
12.30	-69.35	175.02
12.35	-69.31	175.43
12.39	-69.27	175.77
12.44	-69.22	176.06
12.49	-69.16	176.30
12.54	-69.10	176.48
12.58	-69.03	176.60
12.63	-68.95	176.68
12.68	-68.87	176.70
12.73	-68.78	176.67
12.77	-68.69	176.60
12.82	-68.59	176.47
12.87	-68.48	176.31
12.92	-68.37	176.09
12.97	-68.26	175.84
13.02	-68.14	175.54
13.07	-68.02	175.21
13.12	-67.89	174.84
13.16	-67.75	174.43
13.21	-67.62	173.98
13.26	-67.47	173.51
13.31	-67.33	173.00
13.36	-67.18	172.47
13.41	-67.03	171.91
13.47	-66.87	171.32
13.52	-66.71	170.71
13.57	-66.55	170.08
13.62	-66.39	169.43
13.67	-66.22	168.76
13.72	-66.05	168.08
13.77	-65.88	167.39
13.83	-65.71	166.69
13.88	-65.53	165.98
13.93	-65.36	165.27
13.98	-65.18	164.55
14.04	-65.01	163.83
14.09	-64.83	163.12
14.14	-64.65	162.41
14.19	-64.48	161.71
14.25	-64.30	161.02
14.30	-64.13	160.34
14.36	-63.95	159.68
14.41	-63.78	159.04
14.46	-63.61	158.43
14.52	-63.44	157.84
14.57	-63.28	157.27
14.63	-63.11	156.74
14.68	-62.95	156.25
14.74	-62.80	155.79
14.80	-62.64	155.37
14.85	-62.49	154.98
14.91	-62.34	154.62
14.96	-62.20	154.30
15.02	-62.06	154.02
15.08	-61.92	153.76
15.13	-61.78	153.54
15.19	-61.65	153.35
15.25	-61.52	153.19
15.31	-61.40	153.06
15.36	-61.27	152.96
15.42	-61.15	152.88
15.48	-61.04	152.84
15.54	-60.92	152.82
15.60	-60.81	152.82
15.66	-60.70	152.85
15.71	-60.59	152.90
15.77	-60.49	152.98
15.83	-60.38	153.08
15.89	-60.28	153.19
15.95	-60.19	153.33
16.01	-60.09	153.49
16.07	-60.00	153.66
16.13	-59.91	153.85
16.19	-59.82	154.06
16.26	-59.73	154.28
16.32	-59.65	154.51
16.38	-59.56	154.76
16.44	-59.48	155.02
16.50	-59.40	155.28
16.56	-59.33	155.55
16.63	-59.25	155.83
16.69	-59.17	156.12
16.75	-59.10	156.41
16.82	-59.03	156.70
16.88	-58.96	156.99
16.94	-58.89	157.28
17.01	-58.82	157.57
17.07	-58.75	157.86
17.14	-58.69	158.14
17.20	-58.62	158.41
17.27	-58.56	158.68
17.33	-58.49	158.93
17.40	-58.43	159.18
17.46	-58.36	159.41
17.53	-58.30	159.62
17.59	-58.24	159.82
17.66	-58.17	159.99
17.73	-58.11	160.15
17.79	-58.05	160.29
17.86	-57.98	160.41
17.93	-57.92	160.52
18.00	-57.86	160.61
18.06	-57.79	160.68
18.13	-57.73	160.73
18.20	-57.67	160.77
18.27	-57.60	160.79
18.34	-57.54	160.79
18.41	-57.47	160.78
18.48	-57.41	160.76
18.55	-57.34	160.72
18.62	-57.28	160.66
18.69	-57.21	160.60
18.76	-57.14	160.52
18.83	-57.08	160.42
18.90	-57.01	160.32
18.97	-56.94	160.20
19.04	-56.87	160.07
19.11	-56.80	159.93
19.19	-56.73	159.78
19.26	-56.66	159.62
19.33	-56.59	159.45
19.40	-56.52	159.27
19.48	-56.45	159.08
19.55	-56.37	158.89
19.62	-56.30	158.69
19.70	-56.22	158.48
19.77	-56.15	158.26
19.85	-56.07	158.04
19.92	-55.99	157.82
20.00	-55.91	157.59
20.07	-55.83	157.36
20.15	-55.75	157.13
20.22	-55.66	156.89
20.30	-55.58	156.66
20.38	-55.49	156.42
20.45	-55.41	156.18
20.53	-55.32	155.95
20.61	-55.23	155.72
20.69	-55.13	155.48
20.77	-55.04	155.25
20.84	-54.95	155.02
20.92	-54.85	154.79
21.00	-54.75	154.56
21.08	-54.65	154.33
21.16	-54.55	154.10
21.24	-54.45	153.87
21.32	-54.35	153.63
21.40	-54.24	153.40
21.48	-54.13	153.16
21.56	-54.03	152.91
21.64	-53.92	152.67
21.73	-53.81	152.42
21.81	-53.70	152.16
21.89	-53.59	151.90
21.97	-53.48	151.64
22.06	-53.36	151.37
22.14	-53.25	151.09
22.22	-53.14	150.81
22.31	-53.02	150.52
22.39	-52.90	150.22
22.47	-52.79	149.91
22.56	-52.67	149.59
22.64	-52.55	149.27
22.73	-52.43	148.93
22.82	-52.31	148.58
22.90	-52.19	148.22
22.99	-52.07	147.85
23.07	-51.95	147.47
23.16	-51.83	147.07
23.25	-51.71	146.66
23.34	-51.59	146.23
23.43	-51.47	145.79
23.51	-51.35	145.33
23.60	-51.23	144.85
23.69	-51.10	144.36
23.78	-50.98	143.85
23.87	-50.86	143.33
23.96	-50.74	142.78
24.05	-50.62	142.22
24.14	-50.50	141.63
24.23	-50.38	141.03
24.32	-50.26	140.41
24.42	-50.14	139.77
24.51	-50.02	139.10
24.60	-49.90	138.42
24.69	-49.78	137.71
24.79	-49.66	136.98
24.88	-49.55	136.22
24.97	-49.43	135.45
25.07	-49.31	134.65
25.16	-49.20	133.82
25.26	-49.08	132.97
25.35	-48.97	132.09
25.45	-48.85	131.19
25.54	-48.74	130.26
25.64	-48.63	129.30
25.74	-48.52	128.32
25.84	-48.41	127.31
25.93	-48.30	126.26
26.03	-48.19	125.19
26.13	-48.08	124.09
26.23	-47.98	122.96
26.33	-47.87	121.79
26.43	-47.77	120.59
26.53	-47.67	119.36
26.63	-47.57	118.10
26.73	-47.47	116.81
26.83	-47.38	115.50
26.93	-47.28	114.15
27.03	-47.19	112.78
27.13	-47.11	111.39
27.23	-47.02	109.97
27.34	-46.94	108.53
27.44	-46.87	107.07
27.54	-46.80	105.59
27.65	-46.73	104.09
27.75	-46.67	102.58
27.86	-46.61	101.05
27.96	-46.56	99.52
28.07	-46.52	97.97
28.17	-46.48	96.41
28.28	-46.45	94.84
28.39	-46.43	93.27
28.49	-46.41	91.70
28.60	-46.40	90.12
28.71	-46.40	88.54
28.82	-46.41	86.96
28.93	-46.43	85.39
29.03	-46.46	83.83
29.14	-46.50	82.27
29.25	-46.55	80.72
29.36	-46.61	79.18
29.48	-46.68	77.66
29.59	-46.76	76.16
29.70	-46.85	74.66
29.81	-46.95	73.19
29.92	-47.06	71.73
30.04	-47.18	70.29
30.15	-47.31	68.87
30.26	-47.45	67.47
30.38	-47.59	66.09
30.49	-47.75	64.73
30.61	-47.91	63.40
30.72	-48.07	62.09
30.84	-48.24	60.81
30.95	-48.42	59.56
31.07	-48.61	58.33
31.19	-48.79	57.14
31.31	-48.98	55.97
31.42	-49.18	54.83
31.54	-49.38	53.73
31.66	-49.58	52.67
31.78	-49.78	51.64
31.90	-49.99	50.64
32.02	-50.19	49.69
32.14	-50.40	48.77
32.26	-50.60	47.90
32.39	-50.81	47.07
32.51	-51.01	46.28
32.63	-51.22	45.53
32.75	-51.43	44.83
32.88	-51.64	44.17
33.00	-51.85	43.55
33.13	-52.06	42.98
33.25	-52.28	42.46
33.38	-52.51	41.98
33.50	-52.74	41.54
33.63	-52.98	41.15
33.76	-53.23	40.81
33.88	-53.48	40.51
34.01	-53.75	40.26
34.14	-54.02	40.05
34.27	-54.31	39.89
34.40	-54.61	39.78
34.53	-54.92	39.72
34.66	-55.25	39.71
34.79	-55.59	39.74
34.92	-55.95	39.82
35.05	-56.33	39.96
35.18	-56.72	40.14
35.32	-57.14	40.37
35.45	-57.57	40.66
35.58	-58.01	41.02
35.72	-58.47	41.45
35.85	-58.93	41.96
35.99	-59.40	42.56
36.12	-59.87	43.26
36.26	-60.34	44.07
36.40	-60.81	44.98
36.53	-61.28	46.02
36.67	-61.74	47.19
36.81	-62.18	48.51
36.95	-62.61	49.97
37.09	-63.02	51.59
37.23	-63.41	53.37
37.37	-63.78	55.34
37.51	-64.11	57.49
37.65	-64.42	59.84
37.79	-64.69	62.40
37.94	-64.92	65.18
38.08	-65.11	68.19
38.22	-65.25	71.43
38.37	-65.35	74.89
38.51	-65.40	78.54
38.66	-65.42	82.37
38.80	-65.39	86.35
38.95	-65.33	90.44
39.10	-65.23	94.63
39.24	-65.10	98.89
39.39	-64.93	103.19
39.54	-64.74	107.50
39.69	-64.52	111.80
39.84	-64.28	116.06
39.99	-64.01	120.24
40.14	-63.73	124.32
40.29	-63.43	128.27
40.45	-63.11	132.05
40.60	-62.78	135.63
40.75	-62.45	138.98
40.90	-62.10	142.07
41.06	-61.75	144.85
41.21	-61.41	147.32
41.37	-61.06	149.49
41.53	-60.70	151.37
41.68	-60.35	152.98
41.84	-60.00	154.34
42.00	-59.65	155.46
42.16	-59.30	156.37
42.32	-58.96	157.09
42.47	-58.61	157.63
42.63	-58.27	158.01
42.80	-57.93	158.26
42.96	-57.59	158.40
43.12	-57.26	158.44
43.28	-56.94	158.41
43.45	-56.61	158.34
43.61	-56.30	158.24
43.77	-55.99	158.14
43.94	-55.69	158.06
44.10	-55.39	158.03
44.27	-55.10	158.04
44.44	-54.82	158.09
44.61	-54.55	158.18
44.77	-54.28	158.31
44.94	-54.02	158.46
45.11	-53.76	158.64
45.28	-53.51	158.84
45.45	-53.27	159.05
45.63	-53.03	159.27
45.80	-52.80	159.50
45.97	-52.57	159.73
46.14	-52.35	159.95
46.32	-52.13	160.17
46.49	-51.91	160.37
46.67	-51.69	160.55
46.84	-51.48	160.71
47.02	-51.28	160.83
47.20	-51.07	160.92
47.38	-50.87	160.99
47.56	-50.67	161.02
47.74	-50.47	161.03
47.92	-50.27	161.01
48.10	-50.08	160.97
48.28	-49.88	160.91
48.46	-49.69	160.83
48.64	-49.50	160.73
48.83	-49.31	160.61
49.01	-49.13	160.47
49.20	-48.94	160.33
49.38	-48.76	160.17
49.57	-48.58	160.01
49.75	-48.39	159.83
49.94	-48.21	159.65
50.13	-48.03	159.47
50.32	-47.85	159.28
50.51	-47.67	159.09
50.70	-47.50	158.89
50.89	-47.32	158.69
51.08	-47.14	158.48
51.28	-46.96	158.27
51.47	-46.78	158.06
51.66	-46.61	157.84
51.86	-46.43	157.62
52.05	-46.25	157.39
52.25	-46.07	157.16
52.45	-45.89	156.93
52.65	-45.71	156.69
52.85	-45.53	156.45
53.04	-45.35	156.21
53.24	-45.17	155.96
53.45	-44.99	155.70
53.65	-44.81	155.44
53.85	-44.62	155.18
54.05	-44.44	154.90
54.26	-44.26	154.61
54.46	-44.07	154.32
54.67	-43.89	154.02
54.87	-43.70	153.70
55.08	-43.52	153.37
55.29	-43.34	153.03
55.50	-43.15	152.68
55.71	-42.97	152.31
55.92	-42.79	151.92
56.13	-42.61	151.52
56.34	-42.42	151.11
56.55	-42.24	150.68
56.77	-42.06	150.24
56.98	-41.88	149.79
57.19	-41.70	149.33
57.41	-41.51	148.85
57.63	-41.33	148.37
57.84	-41.15	147.88
58.06	-40.97	147.39
58.28	-40.78	146.89
58.50	-40.60	146.38
58.72	-40.42	145.87
58.94	-40.23	145.35
59.17	-40.05	144.83
59.39	-39.87	144.30
59.61	-39.68	143.76
59.84	-39.50	143.21
60.06	-39.31	142.65
60.29	-39.13	142.08
60.52	-38.95	141.50
60.75	-38.76	140.90
60.98	-38.58	140.28
61.21	-38.40	139.64
61.44	-38.22	138.99
61.67	-38.04	138.31
61.90	-37.86	137.61
62.14	-37.68	136.89
62.37	-37.51	136.14
62.61	-37.33	135.37
62.84	-37.16	134.57
63.08	-36.98	133.75
63.32	-36.81	132.90
63.56	-36.63	132.03
63.80	-36.46	131.12
64.04	-36.28	130.19
64.28	-36.11	129.23
64.52	-35.93	128.23
64.76	-35.75	127.21
65.01	-35.58	126.16
65.25	-35.40	125.07
65.50	-35.22	123.95
65.75	-35.05	122.80
66.00	-34.87	121.61
66.24	-34.70	120.40
66.49	-34.53	119.15
66.75	-34.36	117.87
67.00	-34.20	116.56
67.25	-34.04	115.21
67.50	-33.88	113.83
67.76	-33.73	112.41
68.01	-33.58	110.96
68.27	-33.44	109.49
68.53	-33.30	107.98
68.79	-33.17	106.44
69.05	-33.05	104.88
69.31	-32.93	103.29
69.57	-32.81	101.67
69.83	-32.70	100.03
70.09	-32.60	98.37
70.36	-32.50	96.69
70.62	-32.41	94.99
70.89	-32.32	93.27
71.16	-32.24	91.54
71.43	-32.17	89.80
71.70	-32.10	88.04
71.97	-32.05	86.28
72.24	-32.00	84.52
72.51	-31.96	82.76
72.79	-31.92	81.00
73.06	-31.90	79.25
73.34	-31.89	77.50
73.61	-31.88	75.77
73.89	-31.89	74.05
74.17	-31.90	72.35
74.45	-31.92	70.67
74.73	-31.94	69.02
75.01	-31.98	67.39
75.29	-32.01	65.80
75.58	-32.06	64.24
75.86	-32.10	62.73
76.15	-32.15	61.25
76.44	-32.20	59.83
76.73	-32.25	58.45
77.02	-32.30	57.11
77.31	-32.36	55.82
77.60	-32.42	54.57
77.89	-32.49	53.35
78.18	-32.55	52.18
78.48	-32.63	51.04
78.78	-32.70	49.94
79.07	-32.78	48.86
79.37	-32.87	47.82
79.67	-32.97	46.80
79.97	-33.06	45.81
80.27	-33.16	44.85
80.58	-33.26	43.90
80.88	-33.37	42.97
81.19	-33.47	42.06
81.49	-33.57	41.15
81.80	-33.67	40.26
82.11	-33.77	39.37
82.42	-33.86	38.49
82.73	-33.95	37.62
83.04	-34.04	36.75
83.35	-34.13	35.90
83.67	-34.21	35.07
83.99	-34.29	34.25
84.30	-34.38	33.46
84.62	-34.46	32.69
84.94	-34.55	31.94
85.26	-34.64	31.23
85.58	-34.73	30.55
85.90	-34.82	29.89
86.23	-34.91	29.26
86.55	-35.00	28.66
86.88	-35.09	28.08
87.21	-35.18	27.53
87.54	-35.27	27.00
87.87	-35.36	26.49
88.20	-35.44	25.99
88.53	-35.53	25.52
88.87	-35.61	25.06
89.20	-35.69	24.62
89.54	-35.76	24.19
89.88	-35.84	23.76
90.22	-35.91	23.35
90.56	-35.99	22.95
90.90	-36.06	22.54
91.24	-36.13	22.15
91.59	-36.20	21.75
91.93	-36.26	21.36
92.28	-36.33	20.97
92.63	-36.39	20.57
92.98	-36.45	20.18
93.33	-36.52	19.79
93.68	-36.58	19.39
94.03	-36.64	19.00
94.39	-36.69	18.60
94.74	-36.75	18.21
95.10	-36.81	17.82
95.46	-36.86	17.44
95.82	-36.92	17.08
96.18	-36.98	16.73
96.54	-37.03	16.41
96.91	-37.09	16.10
97.27	-37.15	15.82
97.64	-37.21	15.57
98.01	-37.26	15.32
98.38	-37.32	15.10
98.75	-37.39	14.88
99.12	-37.45	14.67
99.50	-37.51	14.46
99.87	-37.58	14.25
100.25	-37.64	14.04
100.63	-37.71	13.83
101.01	-37.77	13.62
101.39	-37.83	13.40
101.77	-37.88	13.19
102.16	-37.93	12.97
102.54	-37.97	12.75
102.93	-38.00	12.52
103.32	-38.03	12.30
103.71	-38.05	12.09
104.10	-38.07	11.88
104.49	-38.09	11.69
104.88	-38.12	11.51
105.28	-38.15	11.36
105.68	-38.20	11.23
106.08	-38.25	11.12
106.48	-38.32	11.01
106.88	-38.39	10.91
107.28	-38.46	10.79
107.69	-38.53	10.63
108.09	-38.59	10.44
108.50	-38.65	10.19
108.91	-38.70	9.87
109.32	-38.73	9.51
109.73	-38.77	9.13
110.15	-38.80	8.74
110.56	-38.82	8.37
110.98	-38.85	8.03
111.40	-38.88	7.74
111.82	-38.91	7.52
112.24	-38.94	7.36
112.67	-38.97	7.25
113.09	-39.01	7.17
113.52	-39.05	7.11
113.95	-39.08	7.06
114.38	-39.12	7.01
114.81	-39.16	6.94
115.24	-39.19	6.86
115.68	-39.23	6.76
116.11	-39.26	6.66
116.55	-39.30	6.53
116.99	-39.33	6.39
117.43	-39.37	6.24
117.87	-39.40	6.08
118.32	-39.44	5.92
118.77	-39.47	5.76
119.21	-39.51	5.61
119.66	-39.55	5.49
120.12	-39.59	5.39
120.57	-39.63	5.33
121.02	-39.67	5.29
121.48	-39.71	5.26
121.94	-39.75	5.20
122.40	-39.78	5.10
122.86	-39.81	4.95
123.32	-39.84	4.72
123.79	-39.85	4.42
124.26	-39.87	4.09
124.73	-39.87	3.76
125.20	-39.88	3.47
125.67	-39.88	3.25
126.14	-39.89	3.15
126.62	-39.90	3.16
127.10	-39.90	3.26
127.58	-39.92	3.40
128.06	-39.93	3.54
128.54	-39.95	3.64
129.03	-39.98	3.65
129.51	-40.01	3.55
130.00	-40.05	3.36
130.49	-40.09	3.11
130.98	-40.13	2.84
131.48	-40.17	2.58
131.98	-40.21	2.35
132.47	-40.24	2.18
132.97	-40.27	2.05
133.48	-40.30	1.97
133.98	-40.32	1.93
134.48	-40.35	1.91
134.99	-40.37	1.91
135.50	-40.40	1.93
136.01	-40.43	1.94
136.53	-40.46	1.95
137.04	-40.48	1.95
137.56	-40.51	1.93
138.08	-40.53	1.87
138.60	-40.55	1.79
139.12	-40.57	1.69
139.65	-40.59	1.57
140.17	-40.60	1.45
140.70	-40.61	1.32
141.23	-40.61	1.20
141.77	-40.62	1.08
142.30	-40.62	0.97
142.84	-40.63	0.88
143.38	-40.64	0.79
143.92	-40.66	0.73
144.46	-40.69	0.67
145.01	-40.72	0.61
145.55	-40.76	0.54
146.10	-40.79	0.44
146.65	-40.82	0.29
147.21	-40.85	0.11
147.76	-40.88	-0.07
148.32	-40.90	-0.21
148.88	-40.92	-0.28
149.44	-40.94	-0.23
150.01	-40.96	-0.04
150.57	-40.98	0.22
151.14	-41.00	0.47
151.71	-41.02	0.64
152.28	-41.05	0.63
152.86	-41.08	0.39
153.43	-41.12	-0.02
154.01	-41.16	-0.52
154.59	-41.18	-1.00
155.18	-41.19	-1.34
155.76	-41.17	-1.48
156.35	-41.15	-1.42
156.94	-41.11	-1.25
157.53	-41.08	-1.03
158.13	-41.06	-0.86
158.72	-41.07	-0.80
159.32	-41.10	-0.84
159.93	-41.13	-0.96
160.53	-41.18	-1.12
161.13	-41.21	-1.30
161.74	-41.24	-1.47
162.35	-41.26	-1.62
162.97	-41.27	-1.76
163.58	-41.27	-1.87
164.20	-41.28	-1.95
164.82	-41.29	-2.02
165.44	-41.30	-2.08
166.06	-41.30	-2.15
166.69	-41.31	-2.27
167.32	-41.30	-2.43
167.95	-41.29	-2.64
168.58	-41.28	-2.83
169.22	-41.28	-2.95
169.86	-41.29	-2.95
170.50	-41.33	-2.79
171.14	-41.37	-2.55
171.79	-41.43	-2.31
172.44	-41.47	-2.20
173.09	-41.50	-2.32
173.74	-41.52	-2.68
174.40	-41.52	-3.17
175.06	-41.51	-3.64
175.72	-41.50	-3.95
176.38	-41.50	-3.99
177.04	-41.50	-3.81
177.71	-41.51	-3.52
178.38	-41.52	-3.24
179.06	-41.53	-3.07
179.73	-41.55	-3.04
180.41	-41.56	-3.11
181.09	-41.57	-3.24
181.77	-41.58	-3.37
182.46	-41.57	-3.46
183.15	-41.56	-3.54
183.84	-41.56	-3.60
184.53	-41.56	-3.67
185.23	-41.57	-3.76
185.93	-41.60	-3.89
186.63	-41.62	-4.05
187.33	-41.65	-4.25
188.04	-41.67	-4.50
188.75	-41.68	-4.77
189.46	-41.69	-5.02
190.18	-41.69	-5.19
190.90	-41.70	-5.26
191.62	-41.71	-5.23
192.34	-41.73	-5.17
193.07	-41.75	-5.15
193.79	-41.78	-5.21
194.53	-41.81	-5.34
195.26	-41.83	-5.47
196.00	-41.83	-5.51
196.74	-41.82	-5.40
197.48	-41.78	-5.17
198.22	-41.75	-4.96
198.97	-41.75	-4.89
199.72	-41.79	-5.08
200.48	-41.86	-5.50
201.23	-41.93	-5.99
201.99	-41.97	-6.39
202.75	-41.95	-6.56
203.52	-41.88	-6.52
204.29	-41.80	-6.37
205.06	-41.75	-6.22
205.83	-41.75	-6.17
206.61	-41.79	-6.19
207.39	-41.84	-6.28
208.17	-41.89	-6.41
208.96	-41.91	-6.56
209.74	-41.91	-6.71
210.54	-41.91	-6.83
211.33	-41.92	-6.92
212.13	-41.92	-6.97
212.93	-41.93	-7.01
213.73	-41.92	-7.05
214.54	-41.89	-7.12
215.35	-41.86	-7.20
216.16	-41.84	-7.25
216.98	-41.88	-7.24
217.80	-41.97	-7.16
218.62	-42.07	-7.09
219.44	-42.13	-7.15
220.27	-42.13	-7.40
221.10	-42.06	-7.79
221.94	-41.98	-8.16
222.77	-41.93	-8.36
223.61	-41.96	-8.30
224.46	-42.02	-8.09
225.30	-42.09	-7.90
226.15	-42.13	-7.86
227.01	-42.14	-7.98
227.86	-42.13	-8.13
228.72	-42.11	-8.21
229.59	-42.10	-8.17
230.45	-42.10	-8.07
231.32	-42.10	-8.02
232.20	-42.10	-8.08
233.07	-42.10	-8.24
233.95	-42.10	-8.42
234.84	-42.07	-8.57
235.72	-42.04	-8.66
236.61	-42.02	-8.75
237.50	-42.01	-8.85
238.40	-42.03	-9.01
239.30	-42.06	-9.19
240.20	-42.07	-9.35
241.11	-42.05	-9.48
242.02	-42.02	-9.60
242.93	-42.02	-9.75
243.85	-42.08	-9.95
244.77	-42.17	-10.18
245.69	-42.23	-10.35
246.62	-42.19	-10.41
247.55	-42.08	-10.34
248.48	-41.98	-10.22
249.42	-41.97	-10.12
250.36	-42.07	-10.07
251.31	-42.20	-10.11
252.26	-42.28	-10.23
253.21	-42.27	-10.43
254.16	-42.23	-10.66
255.12	-42.18	-10.84
256.09	-42.18	-10.96
257.05	-42.19	-11.03
258.02	-42.20	-11.11
259.00	-42.20	-11.22
259.97	-42.22	-11.36
260.95	-42.26	-11.54
261.94	-42.34	-11.75
262.93	-42.39	-11.93
263.92	-42.36	-12.06
264.92	-42.25	-12.09
265.92	-42.13	-12.08
266.92	-42.12	-12.05
267.93	-42.24	-12.05
268.94	-42.38	-12.08
269.95	-42.44	-12.16
270.97	-42.38	-12.28
271.99	-42.29	-12.37
273.02	-42.25	-12.40
274.05	-42.27	-12.37
275.08	-42.32	-12.37
276.12	-42.33	-12.45
277.16	-42.32	-12.59
278.21	-42.32	-12.71
279.26	-42.34	-12.74
280.31	-42.38	-12.76
281.37	-42.42	-12.90
282.43	-42.44	-13.23
283.50	-42.45	-13.57
284.57	-42.46	-13.70
285.64	-42.47	-13.60
286.72	-42.48	-13.51
287.80	-42.48	-13.67
288.89	-42.47	-13.95
289.98	-42.48	-13.95
291.07	-42.50	-13.43
292.17	-42.52	-12.87
293.27	-42.51	-12.97
294.38	-42.46	-13.91
295.49	-42.41	-14.79
296.61	-42.40	-14.71
297.73	-42.43	-13.82
298.85	-42.46	-13.07
299.98	-42.49	-13.17
301.11	-42.49	-13.79
302.25	-42.49	-14.31
303.39	-42.49	-14.51
304.53	-42.48	-14.55
305.68	-42.47	-14.61
306.83	-42.48	-14.69
307.99	-42.53	-14.68
309.15	-42.61	-14.61
310.32	-42.64	-14.70
311.49	-42.52	-15.12
312.67	-42.36	-15.59
313.85	-42.33	-15.65
315.03	-42.46	-15.20
316.22	-42.59	-14.79
317.41	-42.59	-14.95
318.61	-42.49	-15.48
319.81	-42.43	-15.88
321.02	-42.47	-15.96
322.23	-42.53	-15.97
323.45	-42.55	-16.11
324.67	-42.56	-16.29
325.89	-42.59	-16.38
327.12	-42.65	-16.39
328.36	-42.68	-16.48
329.60	-42.68	-16.73
330.84	-42.66	-16.93
332.09	-42.67	-16.89
333.34	-42.69	-16.79
334.60	-42.67	-16.94
335.86	-42.64	-17.26
337.13	-42.68	-17.26
338.40	-42.79	-16.77
339.68	-42.84	-16.47
340.96	-42.72	-17.01
342.25	-42.56	-17.77
343.54	-42.56	-17.76
344.83	-42.72	-17.08
346.14	-42.83	-16.70
347.44	-42.80	-17.04
348.75	-42.72	-17.52
350.07	-42.68	-17.68
351.39	-42.68	-17.64
352.72	-42.70	-17.61
354.05	-42.73	-17.82
355.38	-42.77	-18.43
356.72	-42.80	-18.96
358.07	-42.75	-18.51
359.42	-42.65	-17.41
360.78	-42.64	-17.24
362.14	-42.74	-18.42
363.51	-42.83	-19.26
364.88	-42.82	-18.74
366.25	-42.77	-18.00
367.64	-42.77	-18.12
369.02	-42.78	-18.56
370.42	-42.78	-18.62
371.81	-42.77	-18.55
373.22	-42.75	-18.80
374.63	-42.72	-19.19
376.04	-42.69	-19.29
377.46	-42.65	-19.23
378.88	-42.64	-19.43
380.31	-42.65	-19.71
381.75	-42.66	-19.60
383.19	-42.65	-19.45
384.63	-42.63	-20.14
386.09	-42.63	-21.13
387.54	-42.68	-20.76
389.00	-42.75	-19.55
390.47	-42.75	-19.77
391.95	-42.67	-21.29
393.43	-42.63	-21.92
394.91	-42.65	-21.40
396.40	-42.69	-21.07
397.90	-42.72	-21.36
399.40	-42.71	-21.90
400.90	-42.67	-22.24
402.42	-42.61	-22.04
403.94	-42.60	-22.03
405.46	-42.72	-23.39
406.99	-42.86	-24.88
408.53	-42.88	-24.53
410.07	-42.85	-23.67
411.61	-42.96	-24.28
413.17	-43.10	-25.20
414.73	-43.17	-24.96
416.29	-43.20	-24.35
417.86	-43.22	-24.19
419.44	-43.27	-24.01
421.02	-43.34	-23.61
422.61	-43.39	-23.51
424.21	-43.42	-23.74
425.81	-43.46	-23.72
427.41	-43.48	-23.56
429.03	-43.43	-23.79
430.65	-43.44	-23.90
432.27	-43.61	-23.32
433.90	-43.62	-22.92
435.54	-43.37	-23.32
437.18	-43.33	-23.51
438.83	-43.60	-23.16
440.49	-43.70	-23.08
442.15	-43.59	-23.28
443.82	-43.53	-23.24
445.49	-43.57	-23.13
447.18	-43.62	-23.27
448.86	-43.58	-23.70
450.56	-43.50	-23.97
452.26	-43.63	-23.10
453.96	-43.81	-22.12
455.68	-43.67	-22.85
457.40	-43.54	-23.82
459.12	-43.71	-23.61
460.85	-43.81	-23.18
462.59	-43.76	-23.10
464.34	-43.78	-23.19
466.09	-43.83	-23.06
467.85	-43.83	-22.53
469.62	-43.89	-22.25
471.39	-43.99	-22.22
473.17	-44.01	-21.80
474.95	-44.00	-21.62
476.74	-44.06	-21.93
478.54	-44.15	-21.02
480.35	-44.17	-19.94
482.16	-44.06	-21.17
483.98	-44.07	-21.45
485.81	-44.26	-19.30
487.64	-44.31	-18.57
489.48	-44.22	-18.94
491.33	-44.18	-18.37
493.18	-44.19	-17.67
495.04	-44.19	-17.63
496.91	-44.08	-18.08
498.79	-44.10	-17.12
500.67	-44.21	-15.27
502.56	-44.07	-15.99
504.45	-44.09	-16.92
506.36	-44.42	-16.33
508.27	-44.40	-17.15
510.19	-45.93	-14.28
512.11	-48.36	-1.48
514.04	-43.96	18.48
515.98	-38.05	22.11
517.93	-38.55	-2.67
519.89	-39.95	-16.80
521.85	-40.28	-17.28
523.82	-40.63	-19.99
525.79	-41.01	-20.98
527.78	-41.17	-21.31
529.77	-41.08	-23.61
531.77	-41.35	-24.04
533.78	-41.68	-23.82
535.79	-41.65	-24.89
537.81	-41.63	-25.36
539.84	-41.74	-25.64
541.88	-41.83	-26.35
543.92	-41.70	-26.95
545.98	-41.91	-27.05
548.04	-42.20	-26.86
550.10	-41.92	-27.04
552.18	-41.92	-27.93
554.26	-42.15	-28.60
556.35	-42.17	-28.49
558.45	-42.19	-28.81
560.56	-42.29	-29.05
562.68	-42.41	-29.14
564.80	-42.50	-29.79
566.93	-42.61	-30.15
569.07	-42.66	-30.10
571.22	-42.71	-30.31
573.37	-42.98	-31.02
575.54	-42.98	-29.61
577.71	-42.93	-28.68
579.89	-43.21	-30.62
582.08	-43.29	-30.02
584.27	-43.37	-28.72
586.48	-43.49	-28.55
588.69	-43.52	-28.33
590.91	-43.72	-26.66
593.14	-43.86	-27.92
595.38	-44.11	-28.98
597.63	-44.67	-26.31
599.88	-45.12	-25.66
602.15	-45.86	-23.30
604.42	-47.37	-18.61
606.70	-48.93	0.21
608.99	-47.53	40.96
611.29	-39.68	50.85
613.59	-34.65	20.77
615.91	-35.52	-12.27
618.23	-37.06	-21.23
620.57	-37.85	-25.96
622.91	-38.81	-29.41
625.26	-39.32	-30.24
627.62	-39.43	-30.22
629.99	-39.88	-31.51
632.36	-40.05	-32.49
634.75	-40.28	-32.69
637.15	-40.47	-34.20
639.55	-40.57	-34.08
641.96	-40.62	-32.60
644.39	-40.58	-35.45
646.82	-40.78	-35.38
649.26	-40.84	-35.05
651.71	-40.83	-35.69
654.17	-40.88	-35.80
656.64	-40.93	-35.56
659.11	-41.05	-36.30
661.60	-41.09	-36.71
664.10	-41.02	-36.99
666.60	-41.24	-37.80
669.12	-41.21	-36.86
671.64	-41.03	-36.49
674.18	-41.26	-38.89
676.72	-41.18	-37.78
679.28	-41.25	-37.49
681.84	-41.21	-37.76
684.41	-41.38	-36.80
687.00	-41.24	-37.91
689.59	-41.27	-39.13
692.19	-41.59	-38.01
694.80	-41.38	-38.08
697.42	-41.47	-38.75
700.06	-41.51	-38.83
702.70	-41.41	-39.30
705.35	-41.43	-39.14
708.01	-41.46	-39.03
710.68	-41.51	-40.06
713.36	-41.57	-39.35
716.06	-41.39	-40.36
718.76	-41.40	-42.13
721.47	-41.68	-41.03
724.19	-41.50	-42.25
726.93	-41.51	-42.10
729.67	-41.46	-42.94
732.42	-41.37	-42.14
735.19	-41.66	-44.70
737.96	-41.63	-42.00
740.75	-41.57	-42.77
743.54	-41.72	-43.29
746.35	-41.76	-43.03
749.16	-41.81	-43.97
751.99	-41.81	-43.98
754.83	-41.83	-43.59
757.68	-42.00	-43.84
760.54	-41.92	-43.21
763.41	-42.07	-45.59
766.29	-42.27	-45.04
769.18	-42.34	-44.46
772.08	-42.41	-45.82
774.99	-42.60	-46.22
777.92	-43.23	-46.68
780.85	-44.23	-42.97
783.80	-45.81	-37.92
786.76	-47.44	-7.24
789.73	-39.84	19.44
792.71	-36.28	-17.75
795.70	-37.23	-35.15
798.70	-38.16	-41.32
801.71	-38.84	-43.72
804.74	-38.98	-45.34
807.78	-39.55	-49.19
810.83	-39.66	-47.29
813.88	-39.85	-49.73
816.96	-39.89	-50.40
820.04	-39.99	-51.74
823.13	-39.85	-51.99
826.24	-40.37	-53.49
829.36	-40.08	-51.55
832.49	-40.16	-53.59
835.63	-40.31	-53.73
838.78	-40.38	-54.06
841.95	-40.45	-55.34
845.12	-40.48	-55.62
848.31	-40.69	-56.50
851.51	-40.62	-56.20
854.73	-40.74	-59.98
857.95	-41.03	-57.95
861.19	-40.99	-59.74
864.44	-40.97	-59.67
867.70	-40.99	-60.56
870.98	-40.94	-59.34
874.26	-41.29	-60.89
877.56	-41.27	-60.36
880.87	-41.45	-60.61
884.20	-41.58	-60.96
887.53	-41.54	-61.77
890.88	-41.63	-60.99
894.25	-41.71	-61.50
897.62	-41.88	-61.89
901.01	-41.50	-62.79
904.41	-41.97	-63.44
907.82	-41.78	-63.17
911.25	-41.86	-62.83
914.68	-41.82	-62.41
918.14	-41.89	-62.50
921.60	-42.23	-63.88
925.08	-42.17	-63.04
928.57	-42.15	-64.06
932.07	-42.13	-64.34
935.59	-42.17	-64.29
939.12	-42.22	-65.03
942.67	-42.10	-65.28
946.22	-42.26	-66.60
949.79	-42.29	-63.24
953.38	-42.19	-65.38
956.97	-42.40	-65.53
960.59	-42.55	-65.44
964.21	-42.58	-67.43
967.85	-42.59	-65.44
971.50	-42.70	-66.58
975.17	-42.70	-65.44
978.85	-42.74	-64.39
982.54	-42.79	-63.29
986.25	-42.58	-61.47
989.97	-42.47	-60.61
993.71	-42.17	-62.85
997.46	-42.24	-62.84
1001.22	-42.15	-65.66
1005.00	-42.05	-66.18
1008.79	-41.99	-66.92
1012.60	-42.08	-70.06
1016.42	-42.44	-67.79
1020.25	-42.37	-69.22
1024.10	-42.52	-71.08
1027.97	-42.48	-71.52
1031.85	-42.72	-72.67
1035.74	-42.77	-74.83
1039.65	-43.13	-75.95
1043.57	-43.26	-75.53
1047.51	-44.00	-74.84
1051.46	-44.52	-72.80
1055.43	-44.55	-66.72
1059.41	-44.00	-61.83
1063.41	-43.25	-64.57
1067.43	-43.18	-65.46
1071.45	-43.08	-65.69
1075.50	-43.12	-66.96
1079.55	-43.17	-67.01
1083.63	-43.35	-67.21
1087.72	-43.29	-68.37
1091.82	-43.72	-68.16
1095.94	-43.57	-68.55
1100.08	-43.53	-67.72
1104.23	-43.63	-66.58
1108.40	-44.02	-67.62
1112.58	-44.00	-66.23
1116.78	-43.90	-66.19
1120.99	-43.87	-64.22
1125.22	-43.81	-63.63
1129.47	-43.60	-61.38
1133.73	-43.66	-60.63
1138.01	-43.34	-57.18
1142.30	-43.27	-57.48
1146.61	-42.91	-57.44
1150.94	-42.46	-56.92
1155.28	-42.26	-54.13
1159.64	-41.82	-55.85
1164.02	-41.56	-57.31
1168.41	-41.11	-58.89
1172.82	-40.79	-61.33
1177.25	-40.43	-64.66
1181.69	-40.23	-64.12
1186.15	-39.89	-69.44
1190.62	-40.05	-73.47
1195.12	-40.54	-78.72
1199.63	-42.08	-77.11
1204.15	-41.00	-67.70
1208.70	-40.14	-69.14
1213.26	-39.88	-73.59
1217.84	-39.81	-76.76
1222.43	-39.87	-81.25
1227.04	-39.95	-84.63
1231.67	-39.94	-89.34
1236.32	-40.29	-89.71
1240.99	-40.71	-91.49
1245.67	-41.03	-93.33
1250.37	-41.01	-94.49
1255.09	-41.37	-94.34
1259.83	-41.68	-95.09
1264.58	-41.98	-95.35
1269.35	-42.28	-97.04
1274.14	-42.32	-96.02
1278.95	-42.44	-98.98
1283.78	-42.53	-97.11
1288.62	-42.89	-98.34
1293.48	-43.13	-96.45
1298.36	-42.82	-98.76
1303.26	-43.13	-97.88
1308.18	-43.38	-98.76
1313.12	-43.59	-98.79
1318.07	-43.91	-100.25
1323.05	-43.72	-101.01
1328.04	-43.96	-100.73
1333.05	-44.40	-101.15
1338.08	-44.93	-101.49
1343.13	-44.99	-99.99
1348.20	-45.45	-97.89
1353.29	-46.14	-95.63
1358.39	-46.06	-77.79
1363.52	-42.54	-80.84
1368.67	-42.72	-94.34
1373.83	-43.43	-101.33
1379.01	-44.24	-102.82
1384.22	-44.74	-104.49
1389.44	-44.78	-102.08
1394.68	-45.19	-103.16
1399.95	-45.70	-103.57
1405.23	-46.10	-103.82
1410.53	-46.37	-104.99
1415.86	-46.77	-100.81
1421.20	-46.75	-101.44
1426.56	-47.27	-100.86
1431.94	-47.41	-99.79
1437.35	-47.81	-94.98
1442.77	-48.13	-94.93
1448.22	-48.22	-93.37
1453.68	-48.23	-91.94
1459.17	-48.09	-90.01
1464.67	-48.57	-86.92
1470.20	-48.62	-85.49
1475.75	-48.52	-81.84
1481.32	-48.59	-81.09
1486.91	-48.67	-78.22
1492.52	-48.49	-75.50
1498.15	-48.37	-72.50
1503.80	-48.41	-67.87
1509.48	-48.44	-67.33
1515.17	-48.15	-62.45
1520.89	-48.09	-57.04
1526.63	-47.47	-49.15
1532.39	-46.35	-48.26
1538.17	-44.38	-44.61
1543.98	-42.90	-54.45
1549.81	-43.14	-65.49
1555.65	-43.80	-68.10
1561.52	-43.94	-68.16
1567.42	-44.09	-66.82
1573.33	-43.81	-62.95
1579.27	-42.32	-62.57
1585.23	-42.22	-72.18
1591.21	-42.69	-75.83
1597.21	-42.68	-75.17
1603.24	-43.22	-74.46
1609.29	-43.05	-74.59
1615.36	-42.91	-72.92
1621.46	-42.60	-74.46
1627.58	-42.43	-74.71
1633.72	-41.96	-74.36
1639.89	-41.46	-76.83
1646.07	-41.98	-83.33
1652.29	-42.32	-84.91
1658.52	-42.82	-83.24
1664.78	-42.80	-83.66
1671.06	-42.53	-80.15
1677.37	-42.67	-81.78
1683.70	-42.54	-82.42
1690.05	-42.20	-82.48
1696.43	-42.48	-82.03
1702.83	-42.17	-83.04
1709.26	-42.07	-82.44
1715.70	-41.75	-84.51
1722.18	-41.82	-85.31
1728.68	-41.95	-84.02
1735.20	-41.55	-84.15
1741.75	-41.56	-86.95
1748.32	-41.45	-88.47
1754.92	-41.44	-89.44
1761.54	-41.67	-89.28
1768.19	-41.52	-89.56
1774.86	-41.38	-91.49
1781.56	-41.28	-90.82
1788.28	-41.16	-91.29
1795.03	-41.27	-93.43
1801.80	-41.34	-94.77
1808.60	-41.19	-93.56
1815.43	-41.24	-94.71
1822.28	-41.34	-95.85
1829.15	-41.21	-96.92
1836.06	-41.27	-96.40
1842.99	-41.24	-97.10
1849.94	-41.23	-96.35
1856.92	-40.95	-98.26
1863.93	-40.96	-98.40
1870.96	-41.12	-97.55
1878.02	-41.07	-100.08
1885.11	-40.75	-97.95
1892.22	-40.70	-100.16
1899.36	-40.37	-100.00
1906.53	-40.69	-101.42
1913.72	-40.29	-102.07
1920.95	-40.25	-101.90
1928.19	-40.08	-102.03
1935.47	-39.73	-105.46
1942.77	-39.61	-108.73
1950.11	-40.05	-109.87
1957.46	-40.09	-112.20
1964.85	-39.99	-112.27
1972.27	-40.21	-110.96
1979.71	-40.07	-114.49
1987.18	-40.07	-114.70
1994.68	-40.31	-115.25
2002.20	-40.34	-116.40
2009.76	-40.33	-117.57
2017.34	-40.27	-115.34
2024.96	-39.92	-117.58
2032.60	-39.95	-119.50
2040.27	-40.10	-121.40
2047.97	-40.20	-121.44
2055.70	-40.46	-122.80
2063.45	-39.86	-120.72
2071.24	-40.09	-126.31
2079.06	-40.14	-126.27
2086.90	-40.35	-127.00
2094.78	-40.29	-126.47
2102.68	-40.37	-129.14
2110.62	-40.23	-129.61
2118.58	-40.63	-132.30
2126.57	-40.74	-131.21
2134.60	-40.87	-131.95
2142.65	-40.94	-130.96
2150.74	-40.73	-132.95
2158.86	-40.65	-131.56
2167.00	-40.92	-134.82
2175.18	-40.97	-134.27
2183.39	-40.94	-133.28
2191.63	-41.02	-135.31
2199.90	-40.83	-135.74
2208.20	-40.69	-135.78
2216.53	-40.93	-137.98
2224.90	-41.00	-139.72
2233.29	-41.13	-138.33
2241.72	-41.12	-141.27
2250.18	-41.50	-139.72
2258.67	-41.42	-139.57
2267.19	-41.28	-138.41
2275.75	-41.35	-138.92
2284.34	-40.95	-140.83
2292.96	-40.93	-141.16
2301.61	-41.05	-141.54
2310.29	-40.85	-144.06
2319.01	-40.87	-145.82
2327.76	-41.43	-147.67
2336.55	-41.31	-145.56
2345.36	-41.50	-147.90
2354.21	-41.50	-146.19
2363.10	-41.39	-146.40
2372.02	-41.26	-149.29
2380.97	-41.58	-148.52
2389.95	-41.30	-150.07
2398.97	-41.69	-150.45
2408.02	-41.60	-150.66
2417.11	-41.43	-149.44
2426.23	-41.59	-152.41
2435.39	-41.53	-152.60
2444.58	-41.51	-153.10
2453.80	-41.57	-154.15
2463.06	-41.88	-154.21
2472.35	-41.62	-155.13
2481.68	-41.65	-154.66
2491.05	-41.69	-155.30
2500.45	-41.66	-155.85
2509.88	-41.49	-158.31
2519.36	-41.63	-157.35
2528.86	-41.75	-158.97
2538.41	-41.74	-159.95
2547.98	-41.78	-160.75
2557.60	-41.74	-159.51
2567.25	-41.84	-162.29
2576.94	-41.90	-161.01
2586.66	-41.65	-163.31
2596.42	-41.75	-164.20
2606.22	-42.11	-165.62
2616.06	-41.96	-164.57
2625.93	-42.21	-166.95
2635.84	-42.23	-165.61
2645.78	-42.31	-165.41
2655.77	-42.30	-165.80
2665.79	-42.13	-166.74
2675.85	-42.01	-166.82
2685.95	-42.12	-168.15
2696.08	-42.17	-169.67
2706.26	-42.09	-169.43
2716.47	-42.19	-170.79
2726.72	-42.39	-170.15
2737.01	-42.37	-171.06
2747.34	-42.10	-171.25
2757.70	-42.27	-173.37
2768.11	-42.22	-172.73
2778.56	-42.32	-174.13
2789.04	-42.30	-175.57
2799.57	-42.28	-175.05
2810.13	-42.35	-176.49
2820.73	-42.62	-177.11
2831.38	-42.68	-177.94
2842.06	-42.57	-177.07
2852.79	-42.53	-178.05
2863.55	-42.55	-177.95
2874.36	-42.67	-179.04
2885.21	-42.45	179.95
2896.09	-42.77	178.95
2907.02	-42.47	179.71
2917.99	-42.77	177.35
2929.00	-42.88	176.79
2940.06	-42.81	177.92
2951.15	-42.76	175.86
2962.29	-43.00	176.56
2973.47	-42.99	176.42
2984.69	-42.91	175.56
2995.95	-43.02	175.03
3007.25	-42.90	176.01
3018.60	-42.87	175.35
3029.99	-42.93	174.31
3041.43	-42.88	173.40
3052.90	-42.82	173.45
3064.42	-42.82	173.15
3075.99	-42.93	171.67
3087.60	-42.91	171.52
3099.25	-42.78	170.38
3110.94	-42.80	169.78
3122.68	-43.02	169.66
3134.47	-42.96	169.47
3146.29	-42.94	168.00
3158.17	-42.97	167.62
3170.08	-42.93	168.46
3182.05	-42.88	166.83
3194.05	-43.03	167.42
3206.11	-42.99	166.90
3218.21	-42.84	165.88
3230.35	-42.89	164.79
3242.54	-42.92	166.08
3254.77	-42.84	165.71
3267.06	-42.73	163.78
3279.39	-42.87	164.26
3291.76	-42.57	163.20
3304.18	-42.66	163.12
3316.65	-42.60	161.47
3329.17	-42.57	162.38
3341.73	-42.53	160.63
3354.34	-42.38	159.31
3367.00	-42.52	158.20
3379.70	-42.52	158.94
3392.46	-42.34	158.43
3405.26	-42.37	156.98
3418.11	-42.32	155.83
3431.01	-42.35	154.22
3443.95	-42.40	155.44
3456.95	-42.35	153.80
3469.99	-42.30	154.76
3483.09	-42.22	153.55
3496.23	-42.08	151.56
3509.43	-42.21	151.00
3522.67	-41.91	150.59
3535.96	-41.97	149.56
3549.31	-42.06	147.35
3562.70	-42.22	147.53
3576.14	-42.24	146.64
3589.64	-41.84	145.36
3603.18	-42.06	143.12
3616.78	-42.05	144.66
3630.43	-42.05	142.33
3644.13	-41.82	141.51
3657.88	-41.99	139.37
3671.68	-41.99	138.75
3685.54	-41.84	138.00
3699.45	-41.86	136.47
3713.41	-41.85	136.57
3727.42	-41.87	134.58
3741.49	-41.77	134.95
3755.60	-41.77	132.52
3769.78	-41.63	132.13
3784.00	-41.76	132.26
3798.28	-41.63	132.01
3812.61	-41.70	130.71
3827.00	-41.75	128.98
3841.44	-41.89	129.01
3855.94	-42.00	127.07
3870.49	-41.79	126.76
3885.09	-41.94	124.58
3899.75	-41.86	124.86
3914.47	-41.90	123.95
3929.24	-41.57	122.89
3944.07	-41.79	120.25
3958.95	-41.64	121.02
3973.89	-41.84	120.94
3988.89	-41.71	120.91
4003.94	-41.86	120.81
4019.05	-41.67	118.72
4034.22	-41.89	117.57
4049.44	-41.81	116.84
4064.72	-41.59	115.67
4080.06	-41.49	114.54
4095.46	-41.36	113.95
4110.91	-41.45	114.19
4126.42	-41.48	114.20
4141.99	-41.47	113.79
4157.62	-41.34	111.29
4173.31	-41.30	109.71
4189.06	-41.19	107.89
4204.87	-41.09	108.70
4220.74	-40.88	108.52
4236.66	-40.80	107.96
4252.65	-40.82	105.29
4268.70	-40.92	104.40
4284.81	-40.79	102.10
4300.98	-40.44	102.91
4317.21	-40.31	99.49
4333.50	-40.31	100.20
4349.85	-40.33	97.92
4366.26	-40.23	97.31
4382.74	-40.22	95.03
4399.28	-39.84	94.49
4415.88	-39.78	93.59
4432.54	-39.55	90.43
4449.27	-39.85	88.56
4466.06	-39.66	86.05
4482.91	-39.47	84.82
4499.83	-39.21	84.23
4516.81	-39.14	82.53
4533.85	-39.13	77.28
4550.96	-39.24	75.45
4568.14	-39.22	72.71
4585.37	-39.18	72.94
4602.68	-39.21	69.44
4620.05	-39.09	68.05
4637.48	-38.96	63.27
4654.98	-38.91	61.30
4672.55	-39.35	58.65
4690.18	-39.64	56.65
4707.88	-39.53	52.98
4725.64	-39.65	52.11
4743.48	-39.99	50.13
4761.38	-40.09	47.66
4779.34	-40.07	43.52
4797.38	-40.34	43.26
4815.48	-40.79	41.30
4833.65	-40.88	39.79
4851.89	-41.25	37.17
4870.20	-41.41	38.63
4888.58	-41.75	36.80
4907.03	-41.62	34.88
4925.54	-41.96	32.98
4944.13	-42.13	34.22
4962.79	-42.30	31.35
4981.52	-42.31	31.00
5000.31	-42.78	30.54
5019.18	-42.86	31.38
5038.12	-42.81	28.13
5057.14	-43.13	29.07
5076.22	-43.39	27.75
5095.37	-43.13	27.97
5114.60	-43.39	24.79
5133.90	-43.75	25.58
5153.27	-43.53	24.54
5172.72	-44.03	24.78
5192.24	-44.25	24.06
5211.83	-44.00	26.55
5231.50	-44.22	24.44
5251.24	-44.49	24.03
5271.06	-44.25	25.95
5290.95	-44.41	24.88
5310.91	-44.17	24.63
5330.96	-44.45	26.15
5351.07	-43.96	25.40
5371.27	-43.94	24.97
5391.53	-43.86	25.36
5411.88	-43.58	23.20
5432.30	-43.44	23.41
5452.80	-43.35	19.92
5473.38	-43.17	21.37
5494.03	-42.92	16.38
5514.76	-43.00	15.21
5535.57	-42.79	14.46
5556.46	-42.67	10.83
5577.43	-42.98	8.75
5598.48	-42.89	7.69
5619.60	-42.65	5.09
5640.81	-43.06	1.27
5662.10	-42.87	0.94
5683.46	-42.99	-6.31
5704.91	-43.84	-6.82
5726.44	-44.15	-9.35
5748.05	-44.59	-6.89
5769.74	-44.94	-5.92
5791.51	-44.80	-3.01
5813.36	-44.57	-2.83
5835.30	-44.52	-4.24
5857.32	-44.53	-3.59
5879.42	-43.86	-5.22
5901.61	-44.47	-8.12
5923.88	-44.18	-4.09
5946.23	-44.05	-9.17
5968.67	-44.54	-5.14
5991.20	-43.76	-5.66
6013.80	-44.03	-9.05
6036.50	-44.00	-6.39
6059.28	-43.54	-10.56
6082.14	-43.83	-12.29
6105.09	-43.50	-12.60
6128.13	-43.43	-15.21
6151.26	-43.25	-15.52
6174.47	-42.86	-16.51
6197.77	-42.99	-17.17
6221.16	-42.73	-18.72
6244.63	-42.89	-19.06
6268.20	-42.54	-20.45
6291.85	-42.36	-24.14
6315.59	-42.20	-25.85
6339.42	-41.77	-28.77
6363.35	-41.70	-32.28
6387.36	-41.87	-33.92
6411.46	-41.88	-35.41
6435.66	-42.24	-35.73
6459.94	-41.71	-37.12
6484.32	-41.51	-42.28
6508.79	-41.58	-43.17
6533.35	-41.29	-44.23
6558.00	-41.04	-45.52
6582.75	-40.88	-48.65
6607.59	-40.80	-53.05
6632.53	-40.44	-56.46
6657.55	-40.42	-62.53
6682.68	-40.94	-65.56
6707.90	-41.18	-67.10
6733.21	-41.25	-69.29
6758.62	-40.76	-71.51
6784.12	-40.71	-76.34
6809.72	-41.31	-77.84
6835.42	-41.09	-79.88
6861.21	-41.26	-85.76
6887.10	-41.37	-87.09
6913.09	-41.35	-89.47
6939.18	-41.63	-93.44
6965.36	-41.73	-95.79
6991.65	-41.56	-97.98
7018.03	-41.84	-100.30
7044.51	-42.03	-105.36
7071.10	-42.54	-107.42
7097.78	-42.06	-106.85
7124.56	-42.28	-114.22
7151.45	-42.57	-114.96
7178.44	-42.16	-118.17
7205.52	-42.63	-120.58
7232.71	-42.40	-126.26
7260.01	-42.80	-132.18
7287.40	-42.86	-131.86
7314.90	-42.68	-140.80
7342.51	-43.09	-145.45
7370.21	-43.21	-152.52
7398.03	-44.31	-158.76
7425.94	-44.22	-165.37
7453.97	-45.90	-174.43
7482.09	-46.43	-176.13
7510.33	-47.43	172.47
7538.67	-48.93	172.68
7567.12	-50.14	157.11
7595.67	-53.29	159.92
7624.33	-53.81	148.73
7653.10	-58.24	139.50
7681.98	-60.55	136.24
7710.97	-66.34	48.78
7740.07	-71.86	-50.38
7769.28	-62.78	-33.68
7798.60	-61.12	-64.78
7828.02	-59.89	-55.40
7857.56	-60.04	-44.32
7887.21	-55.15	-29.04
7916.98	-52.46	-31.06
7946.85	-49.33	-35.06
7976.84	-46.32	-49.75
8006.94	-45.95	-68.61
8037.16	-46.05	-71.89
8067.49	-45.43	-74.84
8097.93	-44.78	-85.64
8128.49	-44.96	-85.85
8159.16	-43.51	-92.74
8189.95	-43.53	-99.69
8220.86	-43.34	-104.07
8251.88	-43.63	-109.21
8283.02	-43.23	-111.09
8314.27	-43.03	-112.97
8345.65	-41.95	-117.93
8377.14	-42.50	-124.88
8408.75	-42.42	-126.20
8440.48	-41.85	-132.31
8472.33	-42.01	-133.87
8504.30	-41.66	-138.04
8536.40	-41.83	-143.35
8568.61	-41.81	-145.07
8600.94	-41.52	-147.86
8633.40	-41.70	-150.35
8665.98	-41.39	-152.99
8698.68	-41.03	-156.32
8731.51	-40.89	-158.75
8764.46	-40.64	-161.26
8797.53	-40.30	-166.02
8830.73	-40.25	-169.44
8864.05	-39.61	-173.41
8897.50	-39.46	-176.64
8931.07	-39.49	177.24
8964.78	-39.00	173.56
8998.61	-38.81	168.54
9032.56	-38.68	163.95
9066.65	-38.64	157.87
9100.86	-38.28	152.12
9135.20	-38.35	146.72
9169.68	-38.44	140.77
9204.28	-38.50	133.23
9239.01	-38.44	129.23
9273.88	-38.64	122.21
9308.87	-38.78	114.99
9344.00	-38.96	107.02
9379.26	-39.43	101.29
9414.65	-39.78	95.74
9450.18	-40.01	86.45
9485.84	-40.40	83.15
9521.64	-41.10	75.28
9557.57	-41.35	70.74
9593.64	-42.03	66.50
9629.84	-42.17	62.73
9666.18	-43.02	54.00
9702.65	-43.73	47.47
9739.27	-45.08	44.35
9776.02	-45.74	35.08
9812.91	-46.46	31.58
9849.94	-47.44	22.60
9887.11	-48.26	17.18
9924.42	-49.66	6.28
9961.87	-51.48	0.07
9999.46	-54.02	-14.96
10037.19	-54.83	-39.60
10075.07	-59.29	-84.86
10113.09	-59.12	-138.04
10151.25	-58.15	-172.44
10189.55	-55.40	164.05
10228.01	-54.68	155.85
10266.60	-52.31	141.68
10305.34	-51.42	143.10
10344.23	-50.01	130.20
10383.27	-49.29	128.07
10422.45	-49.19	122.74
10461.78	-47.57	114.66
10501.26	-46.95	114.07
10540.88	-46.96	105.02
10580.66	-45.91	96.84
10620.59	-45.42	97.46
10660.66	-45.24	87.27
10700.89	-44.54	82.16
10741.27	-44.53	75.04
10781.81	-44.06	65.69
10822.49	-44.79	60.53
10863.33	-44.65	52.69
10904.33	-44.41	51.67
10945.47	-45.20	41.66
10986.78	-45.17	34.83
11028.24	-45.94	33.19
11069.85	-46.58	31.83
11111.63	-46.43	27.95
11153.56	-46.46	26.69
11195.64	-46.95	23.39
11237.89	-46.27	20.43
11280.30	-46.88	15.87
11322.87	-46.65	12.89
11365.59	-46.86	8.75
11408.48	-46.51	2.88
11451.53	-47.26	-2.06
11494.75	-47.65	-4.80
11538.12	-47.63	-10.04
11581.66	-48.16	-13.04
11625.37	-48.78	-17.54
11669.24	-49.10	-19.40
11713.27	-49.24	-23.10
11757.47	-50.11	-25.38
11801.84	-50.20	-26.50
11846.37	-51.17	-31.30
11891.08	-51.06	-27.96
11935.95	-51.68	-32.40
11980.99	-52.35	-27.98
12026.20	-51.78	-31.10
12071.58	-52.60	-30.32
12117.14	-52.03	-29.57
12162.86	-52.42	-33.11
12208.76	-52.04	-29.08
12254.83	-51.66	-34.94
12301.07	-52.09	-36.89
12347.49	-51.27	-35.84
12394.08	-50.96	-43.09
12440.85	-51.35	-49.02
12487.80	-51.45	-53.53
12534.92	-51.73	-60.95
12582.23	-53.56	-63.81
12629.71	-53.89	-54.68
12677.37	-53.68	-56.60
12725.20	-53.55	-54.55
12773.22	-53.14	-58.98
12821.42	-53.33	-57.29
12869.81	-53.30	-60.57
12918.37	-53.67	-61.25
12967.12	-53.11	-57.03
13016.05	-52.38	-64.01
13065.17	-52.43	-64.04
13114.47	-52.09	-63.75
13163.96	-51.54	-65.86
13213.64	-51.16	-71.78
13263.50	-50.65	-75.50
13313.55	-50.28	-79.45
13363.79	-49.81	-82.63
13414.22	-49.15	-90.98
13464.84	-49.30	-103.17
13515.65	-49.88	-108.02
13566.65	-50.00	-111.44
13617.84	-50.10	-116.61
13669.23	-50.06	-124.89
13720.81	-50.80	-134.09
13772.59	-51.43	-137.18
13824.56	-52.04	-142.34
13876.73	-53.13	-144.00
13929.09	-54.00	-145.49
13981.66	-54.21	-146.95
14034.42	-54.98	-146.90
14087.38	-55.20	-149.35
14140.54	-55.87	-147.01
14193.90	-56.05	-143.40
14247.46	-55.87	-140.75
14301.22	-55.94	-138.14
14355.19	-54.58	-134.22
14409.36	-54.12	-141.02
14463.73	-53.85	-144.12
14518.31	-53.28	-146.50
14573.10	-53.07	-151.86
14628.09	-52.36	-154.53
14683.29	-52.37	-163.89
14738.70	-52.72	-167.58
14794.32	-52.54	-172.29
14850.15	-53.26	-176.56
14906.18	-53.59	-178.17
14962.43	-53.38	-178.00
15018.90	-52.71	-178.32
15075.57	-52.04	178.29
15132.46	-51.57	174.44
15189.56	-50.35	170.63
15246.88	-49.91	163.14
15304.42	-49.61	157.70
15362.17	-49.59	151.18
15420.14	-49.95	145.72
15478.33	-50.16	138.10
15536.74	-50.47	129.99
15595.37	-50.66	121.86
15654.22	-50.61	115.29
15713.29	-50.83	111.94
15772.58	-51.44	109.02
15832.10	-52.28	105.81
15891.85	-52.85	99.84
15951.81	-52.75	95.73
16012.01	-52.66	92.31
16072.43	-53.24	93.16
16133.08	-53.98	88.50
16193.96	-54.08	83.73
16255.07	-53.86	84.79
16316.41	-54.08	85.23
16377.98	-54.17	81.13
16439.79	-53.19	75.60
16501.82	-53.16	72.48
16564.09	-53.87	65.05
16626.60	-53.68	56.44
16689.34	-54.34	54.42
16752.32	-55.50	49.96
16815.54	-55.81	46.33
16878.99	-56.65	50.10
16942.69	-57.14	48.07
17006.62	-56.79	51.23
17070.79	-57.13	51.46
17135.21	-56.80	48.98
17199.87	-56.85	54.70
17264.78	-56.23	50.77
17329.93	-55.77	53.93
17395.32	-54.78	49.49
17460.97	-53.78	48.66
17526.86	-52.98	40.13
17593.00	-52.44	35.03
17659.38	-51.81	24.04
17726.02	-51.79	17.80
17792.91	-51.41	7.66
17860.06	-51.76	0.05
17927.45	-51.50	-8.58
17995.10	-52.35	-17.08
18063.01	-52.52	-23.04
18131.17	-53.00	-32.19
18199.59	-53.97	-37.12
18268.27	-54.21	-38.26
18337.21	-54.47	-42.99
18406.40	-54.75	-43.34
18475.86	-54.08	-47.25
18545.58	-53.53	-57.30
18615.56	-53.76	-67.32
18685.81	-54.00	-74.28
18756.32	-54.30	-84.18
18827.10	-54.64	-94.62
18898.15	-55.38	-104.97
18969.46	-56.47	-113.41
19041.04	-57.63	-121.54
19112.90	-58.81	-128.91
19185.02	-60.41	-131.12
19257.42	-61.72	-131.19
19330.09	-62.14	-128.82
19403.03	-61.42	-127.56
19476.25	-60.87	-136.20
19549.74	-60.88	-145.75
19623.51	-60.90	-158.26
19697.56	-61.62	-170.33
19771.89	-62.28	172.82
19846.51	-63.60	154.39
19921.40	-65.61	131.72
19996.57	-68.40	100.48
20072.03	-69.85	50.26
20147.78	-68.73	-9.02
20223.80	-65.81	-51.72
20300.12	-63.98	-82.79
20376.72	-62.73	-103.47
20453.62	-61.95	-123.28
20530.80	-61.92	-139.44
20608.28	-62.39	-151.74
20686.04	-62.80	-160.10
20764.10	-62.96	-162.58
20842.46	-61.82	-167.20
20921.11	-60.95	-174.62
21000.06	-60.28	174.70
21079.30	-60.07	162.90
21158.85	-59.80	152.99
21238.69	-59.39	146.73
21318.84	-59.10	136.74
21399.29	-58.26	124.50
21480.04	-58.18	112.34
21561.09	-58.02	101.25
21642.46	-57.41	84.99
21724.12	-57.87	69.04
21806.10	-58.64	54.47
21888.39	-59.33	43.26
21970.99	-60.23	32.76
22053.89	-60.31	25.69
22137.12	-59.93	13.48
22220.65	-59.51	-1.60
22304.50	-60.00	-17.32
