Freq[Hz]	[dBV]	Phase[Deg]
10.00	-65.71	171.23
10.04	-65.80	172.29
10.08	-65.89	173.36
10.11	-65.97	174.43
10.15	-66.06	175.50
10.19	-66.14	176.58
10.23	-66.22	177.66
10.27	-66.31	178.74
10.31	-66.39	179.82
10.34	-66.47	-179.10
10.38	-66.55	-178.01
10.42	-66.62	-176.93
10.46	-66.70	-175.84
10.50	-66.78	-174.76
10.54	-66.85	-173.68
10.58	-66.93	-172.60
10.62	-67.00	-171.53
10.66	-67.08	-170.46
10.70	-67.15	-169.39
10.74	-67.22	-168.33
10.78	-67.29	-167.28
10.82	-67.37	-166.23
10.86	-67.44	-165.19
10.90	-67.51	-164.16
10.95	-67.58	-163.13
10.99	-67.65	-162.12
11.03	-67.72	-161.11
11.07	-67.79	-160.12
11.11	-67.86	-159.14
11.15	-67.93	-158.17
11.20	-68.00	-157.22
11.24	-68.07	-156.28
11.28	-68.14	-155.36
11.32	-68.21	-154.45
11.37	-68.28	-153.56
11.41	-68.34	-152.69
11.45	-68.42	-151.84
11.50	-68.49	-151.01
11.54	-68.56	-150.19
11.58	-68.63	-149.41
11.63	-68.70	-148.64
11.67	-68.77	-147.90
11.71	-68.84	-147.19
11.76	-68.92	-146.50
11.80	-68.99	-145.84
11.85	-69.07	-145.20
11.89	-69.14	-144.59
11.94	-69.22	-144.00
11.98	-69.30	-143.44
12.03	-69.37	-142.90
12.07	-69.45	-142.38
12.12	-69.53	-141.89
12.16	-69.61	-141.42
12.21	-69.69	-140.97
12.26	-69.77	-140.54
12.30	-69.85	-140.13
12.35	-69.93	-139.74
12.39	-70.01	-139.36
12.44	-70.09	-139.01
12.49	-70.17	-138.67
12.54	-70.26	-138.34
12.58	-70.34	-138.04
12.63	-70.42	-137.74
12.68	-70.50	-137.46
12.73	-70.59	-137.20
12.77	-70.67	-136.94
12.82	-70.76	-136.70
12.87	-70.84	-136.46
12.92	-70.92	-136.24
12.97	-71.01	-136.02
13.02	-71.09	-135.81
13.07	-71.18	-135.61
13.12	-71.26	-135.41
13.16	-71.35	-135.21
13.21	-71.43	-135.02
13.26	-71.51	-134.83
13.31	-71.60	-134.64
13.36	-71.68	-134.45
13.41	-71.76	-134.26
13.47	-71.85	-134.06
13.52	-71.93	-133.86
13.57	-72.01	-133.66
13.62	-72.09	-133.45
13.67	-72.18	-133.22
13.72	-72.26	-132.99
13.77	-72.34	-132.75
13.83	-72.42	-132.50
13.88	-72.50	-132.23
13.93	-72.58	-131.95
13.98	-72.65	-131.65
14.04	-72.73	-131.33
14.09	-72.81	-130.99
14.14	-72.88	-130.63
14.19	-72.96	-130.25
14.25	-73.03	-129.84
14.30	-73.10	-129.40
14.36	-73.18	-128.94
14.41	-73.25	-128.44
14.46	-73.31	-127.92
14.52	-73.38	-127.35
14.57	-73.45	-126.76
14.63	-73.51	-126.12
14.68	-73.58	-125.45
14.74	-73.64	-124.73
14.80	-73.70	-123.98
14.85	-73.76	-123.18
14.91	-73.82	-122.35
14.96	-73.88	-121.48
15.02	-73.93	-120.57
15.08	-73.99	-119.62
15.13	-74.04	-118.63
15.19	-74.09	-117.61
15.25	-74.14	-116.56
15.31	-74.19	-115.47
15.36	-74.24	-114.34
15.42	-74.29	-113.18
15.48	-74.33	-111.99
15.54	-74.38	-110.77
15.60	-74.42	-109.51
15.66	-74.47	-108.23
15.71	-74.51	-106.91
15.77	-74.55	-105.57
15.83	-74.59	-104.19
15.89	-74.63	-102.79
15.95	-74.67	-101.36
16.01	-74.71	-99.91
16.07	-74.74	-98.43
16.13	-74.78	-96.93
16.19	-74.82	-95.41
16.26	-74.85	-93.86
16.32	-74.89	-92.29
16.38	-74.92	-90.70
16.44	-74.96	-89.10
16.50	-74.99	-87.47
16.56	-75.02	-85.83
16.63	-75.06	-84.17
16.69	-75.09	-82.50
16.75	-75.12	-80.82
16.82	-75.15	-79.12
16.88	-75.19	-77.41
16.94	-75.22	-75.70
17.01	-75.25	-73.97
17.07	-75.29	-72.24
17.14	-75.32	-70.51
17.20	-75.35	-68.77
17.27	-75.39	-67.02
17.33	-75.42	-65.28
17.40	-75.45	-63.54
17.46	-75.49	-61.79
17.53	-75.53	-60.06
17.59	-75.56	-58.32
17.66	-75.60	-56.60
17.73	-75.64	-54.88
17.79	-75.68	-53.16
17.86	-75.72	-51.46
17.93	-75.76	-49.76
18.00	-75.80	-48.06
18.06	-75.84	-46.37
18.13	-75.88	-44.69
18.20	-75.92	-43.02
18.27	-75.97	-41.35
18.34	-76.01	-39.68
18.41	-76.06	-38.02
18.48	-76.10	-36.37
18.55	-76.15	-34.73
18.62	-76.19	-33.09
18.69	-76.24	-31.45
18.76	-76.29	-29.82
18.83	-76.34	-28.20
18.90	-76.39	-26.59
18.97	-76.44	-24.97
19.04	-76.49	-23.37
19.11	-76.54	-21.77
19.19	-76.59	-20.17
19.26	-76.64	-18.58
19.33	-76.69	-17.00
19.40	-76.74	-15.42
19.48	-76.80	-13.84
19.55	-76.85	-12.27
19.62	-76.90	-10.71
19.70	-76.96	-9.14
19.77	-77.01	-7.59
19.85	-77.06	-6.04
19.92	-77.12	-4.49
20.00	-77.17	-2.94
20.07	-77.23	-1.40
20.15	-77.28	0.13
20.22	-77.34	1.66
20.30	-77.39	3.19
20.38	-77.45	4.72
20.45	-77.51	6.24
20.53	-77.56	7.76
20.61	-77.62	9.27
20.69	-77.67	10.79
20.77	-77.73	12.30
20.84	-77.78	13.82
20.92	-77.84	15.33
21.00	-77.90	16.85
21.08	-77.95	18.37
21.16	-78.01	19.90
21.24	-78.06	21.43
21.32	-78.12	22.98
21.40	-78.18	24.53
21.48	-78.23	26.09
21.56	-78.29	27.66
21.64	-78.35	29.24
21.73	-78.40	30.84
21.81	-78.46	32.46
21.89	-78.51	34.09
21.97	-78.57	35.74
22.06	-78.63	37.41
22.14	-78.68	39.11
22.22	-78.74	40.82
22.31	-78.80	42.57
22.39	-78.85	44.33
22.47	-78.91	46.13
22.56	-78.97	47.96
22.64	-79.02	49.82
22.73	-79.08	51.71
22.82	-79.14	53.64
22.90	-79.19	55.60
22.99	-79.25	57.61
23.07	-79.31	59.65
23.16	-79.36	61.74
23.25	-79.42	63.88
23.34	-79.48	66.06
23.43	-79.53	68.29
23.51	-79.59	70.57
23.60	-79.65	72.90
23.69	-79.70	75.28
23.78	-79.76	77.70
23.87	-79.81	80.15
23.96	-79.87	82.65
24.05	-79.92	85.17
24.14	-79.98	87.72
24.23	-80.03	90.29
24.32	-80.08	92.89
24.42	-80.13	95.49
24.51	-80.18	98.11
24.60	-80.23	100.74
24.69	-80.28	103.36
24.79	-80.32	105.99
24.88	-80.36	108.61
24.97	-80.40	111.21
25.07	-80.44	113.80
25.16	-80.48	116.37
25.26	-80.51	118.91
25.35	-80.55	121.42
25.45	-80.57	123.89
25.54	-80.60	126.32
25.64	-80.62	128.70
25.74	-80.64	131.03
25.84	-80.66	133.30
25.93	-80.67	135.50
26.03	-80.68	137.64
26.13	-80.68	139.69
26.23	-80.68	141.66
26.33	-80.68	143.54
26.43	-80.67	145.33
26.53	-80.66	147.02
26.63	-80.64	148.62
26.73	-80.62	150.15
26.83	-80.59	151.60
26.93	-80.56	152.99
27.03	-80.53	154.33
27.13	-80.49	155.62
27.23	-80.45	156.87
27.34	-80.40	158.09
27.44	-80.36	159.30
27.54	-80.31	160.49
27.65	-80.25	161.69
27.75	-80.20	162.89
27.86	-80.14	164.12
27.96	-80.08	165.37
28.07	-80.02	166.67
28.17	-79.95	168.01
28.28	-79.89	169.42
28.39	-79.82	170.91
28.49	-79.76	172.48
28.60	-79.69	174.14
28.71	-79.62	175.92
28.82	-79.55	177.81
28.93	-79.48	179.84
29.03	-79.41	-177.98
29.14	-79.34	-175.65
29.25	-79.28	-173.14
29.36	-79.21	-170.44
29.48	-79.14	-167.58
29.59	-79.08	-164.57
29.70	-79.03	-161.45
29.81	-78.98	-158.25
29.92	-78.93	-155.01
30.04	-78.90	-151.75
30.15	-78.88	-148.52
30.26	-78.87	-145.34
30.38	-78.88	-142.26
30.49	-78.90	-139.31
30.61	-78.94	-136.53
30.72	-79.00	-133.96
30.84	-79.08	-131.63
30.95	-79.19	-129.59
31.07	-79.32	-127.88
31.19	-79.47	-126.54
31.31	-79.66	-125.62
31.42	-79.88	-125.15
31.54	-80.13	-125.19
31.66	-80.42	-125.77
31.78	-80.74	-126.95
31.90	-81.11	-128.78
32.02	-81.51	-131.29
32.14	-81.96	-134.55
32.26	-82.46	-138.59
32.39	-83.01	-143.44
32.51	-83.59	-149.04
32.63	-84.21	-155.32
32.75	-84.86	-162.21
32.88	-85.54	-169.66
33.00	-86.23	-177.59
33.13	-86.93	174.07
33.25	-87.64	165.39
33.38	-88.35	156.44
33.50	-89.06	147.30
33.63	-89.74	138.05
33.76	-90.41	128.76
33.88	-91.05	119.51
34.01	-91.65	110.40
34.14	-92.21	101.49
34.27	-92.72	92.88
34.40	-93.17	84.66
34.53	-93.56	76.91
34.66	-93.87	69.73
34.79	-94.10	63.22
34.92	-94.24	57.46
35.05	-94.28	52.55
35.18	-94.21	48.60
35.32	-94.04	45.67
35.45	-93.75	43.70
35.58	-93.37	42.65
35.72	-92.89	42.46
35.85	-92.34	43.08
35.99	-91.70	44.43
36.12	-91.00	46.46
36.26	-90.24	49.12
36.40	-89.42	52.32
36.53	-88.57	56.02
36.67	-87.68	60.13
36.81	-86.76	64.60
36.95	-85.83	69.35
37.09	-84.89	74.31
37.23	-83.96	79.40
37.37	-83.03	84.55
37.51	-82.14	89.69
37.65	-81.27	94.73
37.79	-80.45	99.59
37.94	-79.68	104.20
38.08	-78.98	108.46
38.22	-78.35	112.30
38.37	-77.80	115.74
38.51	-77.32	118.79
38.66	-76.91	121.50
38.80	-76.56	123.88
38.95	-76.28	125.96
39.10	-76.05	127.78
39.24	-75.87	129.37
39.39	-75.75	130.76
39.54	-75.67	131.98
39.69	-75.64	133.06
39.84	-75.64	134.04
39.99	-75.68	134.96
40.14	-75.75	135.85
40.29	-75.84	136.74
40.45	-75.96	137.67
40.60	-76.10	138.69
40.75	-76.25	139.83
40.90	-76.40	141.13
41.06	-76.57	142.64
41.21	-76.73	144.35
41.37	-76.89	146.26
41.53	-77.05	148.30
41.68	-77.22	150.45
41.84	-77.38	152.67
42.00	-77.55	154.90
42.16	-77.72	157.12
42.32	-77.90	159.27
42.47	-78.07	161.31
42.63	-78.26	163.19
42.80	-78.44	164.88
42.96	-78.63	166.31
43.12	-78.83	167.45
43.28	-79.04	168.24
43.45	-79.25	168.63
43.61	-79.47	168.57
43.77	-79.69	168.00
43.94	-79.93	166.88
44.10	-80.17	165.16
44.27	-80.42	162.87
44.44	-80.67	160.09
44.61	-80.91	156.86
44.77	-81.15	153.25
44.94	-81.38	149.31
45.11	-81.60	145.12
45.28	-81.80	140.74
45.45	-81.97	136.23
45.63	-82.11	131.66
45.80	-82.23	127.10
45.97	-82.30	122.63
46.14	-82.33	118.31
46.32	-82.32	114.23
46.49	-82.25	110.45
46.67	-82.13	107.05
46.84	-81.95	104.13
47.02	-81.69	101.73
47.20	-81.38	99.87
47.38	-81.00	98.52
47.56	-80.58	97.63
47.74	-80.11	97.19
47.92	-79.61	97.15
48.10	-79.07	97.49
48.28	-78.51	98.16
48.46	-77.93	99.13
48.64	-77.34	100.37
48.83	-76.76	101.83
49.01	-76.17	103.48
49.20	-75.61	105.27
49.38	-75.06	107.18
49.57	-74.54	109.15
49.75	-74.06	111.15
49.94	-73.63	113.13
50.13	-73.25	115.07
50.32	-72.91	116.97
50.51	-72.62	118.82
50.70	-72.37	120.61
50.89	-72.17	122.33
51.08	-72.00	123.99
51.28	-71.87	125.56
51.47	-71.78	127.04
51.66	-71.72	128.42
51.86	-71.69	129.70
52.05	-71.69	130.86
52.25	-71.72	131.90
52.45	-71.78	132.81
52.65	-71.86	133.58
52.85	-71.96	134.19
53.04	-72.08	134.65
53.24	-72.22	134.96
53.45	-72.36	135.11
53.65	-72.50	135.11
53.85	-72.65	134.95
54.05	-72.78	134.65
54.26	-72.91	134.18
54.46	-73.02	133.57
54.67	-73.11	132.80
54.87	-73.17	131.89
55.08	-73.20	130.82
55.29	-73.19	129.60
55.50	-73.13	128.24
55.71	-73.03	126.72
55.92	-72.87	125.06
56.13	-72.66	123.29
56.34	-72.41	121.43
56.55	-72.11	119.50
56.77	-71.78	117.54
56.98	-71.43	115.58
57.19	-71.05	113.64
57.41	-70.65	111.75
57.63	-70.23	109.94
57.84	-69.81	108.25
58.06	-69.39	106.71
58.28	-68.97	105.35
58.50	-68.57	104.20
58.72	-68.18	103.30
58.94	-67.81	102.64
59.17	-67.46	102.20
59.39	-67.13	101.94
59.61	-66.82	101.84
59.84	-66.53	101.87
60.06	-66.27	101.98
60.29	-66.02	102.16
60.52	-65.80	102.35
60.75	-65.61	102.54
60.98	-65.43	102.69
61.21	-65.28	102.75
61.44	-65.16	102.69
61.67	-65.06	102.49
61.90	-64.98	102.11
62.14	-64.92	101.57
62.37	-64.87	100.87
62.61	-64.84	100.01
62.84	-64.80	99.00
63.08	-64.77	97.84
63.32	-64.73	96.54
63.56	-64.69	95.10
63.80	-64.63	93.52
64.04	-64.55	91.82
64.28	-64.44	89.98
64.52	-64.31	88.03
64.76	-64.14	85.96
65.01	-63.95	83.80
65.25	-63.73	81.58
65.50	-63.48	79.30
65.75	-63.23	77.00
66.00	-62.95	74.69
66.24	-62.68	72.40
66.49	-62.39	70.15
66.75	-62.11	67.97
67.00	-61.84	65.88
67.25	-61.57	63.90
67.50	-61.32	62.06
67.76	-61.09	60.37
68.01	-60.88	58.79
68.27	-60.68	57.30
68.53	-60.50	55.88
68.79	-60.35	54.49
69.05	-60.21	53.10
69.31	-60.09	51.68
69.57	-59.99	50.21
69.83	-59.91	48.66
70.09	-59.85	46.98
70.36	-59.81	45.16
70.62	-59.80	43.17
70.89	-59.79	41.02
71.16	-59.80	38.73
71.43	-59.82	36.33
71.70	-59.85	33.83
71.97	-59.88	31.26
72.24	-59.91	28.63
72.51	-59.93	25.96
72.79	-59.94	23.28
73.06	-59.94	20.62
73.34	-59.93	17.98
73.61	-59.90	15.40
73.89	-59.85	12.88
74.17	-59.79	10.43
74.45	-59.73	8.07
74.73	-59.67	5.80
75.01	-59.61	3.63
75.29	-59.56	1.58
75.58	-59.53	-0.35
75.86	-59.52	-2.14
76.15	-59.53	-3.78
76.44	-59.56	-5.26
76.73	-59.63	-6.60
77.02	-59.72	-7.85
77.31	-59.83	-9.02
77.60	-59.96	-10.15
77.89	-60.11	-11.28
78.18	-60.27	-12.44
78.48	-60.45	-13.66
78.78	-60.62	-14.98
79.07	-60.81	-16.43
79.37	-60.99	-18.05
79.67	-61.17	-19.82
79.97	-61.34	-21.70
80.27	-61.51	-23.65
80.58	-61.67	-25.64
80.88	-61.81	-27.64
81.19	-61.93	-29.60
81.49	-62.03	-31.49
81.80	-62.11	-33.26
82.11	-62.16	-34.88
82.42	-62.18	-36.32
82.73	-62.18	-37.59
83.04	-62.17	-38.71
83.35	-62.16	-39.69
83.67	-62.16	-40.54
83.99	-62.17	-41.29
84.30	-62.21	-41.95
84.62	-62.29	-42.53
84.94	-62.41	-43.06
85.26	-62.58	-43.55
85.58	-62.81	-44.02
85.90	-63.06	-44.52
86.23	-63.35	-45.06
86.55	-63.64	-45.70
86.88	-63.93	-46.45
87.21	-64.21	-47.35
87.54	-64.46	-48.44
87.87	-64.67	-49.76
88.20	-64.84	-51.32
88.53	-64.95	-53.06
88.87	-65.02	-54.92
89.20	-65.05	-56.81
89.54	-65.05	-58.64
89.88	-65.03	-60.33
90.22	-64.99	-61.79
90.56	-64.93	-62.93
90.90	-64.86	-63.66
91.24	-64.80	-63.95
91.59	-64.74	-63.87
91.93	-64.70	-63.54
92.28	-64.68	-63.06
92.63	-64.69	-62.52
92.98	-64.74	-62.05
93.33	-64.83	-61.75
93.68	-64.98	-61.73
94.03	-65.20	-62.11
94.39	-65.46	-62.86
94.74	-65.76	-63.95
95.10	-66.07	-65.30
95.46	-66.37	-66.86
95.82	-66.64	-68.58
96.18	-66.86	-70.38
96.54	-67.01	-72.22
96.91	-67.07	-74.01
97.27	-67.04	-75.72
97.64	-66.95	-77.27
98.01	-66.80	-78.62
98.38	-66.63	-79.71
98.75	-66.46	-80.48
99.12	-66.30	-80.87
99.50	-66.18	-80.82
99.87	-66.13	-80.27
100.25	-66.14	-79.33
100.63	-66.21	-78.14
101.01	-66.32	-76.89
101.39	-66.48	-75.74
101.77	-66.67	-74.88
102.16	-66.88	-74.49
102.54	-67.10	-74.76
102.93	-67.33	-75.81
103.32	-67.56	-77.50
103.71	-67.76	-79.64
104.10	-67.95	-82.02
104.49	-68.09	-84.43
104.88	-68.18	-86.66
105.28	-68.22	-88.47
105.68	-68.18	-89.66
106.08	-68.09	-90.18
106.48	-67.95	-90.14
106.88	-67.80	-89.67
107.28	-67.66	-88.91
107.69	-67.55	-87.98
108.09	-67.52	-87.03
108.50	-67.57	-86.18
108.91	-67.73	-85.56
109.32	-67.97	-85.21
109.73	-68.26	-85.17
110.15	-68.57	-85.49
110.56	-68.87	-86.21
110.98	-69.12	-87.39
111.40	-69.31	-89.07
111.82	-69.40	-91.23
112.24	-69.41	-93.67
112.67	-69.35	-96.17
113.09	-69.22	-98.50
113.52	-69.06	-100.42
113.95	-68.87	-101.70
114.38	-68.67	-102.09
114.81	-68.46	-101.53
115.24	-68.29	-100.30
115.68	-68.16	-98.72
116.11	-68.10	-97.12
116.55	-68.14	-95.83
116.99	-68.30	-95.21
117.43	-68.59	-95.58
117.87	-69.01	-96.97
118.32	-69.50	-99.12
118.77	-69.99	-101.76
119.21	-70.43	-104.61
119.66	-70.76	-107.39
120.12	-70.91	-109.81
120.57	-70.85	-111.62
121.02	-70.61	-112.82
121.48	-70.26	-113.44
121.94	-69.86	-113.53
122.40	-69.49	-113.15
122.86	-69.22	-112.32
123.32	-69.11	-111.12
123.79	-69.16	-109.71
124.26	-69.34	-108.34
124.73	-69.59	-107.29
125.20	-69.87	-106.82
125.67	-70.12	-107.21
126.14	-70.31	-108.74
126.62	-70.40	-111.39
127.10	-70.40	-114.70
127.58	-70.33	-118.18
128.06	-70.21	-121.29
128.54	-70.04	-123.53
129.03	-69.84	-124.33
129.51	-69.64	-123.52
130.00	-69.46	-121.55
130.49	-69.33	-119.01
130.98	-69.29	-116.48
131.48	-69.35	-114.56
131.98	-69.57	-113.85
132.47	-69.92	-114.63
132.97	-70.35	-116.56
133.48	-70.78	-119.26
133.98	-71.13	-122.29
134.48	-71.34	-125.24
134.99	-71.31	-127.68
135.50	-71.06	-129.40
136.01	-70.67	-130.45
136.53	-70.25	-130.87
137.04	-69.91	-130.74
137.56	-69.74	-130.10
138.08	-69.84	-129.04
138.60	-70.19	-127.80
139.12	-70.67	-126.71
139.65	-71.20	-126.12
140.17	-71.65	-126.37
140.70	-71.93	-127.83
141.23	-71.97	-130.59
141.77	-71.82	-134.09
142.30	-71.54	-137.66
142.84	-71.21	-140.58
143.38	-70.90	-142.15
143.92	-70.68	-141.71
144.46	-70.58	-139.55
145.01	-70.59	-136.58
145.55	-70.72	-133.75
146.10	-70.96	-132.01
146.65	-71.31	-132.34
147.21	-71.73	-135.04
147.76	-72.16	-139.26
148.32	-72.51	-144.02
148.88	-72.70	-148.30
149.44	-72.66	-151.08
150.01	-72.32	-151.64
150.57	-71.82	-150.43
151.14	-71.31	-148.15
151.71	-70.92	-145.52
152.28	-70.83	-143.29
152.86	-71.14	-142.10
153.43	-71.76	-142.02
154.01	-72.49	-142.91
154.59	-73.13	-144.61
155.18	-73.49	-147.00
155.76	-73.40	-149.87
156.35	-72.94	-152.81
156.94	-72.32	-155.29
157.53	-71.71	-156.78
158.13	-71.34	-156.71
158.72	-71.36	-154.72
159.32	-71.71	-151.54
159.93	-72.23	-148.31
160.53	-72.77	-146.22
161.13	-73.17	-146.47
161.74	-73.31	-149.81
162.35	-73.22	-155.12
162.97	-73.00	-160.74
163.58	-72.72	-165.00
164.20	-72.46	-166.20
164.82	-72.31	-163.64
165.44	-72.27	-158.82
166.06	-72.34	-153.59
166.69	-72.55	-149.83
167.32	-72.88	-149.37
167.95	-73.31	-152.34
168.58	-73.69	-157.18
169.22	-73.93	-162.22
169.86	-73.90	-165.76
170.50	-73.52	-166.42
171.14	-72.94	-164.70
171.79	-72.37	-161.75
172.44	-72.06	-158.76
173.09	-72.24	-156.94
173.74	-72.92	-156.84
174.40	-73.83	-158.13
175.06	-74.66	-160.36
175.72	-75.07	-163.09
176.38	-74.82	-165.87
177.04	-74.10	-168.21
177.71	-73.23	-169.62
178.38	-72.55	-169.59
179.06	-72.39	-167.63
179.73	-72.79	-164.18
180.41	-73.46	-160.56
181.09	-74.13	-158.19
181.77	-74.49	-158.47
182.46	-74.39	-161.95
183.15	-73.96	-167.00
183.84	-73.41	-171.70
184.53	-72.92	-174.05
185.23	-72.68	-172.64
185.93	-72.64	-168.83
186.63	-72.73	-164.85
187.33	-72.87	-162.99
188.04	-72.99	-165.22
188.75	-73.05	-170.58
189.46	-73.03	-176.62
190.18	-72.93	179.19
190.90	-72.75	179.19
191.62	-72.52	-177.10
192.34	-72.37	-172.15
193.07	-72.37	-168.54
193.79	-72.63	-168.73
194.53	-73.07	-172.60
195.26	-73.45	-178.00
196.00	-73.56	177.31
196.74	-73.18	175.50
197.48	-72.41	176.56
198.22	-71.61	178.79
198.97	-71.15	-179.57
199.72	-71.35	179.80
200.48	-72.09	176.99
201.23	-72.93	173.23
201.99	-73.39	169.78
202.75	-73.09	167.81
203.52	-72.24	167.32
204.29	-71.35	167.80
205.06	-70.91	168.72
205.83	-71.29	169.56
206.61	-72.18	169.91
207.39	-73.06	169.36
208.17	-73.40	167.53
208.96	-72.97	164.44
209.74	-72.13	161.12
210.54	-71.37	158.74
211.33	-71.17	158.46
212.13	-71.57	160.05
212.93	-72.20	161.83
213.73	-72.64	162.06
214.54	-72.54	159.31
215.35	-72.06	154.75
216.16	-71.55	150.62
216.98	-71.38	149.24
217.80	-71.72	151.44
218.62	-72.29	154.84
219.44	-72.74	156.60
220.27	-72.76	154.10
221.10	-72.39	148.27
221.94	-71.92	142.44
222.77	-71.68	140.08
223.61	-71.82	142.90
224.46	-72.20	147.88
225.30	-72.57	151.10
226.15	-72.71	148.99
227.01	-72.62	142.59
227.86	-72.41	136.06
228.72	-72.21	133.66
229.59	-72.12	137.04
230.45	-72.16	142.51
231.32	-72.35	145.68
232.20	-72.68	142.97
233.07	-73.02	136.49
233.95	-73.16	130.59
234.84	-72.91	129.53
235.72	-72.36	133.37
236.61	-71.83	138.09
237.50	-71.70	139.45
238.40	-72.10	135.55
239.30	-72.69	129.57
240.20	-73.06	125.41
241.11	-72.92	125.96
242.02	-72.53	129.13
242.93	-72.28	131.43
243.85	-72.52	129.74
244.77	-73.06	125.25
245.69	-73.37	121.45
246.62	-72.97	121.70
247.55	-72.00	125.70
248.48	-71.13	129.97
249.42	-71.06	130.95
250.36	-71.84	127.84
251.31	-72.75	123.31
252.26	-73.00	120.27
253.21	-72.36	119.97
254.16	-71.46	120.92
255.12	-71.02	121.34
256.09	-71.34	120.27
257.05	-71.88	118.49
258.02	-71.98	116.96
259.00	-71.35	116.16
259.97	-70.56	115.52
260.95	-70.30	114.30
261.94	-70.83	112.20
262.93	-71.54	109.89
263.92	-71.67	108.17
264.92	-70.95	107.31
265.92	-70.08	106.49
266.92	-69.87	104.75
267.93	-70.56	101.94
268.94	-71.41	99.24
269.95	-71.60	97.96
270.97	-70.99	98.12
271.99	-70.27	98.13
273.02	-70.20	96.31
274.05	-70.77	92.80
275.08	-71.28	89.38
276.12	-71.08	87.71
277.16	-70.39	87.59
278.21	-69.97	87.71
279.26	-70.41	86.94
280.31	-71.27	85.60
281.37	-71.73	84.48
282.43	-71.34	83.98
283.50	-70.72	83.22
284.57	-70.67	81.10
285.64	-71.37	77.73
286.72	-72.07	74.99
287.80	-72.00	74.73
288.89	-71.30	76.20
289.98	-70.80	76.78
291.07	-71.09	74.52
292.17	-71.70	70.95
293.27	-71.78	68.69
294.38	-71.08	68.71
295.49	-70.36	68.87
296.61	-70.47	66.88
297.73	-71.22	63.49
298.85	-71.71	61.65
299.98	-71.33	63.21
301.11	-70.66	65.48
302.25	-70.56	64.76
303.39	-71.16	60.74
304.53	-71.71	57.44
305.68	-71.52	58.19
306.83	-70.96	60.35
307.99	-70.78	58.99
309.15	-71.21	53.09
310.32	-71.60	48.08
311.49	-71.35	48.99
312.67	-70.77	52.85
313.85	-70.63	53.11
315.03	-71.14	47.96
316.22	-71.60	43.69
317.41	-71.38	45.93
318.61	-70.83	50.53
319.81	-70.68	49.46
321.02	-71.13	41.81
322.23	-71.64	36.30
323.45	-71.71	39.55
324.67	-71.48	45.30
325.89	-71.22	44.17
327.12	-71.07	36.84
328.36	-71.07	32.61
329.60	-71.22	35.97
330.84	-71.39	39.25
332.09	-71.47	34.72
333.34	-71.45	27.21
334.60	-71.41	26.55
335.86	-71.35	32.85
337.13	-71.20	35.86
338.40	-70.98	30.09
339.68	-70.88	23.27
340.96	-71.07	23.36
342.25	-71.31	26.86
343.54	-71.23	26.37
344.83	-70.96	21.81
346.14	-71.01	18.94
347.44	-71.46	19.74
348.75	-71.64	19.87
350.07	-71.14	16.48
351.39	-70.68	13.21
352.72	-70.95	13.98
354.05	-71.43	16.08
355.38	-71.21	14.80
356.72	-70.60	10.90
358.07	-70.70	8.69
359.42	-71.44	9.30
360.78	-71.59	10.34
362.14	-70.77	9.94
363.51	-70.25	7.28
364.88	-70.73	2.88
366.25	-71.15	0.33
367.64	-70.60	1.87
369.02	-69.93	2.79
370.42	-70.10	-1.54
371.81	-70.57	-6.52
373.22	-70.45	-5.95
374.63	-70.01	-3.88
376.04	-69.96	-7.71
377.46	-70.22	-13.86
378.88	-70.35	-13.63
380.31	-70.19	-9.70
381.75	-69.84	-11.60
383.19	-69.59	-18.18
384.63	-69.84	-20.78
386.09	-70.25	-19.40
387.54	-69.95	-20.98
389.00	-69.28	-25.39
390.47	-69.55	-26.54
391.95	-70.47	-24.87
393.43	-70.42	-26.37
394.91	-69.59	-31.39
396.40	-69.66	-35.51
397.90	-70.41	-36.64
399.40	-70.21	-34.92
400.90	-69.32	-33.71
402.42	-69.19	-37.86
403.94	-69.64	-43.78
405.46	-69.63	-43.96
406.99	-69.24	-42.37
408.53	-69.04	-46.96
410.07	-69.13	-53.43
411.61	-69.39	-54.86
413.17	-69.51	-55.70
414.73	-69.36	-60.97
416.29	-69.58	-65.47
417.86	-70.38	-65.37
419.44	-70.52	-65.53
421.02	-69.80	-68.74
422.61	-70.06	-72.18
424.21	-71.25	-73.64
425.81	-71.23	-72.45
427.41	-70.31	-71.51
429.03	-70.45	-75.11
430.65	-71.27	-78.56
432.27	-71.58	-76.26
433.90	-71.26	-75.99
435.54	-70.69	-82.36
437.18	-70.83	-84.52
438.83	-71.58	-80.77
440.49	-71.42	-83.44
442.15	-70.79	-90.24
443.82	-71.25	-89.96
445.49	-71.68	-87.15
447.18	-70.92	-89.45
448.86	-70.83	-95.41
450.56	-71.77	-100.51
452.26	-71.37	-99.10
453.96	-70.31	-96.97
455.68	-70.87	-104.14
457.40	-71.71	-110.07
459.12	-71.40	-107.09
460.85	-70.87	-107.93
462.59	-70.88	-113.95
464.34	-71.51	-114.72
466.09	-71.72	-113.15
467.85	-71.01	-115.03
469.62	-71.41	-118.44
471.39	-72.64	-120.78
473.17	-72.18	-120.96
474.95	-71.55	-124.30
476.74	-72.37	-131.65
478.54	-72.54	-128.64
480.35	-71.86	-122.46
482.16	-71.90	-132.82
483.98	-72.40	-138.86
485.81	-72.65	-130.40
487.64	-72.25	-132.39
489.48	-72.06	-140.44
491.33	-72.78	-139.47
493.18	-72.78	-137.15
495.04	-72.11	-139.52
496.91	-72.30	-145.32
498.79	-72.74	-144.38
500.67	-72.54	-139.94
502.56	-71.62	-151.04
504.45	-71.42	-161.15
506.36	-72.23	-159.49
508.27	-71.63	-168.88
510.19	-70.93	176.58
512.11	-71.40	154.30
514.04	-70.28	75.52
515.98	-69.21	-26.50
517.93	-70.42	-90.22
519.89	-70.70	-115.10
521.85	-70.18	-126.76
523.82	-70.55	-143.88
525.79	-70.93	-146.08
527.78	-70.56	-143.78
529.77	-69.88	-153.68
531.77	-70.81	-160.15
533.78	-71.40	-160.03
535.79	-70.37	-160.71
537.81	-70.78	-169.27
539.84	-71.34	-171.46
541.88	-70.63	-166.52
543.92	-69.91	-176.06
545.98	-70.38	177.87
548.04	-70.95	-178.85
550.10	-69.93	179.70
552.18	-70.23	172.85
554.26	-70.88	169.24
556.35	-69.98	171.05
558.45	-69.41	164.57
560.56	-70.03	160.62
562.68	-70.57	162.80
564.80	-69.62	159.78
566.93	-70.08	153.33
569.07	-70.75	151.00
571.22	-70.01	151.87
573.37	-69.93	144.82
575.54	-70.82	143.05
577.71	-71.03	144.01
579.89	-70.22	138.71
582.08	-71.43	137.65
584.27	-71.47	142.10
586.48	-70.60	143.23
588.69	-71.27	138.76
590.91	-71.32	143.29
593.14	-70.69	141.60
595.38	-70.67	134.47
597.63	-71.30	134.01
599.88	-70.68	135.84
602.15	-70.80	134.76
604.42	-71.32	140.56
606.70	-70.96	156.84
608.99	-68.94	169.34
611.29	-62.92	168.96
613.59	-59.33	140.06
615.91	-60.32	105.50
618.23	-62.17	94.57
620.57	-63.44	88.62
622.91	-64.14	82.80
625.26	-64.69	78.05
627.62	-65.13	76.27
629.99	-65.34	74.82
632.36	-65.54	68.17
634.75	-66.19	67.08
637.15	-65.97	64.37
639.55	-66.04	58.12
641.96	-66.97	55.10
644.39	-66.49	53.94
646.82	-66.20	48.21
649.26	-66.66	44.73
651.71	-66.86	43.82
654.17	-66.79	40.58
656.64	-67.18	36.69
659.11	-67.34	36.11
661.60	-66.72	30.77
664.10	-67.44	27.19
666.60	-67.78	27.91
669.12	-67.74	24.62
671.64	-68.10	19.63
674.18	-67.89	19.56
676.72	-67.77	14.99
679.28	-68.76	11.24
681.84	-68.68	8.74
684.41	-68.66	6.37
687.00	-68.86	3.97
689.59	-68.67	3.47
692.19	-68.95	1.46
694.80	-69.56	-3.38
697.42	-69.02	-5.19
700.06	-69.41	-12.57
702.70	-70.29	-12.92
705.35	-69.51	-12.70
708.01	-69.51	-17.82
710.68	-70.33	-19.37
713.36	-70.39	-18.01
716.06	-70.07	-25.05
718.76	-70.26	-28.29
721.47	-70.64	-25.73
724.19	-70.84	-34.30
726.93	-71.26	-32.24
729.67	-71.39	-32.12
732.42	-70.83	-38.16
735.19	-71.91	-37.32
737.96	-70.81	-40.48
740.75	-72.23	-41.70
743.54	-72.40	-38.45
746.35	-71.99	-48.65
749.16	-73.14	-47.72
751.99	-72.28	-46.66
754.83	-72.52	-54.76
757.68	-73.10	-46.74
760.54	-71.93	-45.57
763.41	-72.25	-51.33
766.29	-72.57	-47.14
769.18	-71.89	-48.36
772.08	-72.26	-55.10
774.99	-71.59	-54.44
777.92	-72.17	-57.57
780.85	-71.76	-57.33
783.80	-73.56	-56.28
786.76	-73.88	-29.16
789.73	-67.77	-13.50
792.71	-64.27	-48.13
795.70	-64.54	-67.10
798.70	-65.49	-78.63
801.71	-66.26	-80.20
804.74	-65.57	-84.52
807.78	-66.16	-93.32
810.83	-66.29	-92.45
813.88	-65.64	-99.87
816.96	-66.01	-105.74
820.04	-65.79	-106.54
823.13	-65.41	-112.38
826.24	-66.26	-119.82
829.36	-65.21	-120.87
832.49	-65.23	-129.37
835.63	-65.78	-130.04
838.78	-65.37	-131.93
841.95	-65.39	-140.37
845.12	-65.37	-144.41
848.31	-65.34	-153.23
851.51	-65.48	-154.32
854.73	-64.87	-165.04
857.95	-65.57	-165.52
861.19	-65.46	-170.17
864.44	-64.96	-176.15
867.70	-65.50	-179.23
870.98	-65.55	179.34
874.26	-65.95	171.02
877.56	-65.81	169.85
880.87	-65.86	161.03
884.20	-66.69	159.89
887.53	-66.11	156.48
890.88	-66.31	150.42
894.25	-66.52	148.21
897.62	-66.47	142.86
901.01	-66.56	138.91
904.41	-66.44	136.06
907.82	-66.26	128.29
911.25	-67.31	130.52
914.68	-66.59	126.03
918.14	-67.15	122.03
921.60	-66.97	114.39
925.08	-67.64	113.90
928.57	-67.25	113.28
932.07	-66.78	109.31
935.59	-67.01	106.72
939.12	-66.36	97.58
942.67	-66.90	95.51
946.22	-66.41	94.08
949.79	-66.73	93.96
953.38	-66.54	86.82
956.97	-66.19	80.65
960.59	-66.57	74.90
964.21	-66.29	73.52
967.85	-66.08	69.22
971.50	-65.90	63.96
975.17	-65.73	55.63
978.85	-66.18	52.02
982.54	-65.88	45.84
986.25	-66.49	37.32
989.97	-66.49	35.45
993.71	-67.67	26.38
997.46	-68.65	28.42
1001.22	-68.28	22.33
1005.00	-69.07	21.91
1008.79	-68.90	20.95
1012.60	-70.42	16.10
1016.42	-69.35	17.51
1020.25	-70.10	14.75
1024.10	-69.80	17.27
1027.97	-69.94	14.02
1031.85	-70.37	18.03
1035.74	-70.27	17.73
1039.65	-70.05	25.18
1043.57	-67.36	27.32
1047.51	-64.87	25.29
1051.46	-63.59	16.46
1055.43	-62.77	-3.86
1059.41	-62.60	-17.59
1063.41	-62.85	-29.06
1067.43	-63.64	-37.58
1071.45	-64.38	-44.92
1075.50	-64.74	-49.87
1079.55	-64.75	-55.89
1083.63	-65.84	-59.18
1087.72	-65.61	-65.89
1091.82	-66.56	-70.40
1095.94	-66.26	-75.33
1100.08	-66.61	-82.16
1104.23	-66.74	-81.63
1108.40	-67.56	-92.68
1112.58	-67.82	-88.31
1116.78	-67.47	-96.34
1120.99	-67.68	-97.11
1125.22	-67.52	-105.70
1129.47	-67.98	-101.56
1133.73	-67.47	-111.79
1138.01	-67.80	-112.85
1142.30	-67.58	-117.97
1146.61	-68.19	-125.26
1150.94	-67.58	-127.88
1155.28	-68.16	-133.07
1159.64	-67.69	-134.20
1164.02	-68.08	-142.01
1168.41	-67.79	-141.58
1172.82	-67.92	-146.74
1177.25	-67.67	-150.47
1181.69	-67.21	-153.53
1186.15	-66.59	-157.87
1190.62	-66.26	-166.00
1195.12	-66.45	-171.20
1199.63	-67.01	172.86
1204.15	-67.89	178.29
1208.70	-67.89	179.26
1213.26	-67.46	176.38
1217.84	-66.50	172.71
1222.43	-66.43	165.06
1227.04	-65.79	157.04
1231.67	-65.29	148.64
1236.32	-65.44	146.58
1240.99	-65.70	138.69
1245.67	-65.29	134.03
1250.37	-65.19	126.74
1255.09	-64.96	121.56
1259.83	-65.33	117.25
1264.58	-65.01	108.95
1269.35	-65.66	105.06
1274.14	-64.97	98.95
1278.95	-65.03	93.32
1283.78	-64.74	88.42
1288.62	-65.66	79.79
1293.48	-64.89	78.59
1298.36	-64.86	70.25
1303.26	-64.80	65.32
1308.18	-65.21	57.65
1313.12	-65.18	52.55
1318.07	-65.69	47.47
1323.05	-64.78	41.65
1328.04	-65.52	37.71
1333.05	-65.19	32.17
1338.08	-65.67	24.91
1343.13	-65.15	18.67
1348.20	-66.10	19.76
1353.29	-65.09	17.58
1358.39	-63.23	17.81
1363.52	-61.16	-8.35
1368.67	-62.98	-21.23
1373.83	-63.94	-29.23
1379.01	-64.89	-37.15
1384.22	-65.38	-44.78
1389.44	-65.29	-42.99
1394.68	-65.57	-54.23
1399.95	-66.27	-58.89
1405.23	-66.97	-65.63
1410.53	-66.76	-71.91
1415.86	-67.63	-75.63
1421.20	-67.05	-74.16
1426.56	-67.26	-86.28
1431.94	-67.59	-91.92
1437.35	-68.00	-96.56
1442.77	-67.86	-106.28
1448.22	-68.45	-110.37
1453.68	-67.76	-117.50
1459.17	-68.30	-120.68
1464.67	-68.95	-125.07
1470.20	-68.92	-132.37
1475.75	-69.17	-140.76
1481.32	-69.10	-144.74
1486.91	-69.94	-158.57
1492.52	-70.37	-162.01
1498.15	-70.13	-168.87
1503.80	-71.62	-173.18
1509.48	-72.38	-178.35
1515.17	-72.64	176.85
1520.89	-74.57	173.03
1526.63	-76.53	179.19
1532.39	-77.22	-153.04
1538.17	-73.15	-128.87
1543.98	-67.29	-142.76
1549.81	-66.20	-169.24
1555.65	-65.98	173.65
1561.52	-66.28	160.12
1567.42	-66.75	155.21
1573.33	-66.58	139.15
1579.27	-67.19	132.72
1585.23	-66.86	127.58
1591.21	-66.54	118.73
1597.21	-65.55	112.44
1603.24	-66.26	107.07
1609.29	-66.27	96.54
1615.36	-65.69	93.43
1621.46	-65.46	83.00
1627.58	-65.35	73.17
1633.72	-64.71	64.02
1639.89	-64.60	51.64
1646.07	-66.79	32.99
1652.29	-68.21	32.90
1658.52	-68.54	33.84
1664.78	-68.22	24.76
1671.06	-67.96	25.13
1677.37	-69.05	16.73
1683.70	-68.59	7.69
1690.05	-68.63	6.46
1696.43	-69.31	0.39
1702.83	-68.68	-4.27
1709.26	-68.85	-9.92
1715.70	-68.77	-12.31
1722.18	-69.01	-20.47
1728.68	-69.22	-26.66
1735.20	-68.31	-26.33
1741.75	-67.39	-38.83
1748.32	-68.01	-50.22
1754.92	-68.06	-60.84
1761.54	-68.12	-64.83
1768.19	-68.11	-69.14
1774.86	-67.93	-83.98
1781.56	-68.42	-89.78
1788.28	-68.89	-96.20
1795.03	-69.46	-104.94
1801.80	-69.68	-110.26
1808.60	-69.69	-115.93
1815.43	-69.63	-122.18
1822.28	-69.60	-127.16
1829.15	-69.10	-135.76
1836.06	-68.95	-138.51
1842.99	-68.32	-150.12
1849.94	-68.30	-152.27
1856.92	-67.55	-164.45
1863.93	-67.55	-175.76
1870.96	-67.56	177.74
1878.02	-68.21	166.48
1885.11	-67.32	157.76
1892.22	-67.47	148.90
1899.36	-67.20	139.78
1906.53	-67.84	133.26
1913.72	-67.70	120.60
1920.95	-67.99	116.19
1928.19	-68.31	108.53
1935.47	-68.07	100.99
1942.77	-68.38	95.64
1950.11	-68.35	89.07
1957.46	-67.82	79.34
1964.85	-67.84	71.74
1972.27	-67.86	63.09
1979.71	-67.78	50.41
1987.18	-68.25	43.28
1994.68	-68.41	31.79
2002.20	-68.43	24.45
2009.76	-69.30	17.92
2017.34	-70.51	7.59
2024.96	-70.77	13.48
2032.60	-69.42	1.73
2040.27	-69.40	-9.08
2047.97	-69.39	-13.79
2055.70	-70.09	-21.48
2063.45	-70.22	-35.54
2071.24	-71.80	-35.20
2079.06	-70.92	-40.22
2086.90	-70.88	-50.15
2094.78	-71.04	-57.86
2102.68	-71.05	-65.59
2110.62	-70.66	-74.67
2118.58	-70.49	-85.80
2126.57	-70.11	-95.72
2134.60	-70.38	-106.64
2142.65	-71.12	-117.25
2150.74	-72.49	-127.78
2158.86	-72.72	-133.99
2167.00	-73.56	-140.46
2175.18	-74.45	-142.24
2183.39	-73.38	-135.34
2191.63	-72.61	-141.63
2199.90	-71.54	-152.88
2208.20	-70.21	-163.62
2216.53	-70.09	-175.40
2224.90	-69.92	175.63
2233.29	-69.81	169.10
2241.72	-69.28	158.12
2250.18	-67.38	149.10
2258.67	-65.75	123.07
2267.19	-67.35	94.41
2275.75	-70.40	77.56
2284.34	-72.98	80.47
2292.96	-75.14	88.08
2301.61	-74.55	89.70
2310.29	-72.97	97.64
2319.01	-70.99	96.87
2327.76	-69.27	75.99
2336.55	-69.47	62.65
2345.36	-69.66	55.13
2354.21	-69.95	45.11
2363.10	-69.13	35.21
2372.02	-69.24	18.81
2380.97	-69.81	14.17
2389.95	-69.81	3.52
2398.97	-70.49	-3.17
2408.02	-70.77	-11.91
2417.11	-71.18	-19.11
2426.23	-70.19	-25.24
2435.39	-69.28	-31.88
2444.58	-69.91	-48.72
2453.80	-69.94	-62.61
2463.06	-70.40	-69.78
2472.35	-70.38	-84.16
2481.68	-70.53	-90.97
2491.05	-70.76	-96.89
2500.45	-70.30	-106.94
2509.88	-70.33	-120.69
2519.36	-69.98	-125.61
2528.86	-69.62	-136.18
2538.41	-69.39	-150.35
2547.98	-69.41	-162.42
2557.60	-69.51	-168.31
2567.25	-69.50	176.94
2576.94	-69.92	167.99
2586.66	-69.19	163.96
2596.42	-69.21	154.36
2606.22	-68.36	143.36
2616.06	-67.65	136.36
2625.93	-67.44	122.58
2635.84	-66.89	113.21
2645.78	-66.20	99.79
2655.77	-65.54	85.49
2665.79	-65.85	67.05
2675.85	-67.04	54.54
2685.95	-67.53	45.49
2696.08	-67.87	38.15
2706.26	-67.68	29.87
2716.47	-68.12	23.51
2726.72	-67.60	15.19
2737.01	-67.60	3.80
2747.34	-66.95	-7.55
2757.70	-67.05	-20.25
2768.11	-66.75	-35.92
2778.56	-66.97	-49.46
2789.04	-67.10	-67.85
2799.57	-68.07	-76.96
2810.13	-68.70	-83.85
2820.73	-69.35	-91.32
2831.38	-68.49	-99.18
2842.06	-67.75	-114.13
2852.79	-67.15	-131.40
2863.55	-67.16	-146.51
2874.36	-67.98	-160.00
2885.21	-67.94	-172.27
2896.09	-68.50	178.45
2907.02	-68.05	166.23
2917.99	-68.06	156.76
2929.00	-67.76	144.17
2940.06	-68.01	136.70
2951.15	-67.18	125.34
2962.29	-66.96	112.00
2973.47	-66.79	95.99
2984.69	-67.38	81.84
2995.95	-68.36	71.52
3007.25	-67.87	66.01
3018.60	-67.20	54.96
3029.99	-67.15	44.28
3041.43	-66.85	30.70
3052.90	-66.79	17.38
3064.42	-67.35	0.62
3075.99	-68.18	-12.87
3087.60	-69.03	-23.31
3099.25	-69.65	-35.52
3110.94	-69.33	-35.42
3122.68	-69.68	-45.37
3134.47	-68.34	-61.82
3146.29	-67.99	-79.75
3158.17	-67.80	-98.34
3170.08	-69.29	-113.58
3182.05	-69.70	-128.24
3194.05	-69.92	-135.23
3206.11	-69.30	-146.18
3218.21	-68.89	-156.98
3230.35	-68.60	-172.06
3242.54	-68.73	175.95
3254.77	-68.35	160.29
3267.06	-68.84	142.60
3279.39	-68.57	132.31
3291.76	-68.28	123.78
3304.18	-68.80	108.87
3316.65	-68.30	97.47
3329.17	-67.85	88.21
3341.73	-68.31	74.01
3354.34	-68.01	58.66
3367.00	-68.76	44.06
3379.70	-69.36	36.63
3392.46	-68.92	24.36
3405.26	-69.42	14.14
3418.11	-68.52	1.20
3431.01	-68.98	-14.30
3443.95	-69.14	-23.52
3456.95	-68.85	-41.35
3469.99	-68.80	-55.36
3483.09	-69.32	-74.45
3496.23	-70.01	-82.13
3509.43	-69.65	-93.18
3522.67	-69.04	-108.81
3535.96	-68.34	-127.22
3549.31	-68.31	-145.19
3562.70	-68.69	-161.27
3576.14	-69.40	-175.64
3589.64	-69.01	166.94
3603.18	-69.55	156.46
3616.78	-69.26	143.75
3630.43	-69.19	131.53
3644.13	-69.32	118.13
3657.88	-68.53	108.44
3671.68	-68.46	89.54
3685.54	-68.45	78.56
3699.45	-68.15	66.21
3713.41	-67.85	56.55
3727.42	-67.57	38.06
3741.49	-67.96	20.54
3755.60	-68.45	3.51
3769.78	-68.81	-6.79
3784.00	-69.05	-17.00
3798.28	-68.82	-32.47
3812.61	-69.18	-48.15
3827.00	-70.10	-61.89
3841.44	-69.40	-72.65
3855.94	-69.06	-94.10
3870.49	-68.46	-110.98
3885.09	-69.35	-134.63
3899.75	-70.04	-144.75
3914.47	-70.06	-152.76
3929.24	-68.41	-161.95
3944.07	-68.10	175.38
3958.95	-67.42	159.19
3973.89	-67.28	142.57
3988.89	-67.26	124.29
4003.94	-67.64	111.76
4019.05	-67.94	98.92
4034.22	-67.18	88.55
4049.44	-65.99	73.10
4064.72	-65.88	51.07
4080.06	-66.32	34.86
4095.46	-66.38	23.00
4110.91	-66.64	9.08
4126.42	-66.66	-6.43
4141.99	-66.66	-23.69
4157.62	-66.71	-38.32
4173.31	-66.79	-54.77
4189.06	-66.04	-73.59
4204.87	-66.21	-92.10
4220.74	-65.80	-106.60
4236.66	-65.39	-127.16
4252.65	-65.50	-148.74
4268.70	-65.46	-166.01
4284.81	-65.30	176.66
4300.98	-64.94	162.69
4317.21	-64.14	143.18
4333.50	-64.13	128.46
4349.85	-63.99	108.63
4366.26	-63.68	94.47
4382.74	-63.76	75.55
4399.28	-63.63	60.32
4415.88	-63.61	46.83
4432.54	-63.07	26.98
4449.27	-63.28	8.66
4466.06	-63.36	-9.51
4482.91	-63.16	-26.36
4499.83	-62.93	-43.38
4516.81	-63.07	-62.76
4533.85	-62.35	-86.56
4550.96	-62.68	-107.17
4568.14	-62.50	-125.49
4585.37	-62.52	-142.13
4602.68	-62.19	-162.60
4620.05	-61.71	177.99
4637.48	-61.43	155.59
4654.98	-61.56	136.46
4672.55	-61.66	120.37
4690.18	-61.40	104.01
4707.88	-60.53	83.11
4725.64	-60.45	61.33
4743.48	-60.71	40.86
4761.38	-60.98	20.84
4779.34	-60.61	1.28
4797.38	-60.66	-17.06
4815.48	-61.18	-39.48
4833.65	-61.67	-59.74
4851.89	-61.89	-78.42
4870.20	-61.34	-96.39
4888.58	-61.47	-117.07
4907.03	-60.94	-139.68
4925.54	-60.85	-162.04
4944.13	-60.73	179.11
4962.79	-60.65	155.57
4981.52	-60.31	135.26
5000.31	-60.58	114.75
5019.18	-60.51	96.61
5038.12	-60.14	75.26
5057.14	-60.18	55.31
5076.22	-60.52	32.07
5095.37	-60.33	14.85
5114.60	-60.77	-8.14
5133.90	-61.06	-29.01
5153.27	-60.57	-48.68
5172.72	-60.99	-72.22
5192.24	-61.69	-96.26
5211.83	-61.45	-111.34
5231.50	-60.98	-136.89
5251.24	-60.96	-163.78
5271.06	-61.26	173.66
5290.95	-61.66	151.98
5310.91	-61.16	134.48
5330.96	-61.33	115.06
5351.07	-60.94	91.61
5371.27	-61.02	72.19
5391.53	-61.41	50.76
5411.88	-61.27	29.79
5432.30	-61.14	10.03
5452.80	-61.55	-18.48
5473.38	-62.44	-35.45
5494.03	-62.71	-57.90
5514.76	-62.51	-75.92
5535.57	-61.99	-101.04
5556.46	-62.03	-130.20
5577.43	-63.17	-157.33
5598.48	-63.35	-167.66
5619.60	-61.63	170.06
5640.81	-61.54	138.72
5662.10	-62.41	115.45
5683.46	-62.55	96.10
5704.91	-62.24	77.73
5726.44	-61.89	52.50
5748.05	-62.63	34.59
5769.74	-62.87	14.26
5791.51	-62.37	-4.64
5813.36	-62.70	-30.91
5835.30	-63.20	-51.87
5857.32	-63.00	-75.74
5879.42	-62.52	-98.31
5901.61	-62.20	-127.15
5923.88	-62.55	-151.57
5946.23	-61.77	-176.05
5968.67	-61.64	158.33
5991.20	-62.07	125.83
6013.80	-63.14	110.72
6036.50	-62.45	94.22
6059.28	-62.26	71.65
6082.14	-62.37	45.43
6105.09	-62.86	28.48
6128.13	-61.63	6.31
6151.26	-61.00	-22.19
6174.47	-61.76	-53.74
6197.77	-62.44	-72.20
6221.16	-62.01	-98.51
6244.63	-62.43	-126.15
6268.20	-61.69	-146.74
6291.85	-61.16	-177.82
6315.59	-61.28	156.48
6339.42	-61.00	132.15
6363.35	-59.94	108.64
6387.36	-59.76	75.84
6411.46	-60.94	52.57
6435.66	-62.24	29.84
6459.94	-62.74	16.30
6484.32	-61.64	-4.96
6508.79	-60.66	-32.71
6533.35	-60.34	-62.07
6558.00	-60.33	-88.61
6582.75	-60.39	-118.51
6607.59	-60.57	-147.43
6632.53	-60.65	-173.13
6657.55	-59.83	166.86
6682.68	-59.06	134.27
6707.90	-59.20	109.74
6733.21	-59.18	84.19
6758.62	-58.16	61.46
6784.12	-57.57	34.04
6809.72	-58.33	2.75
6835.42	-58.56	-22.14
6861.21	-58.55	-48.28
6887.10	-58.24	-72.35
6913.09	-57.37	-101.59
6939.18	-57.66	-134.96
6965.36	-57.26	-157.71
6991.65	-55.95	172.57
7018.03	-55.74	142.01
7044.51	-56.14	115.09
7071.10	-54.86	89.65
7097.78	-54.19	57.13
7124.56	-53.90	25.65
7151.45	-54.12	-2.53
7178.44	-53.31	-28.15
7205.52	-52.54	-61.76
7232.71	-52.57	-99.27
7260.01	-52.48	-129.25
7287.40	-51.87	-158.25
7314.90	-50.95	164.28
7342.51	-51.00	129.51
7370.21	-50.96	99.86
7398.03	-50.39	64.55
7425.94	-50.75	27.86
7453.97	-51.54	-3.69
7482.09	-51.52	-34.54
7510.33	-51.11	-69.07
7538.67	-51.87	-107.00
7567.12	-52.86	-138.98
7595.67	-52.56	-168.74
7624.33	-52.67	155.40
7653.10	-52.94	122.34
7681.98	-53.58	94.13
7710.97	-53.41	60.93
7740.07	-54.46	30.12
7769.28	-54.95	1.48
7798.60	-54.57	-26.20
7828.02	-54.78	-61.94
7857.56	-55.01	-94.80
7887.21	-55.50	-129.08
7916.98	-55.69	-163.66
7946.85	-55.95	164.54
7976.84	-56.21	131.89
8006.94	-56.47	108.85
8037.16	-55.58	73.57
8067.49	-56.55	44.51
8097.93	-56.06	17.68
8128.49	-56.24	-19.00
8159.16	-56.05	-49.11
8189.95	-56.62	-83.58
8220.86	-56.00	-116.31
8251.88	-55.63	-153.43
8283.02	-55.53	168.01
8314.27	-56.36	134.89
8345.65	-55.96	107.76
8377.14	-55.68	70.59
8408.75	-55.82	37.44
8440.48	-56.05	5.70
8472.33	-55.82	-28.13
8504.30	-56.05	-62.97
8536.40	-56.97	-97.58
8568.61	-56.58	-129.55
8600.94	-55.58	-168.54
8633.40	-55.89	152.04
8665.98	-56.23	117.28
8698.68	-55.89	86.64
8731.51	-55.75	53.49
8764.46	-56.12	21.25
8797.53	-56.33	-12.99
8830.73	-55.73	-47.08
8864.05	-55.53	-83.68
8897.50	-55.56	-124.22
8931.07	-55.43	-160.27
8964.78	-54.79	163.20
8998.61	-54.13	127.12
9032.56	-53.88	86.83
9066.65	-54.22	50.39
9100.86	-53.93	13.84
9135.20	-53.90	-23.54
9169.68	-54.06	-63.85
9204.28	-53.94	-108.01
9239.01	-54.20	-150.20
9273.88	-54.54	173.28
9308.87	-54.06	134.41
9344.00	-53.79	91.03
9379.26	-54.43	56.47
9414.65	-54.03	16.00
9450.18	-54.98	-26.61
9485.84	-55.11	-60.98
9521.64	-55.14	-106.40
9557.57	-56.09	-149.94
9593.64	-55.51	176.95
9629.84	-55.37	132.40
9666.18	-56.16	93.16
9702.65	-56.15	58.29
9739.27	-56.98	16.74
9776.02	-57.79	-21.94
9812.91	-58.09	-62.84
9849.94	-58.52	-105.56
9887.11	-59.68	-147.23
9924.42	-59.18	176.08
9961.87	-59.90	137.77
9999.46	-59.61	102.06
10037.19	-59.63	63.68
10075.07	-60.21	29.29
10113.09	-59.22	-5.17
10151.25	-60.14	-48.84
10189.55	-61.03	-84.83
10228.01	-60.29	-128.38
10266.60	-60.21	-169.99
10305.34	-58.85	150.43
10344.23	-58.06	105.61
10383.27	-59.27	68.22
10422.45	-58.07	29.57
10461.78	-58.88	-11.99
10501.26	-58.32	-48.56
10540.88	-57.87	-96.61
10580.66	-58.33	-146.79
10620.59	-56.54	172.04
10660.66	-57.20	121.09
10700.89	-56.79	81.56
10741.27	-56.21	40.13
10781.81	-56.40	-6.95
10822.49	-57.30	-53.48
10863.33	-57.49	-102.97
10904.33	-57.04	-145.13
10945.47	-56.98	161.32
10986.78	-57.14	113.54
11028.24	-57.32	72.25
11069.85	-58.02	23.02
11111.63	-58.98	-12.79
11153.56	-58.90	-61.88
11195.64	-60.17	-115.25
11237.89	-60.09	-158.99
11280.30	-60.44	151.36
11322.87	-60.16	109.88
11365.59	-60.56	66.79
11408.48	-60.19	28.47
11451.53	-60.82	-16.96
11494.75	-62.20	-64.94
11538.12	-62.68	-115.14
11581.66	-62.68	-162.16
11625.37	-61.87	151.93
11669.24	-60.72	105.32
11713.27	-61.01	59.21
11757.47	-61.77	18.53
11801.84	-62.21	-27.68
11846.37	-63.85	-76.45
11891.08	-63.30	-125.22
11935.95	-63.28	178.76
11980.99	-62.56	135.53
12026.20	-61.88	86.15
12071.58	-62.50	45.91
12117.14	-62.16	1.68
12162.86	-64.14	-48.35
12208.76	-63.95	-96.01
12254.83	-63.40	-157.71
12301.07	-64.00	151.13
12347.49	-62.58	110.54
12394.08	-62.11	59.45
12440.85	-62.89	15.39
12487.80	-63.34	-30.50
12534.92	-64.03	-91.57
12582.23	-65.64	-144.28
12629.71	-64.46	169.14
12677.37	-62.81	118.14
12725.20	-62.38	70.60
12773.22	-62.98	21.68
12821.42	-63.62	-23.20
12869.81	-65.10	-77.01
12918.37	-65.31	-135.25
12967.12	-64.13	171.70
13016.05	-62.82	115.74
13065.17	-62.59	68.28
13114.47	-63.14	21.31
13163.96	-63.59	-26.66
13213.64	-64.36	-85.42
13263.50	-64.34	-146.93
13313.55	-64.12	156.38
13363.79	-62.87	107.27
13414.22	-62.64	59.26
13464.84	-62.87	8.04
13515.65	-64.48	-43.97
13566.65	-65.39	-101.43
13617.84	-64.78	-163.54
13669.23	-63.10	137.96
13720.81	-63.07	87.90
13772.59	-62.72	38.20
13824.56	-63.83	-10.04
13876.73	-64.47	-64.77
13929.09	-64.71	-126.79
13981.66	-63.86	167.99
14034.42	-62.83	115.52
14087.38	-62.23	60.45
14140.54	-62.34	9.35
14193.90	-63.50	-45.93
14247.46	-63.74	-115.32
14301.22	-64.15	179.52
14355.19	-63.60	125.15
14409.36	-62.59	76.49
14463.73	-62.55	21.70
14518.31	-63.59	-36.39
14573.10	-64.07	-104.45
14628.09	-64.86	-165.90
14683.29	-62.96	135.67
14738.70	-62.58	79.99
14794.32	-62.57	27.22
14850.15	-63.57	-34.63
14906.18	-64.21	-101.57
14962.43	-64.20	-169.73
15018.90	-63.08	129.56
15075.57	-62.50	71.78
15132.46	-62.43	18.01
15189.56	-63.22	-39.62
15246.88	-64.05	-109.28
15304.42	-63.37	-179.51
15362.17	-62.45	120.67
15420.14	-62.51	65.40
15478.33	-63.14	6.36
15536.74	-64.59	-53.79
15595.37	-65.18	-128.13
15654.22	-63.91	161.86
15713.29	-62.88	101.51
15772.58	-62.67	48.09
15832.10	-63.84	-9.87
15891.85	-65.40	-83.07
15951.81	-65.15	-156.79
16012.01	-63.67	137.91
16072.43	-62.96	80.69
16133.08	-63.64	19.50
16193.96	-65.13	-44.10
16255.07	-65.70	-118.33
16316.41	-65.44	170.21
16377.98	-64.34	107.05
16439.79	-63.28	46.96
16501.82	-63.97	-7.73
16564.09	-66.28	-79.58
16626.60	-66.24	-159.28
16689.34	-64.34	133.30
16752.32	-64.49	71.57
16815.54	-63.75	14.18
16878.99	-65.30	-50.48
16942.69	-66.37	-134.16
17006.62	-64.15	154.74
17070.79	-63.66	88.69
17135.21	-62.92	25.61
17199.87	-64.33	-35.92
17264.78	-65.32	-120.16
17329.93	-64.20	164.62
17395.32	-62.88	94.79
17460.97	-62.43	32.41
17526.86	-63.79	-36.32
17593.00	-64.87	-111.26
17659.38	-63.80	160.27
17726.02	-62.77	94.07
17792.91	-62.76	27.57
17860.06	-64.11	-41.73
17927.45	-64.78	-123.58
17995.10	-64.38	155.84
18063.01	-62.66	88.40
18131.17	-63.06	20.58
18199.59	-64.95	-50.35
18268.27	-64.90	-134.74
18337.21	-63.63	141.20
18406.40	-62.56	73.45
18475.86	-62.94	6.56
18545.58	-64.51	-74.60
18615.56	-64.71	-164.47
18685.81	-63.59	117.29
18756.32	-62.97	47.76
18827.10	-64.40	-25.78
18898.15	-66.30	-113.48
18969.46	-65.76	159.62
19041.04	-64.37	85.34
19112.90	-64.70	16.13
19185.02	-67.17	-62.29
19257.42	-68.74	-156.37
19330.09	-66.98	119.93
19403.03	-65.79	56.95
19476.25	-67.36	-10.17
19549.74	-70.98	-101.57
19623.51	-69.45	159.36
19697.56	-67.04	87.45
19771.89	-67.57	23.36
19846.51	-71.38	-48.92
19921.40	-72.85	-162.58
19996.57	-69.29	112.10
20072.03	-68.54	50.70
20147.78	-70.45	-12.87
20223.80	-76.73	-115.81
20300.12	-72.44	137.79
20376.72	-69.76	75.58
20453.62	-70.38	18.18
20530.80	-76.28	-58.81
20608.28	-75.81	167.14
20686.04	-70.90	95.06
20764.10	-70.47	37.51
20842.46	-74.09	-27.19
20921.11	-77.64	-160.61
21000.06	-71.88	107.97
21079.30	-70.48	46.78
21158.85	-73.93	-17.86
21238.69	-79.07	-151.77
21318.84	-73.00	105.76
21399.29	-71.12	49.18
21480.04	-75.30	-6.41
21561.09	-82.33	-144.03
21642.46	-73.54	100.77
21724.12	-72.31	49.43
21806.10	-77.11	-5.51
21888.39	-81.22	160.46
21970.99	-74.25	85.36
22053.89	-74.10	40.15
22137.12	-80.74	23.49
22220.65	-78.48	101.39
22304.50	-74.53	64.83
