Freq[Hz]	[dBV]	Phase[Deg]
10.00	-61.64	153.54
10.04	-61.84	154.46
10.08	-62.04	155.41
10.11	-62.25	156.40
10.15	-62.46	157.42
10.19	-62.67	158.47
10.23	-62.88	159.56
10.27	-63.09	160.67
10.31	-63.30	161.82
10.34	-63.51	163.00
10.38	-63.72	164.21
10.42	-63.94	165.45
10.46	-64.15	166.72
10.50	-64.37	168.01
10.54	-64.58	169.33
10.58	-64.80	170.68
10.62	-65.01	172.05
10.66	-65.23	173.45
10.70	-65.44	174.87
10.74	-65.66	176.31
10.78	-65.87	177.77
10.82	-66.08	179.26
10.86	-66.29	-179.23
10.90	-66.50	-177.71
10.95	-66.71	-176.17
10.99	-66.92	-174.61
11.03	-67.12	-173.03
11.07	-67.33	-171.44
11.11	-67.53	-169.84
11.15	-67.73	-168.22
11.20	-67.92	-166.59
11.24	-68.12	-164.95
11.28	-68.31	-163.31
11.32	-68.50	-161.65
11.37	-68.68	-159.99
11.41	-68.86	-158.32
11.45	-69.04	-156.65
11.50	-69.21	-154.97
11.54	-69.38	-153.30
11.58	-69.54	-151.62
11.63	-69.70	-149.95
11.67	-69.86	-148.28
11.71	-70.01	-146.62
11.76	-70.15	-144.96
11.80	-70.29	-143.30
11.85	-70.42	-141.66
11.89	-70.55	-140.03
11.94	-70.67	-138.40
11.98	-70.79	-136.79
12.03	-70.90	-135.19
12.07	-71.01	-133.61
12.12	-71.11	-132.04
12.16	-71.21	-130.49
12.21	-71.30	-128.96
12.26	-71.39	-127.45
12.30	-71.48	-125.96
12.35	-71.56	-124.49
12.39	-71.64	-123.05
12.44	-71.71	-121.63
12.49	-71.78	-120.24
12.54	-71.85	-118.87
12.58	-71.91	-117.54
12.63	-71.97	-116.24
12.68	-72.03	-114.97
12.73	-72.08	-113.74
12.77	-72.13	-112.54
12.82	-72.18	-111.39
12.87	-72.23	-110.27
12.92	-72.28	-109.20
12.97	-72.32	-108.16
13.02	-72.36	-107.18
13.07	-72.40	-106.24
13.12	-72.44	-105.35
13.16	-72.48	-104.52
13.21	-72.51	-103.73
13.26	-72.55	-103.01
13.31	-72.58	-102.34
13.36	-72.62	-101.73
13.41	-72.65	-101.18
13.47	-72.69	-100.70
13.52	-72.73	-100.28
13.57	-72.76	-99.93
13.62	-72.80	-99.65
13.67	-72.84	-99.45
13.72	-72.88	-99.32
13.77	-72.92	-99.27
13.83	-72.97	-99.30
13.88	-73.01	-99.41
13.93	-73.06	-99.61
13.98	-73.11	-99.89
14.04	-73.17	-100.27
14.09	-73.23	-100.74
14.14	-73.29	-101.31
14.19	-73.36	-101.98
14.25	-73.43	-102.75
14.30	-73.51	-103.62
14.36	-73.59	-104.61
14.41	-73.68	-105.70
14.46	-73.77	-106.91
14.52	-73.87	-108.23
14.57	-73.98	-109.68
14.63	-74.09	-111.25
14.68	-74.21	-112.94
14.74	-74.34	-114.77
14.80	-74.48	-116.71
14.85	-74.62	-118.78
14.91	-74.77	-120.97
14.96	-74.92	-123.27
15.02	-75.09	-125.70
15.08	-75.26	-128.23
15.13	-75.43	-130.87
15.19	-75.61	-133.62
15.25	-75.80	-136.48
15.31	-75.99	-139.43
15.36	-76.19	-142.48
15.42	-76.39	-145.63
15.48	-76.60	-148.87
15.54	-76.81	-152.21
15.60	-77.03	-155.62
15.66	-77.25	-159.12
15.71	-77.47	-162.70
15.77	-77.70	-166.35
15.83	-77.93	-170.07
15.89	-78.16	-173.87
15.95	-78.39	-177.72
16.01	-78.63	178.36
16.07	-78.87	174.39
16.13	-79.11	170.36
16.19	-79.35	166.29
16.26	-79.60	162.17
16.32	-79.84	158.02
16.38	-80.09	153.83
16.44	-80.33	149.61
16.50	-80.57	145.36
16.56	-80.81	141.10
16.63	-81.06	136.82
16.69	-81.30	132.52
16.75	-81.53	128.23
16.82	-81.77	123.93
16.88	-82.00	119.64
16.94	-82.23	115.37
17.01	-82.45	111.11
17.07	-82.67	106.87
17.14	-82.89	102.66
17.20	-83.10	98.48
17.27	-83.30	94.35
17.33	-83.50	90.27
17.40	-83.69	86.24
17.46	-83.88	82.27
17.53	-84.06	78.36
17.59	-84.23	74.53
17.66	-84.39	70.78
17.73	-84.54	67.11
17.79	-84.68	63.52
17.86	-84.82	60.01
17.93	-84.95	56.57
18.00	-85.07	53.22
18.06	-85.18	49.94
18.13	-85.28	46.73
18.20	-85.38	43.61
18.27	-85.47	40.55
18.34	-85.55	37.58
18.41	-85.62	34.67
18.48	-85.69	31.84
18.55	-85.75	29.09
18.62	-85.80	26.40
18.69	-85.85	23.79
18.76	-85.89	21.25
18.83	-85.93	18.78
18.90	-85.95	16.37
18.97	-85.98	14.04
19.04	-85.99	11.77
19.11	-86.00	9.57
19.19	-86.01	7.44
19.26	-86.01	5.37
19.33	-86.01	3.36
19.40	-86.00	1.42
19.48	-85.98	-0.46
19.55	-85.97	-2.28
19.62	-85.94	-4.04
19.70	-85.92	-5.75
19.77	-85.89	-7.39
19.85	-85.86	-8.99
19.92	-85.82	-10.52
20.00	-85.79	-12.00
20.07	-85.75	-13.44
20.15	-85.70	-14.82
20.22	-85.66	-16.15
20.30	-85.61	-17.43
20.38	-85.56	-18.67
20.45	-85.52	-19.87
20.53	-85.47	-21.02
20.61	-85.42	-22.13
20.69	-85.37	-23.19
20.77	-85.32	-24.22
20.84	-85.27	-25.19
20.92	-85.22	-26.12
21.00	-85.18	-27.00
21.08	-85.13	-27.83
21.16	-85.09	-28.61
21.24	-85.05	-29.34
21.32	-85.02	-30.01
21.40	-84.99	-30.62
21.48	-84.96	-31.18
21.56	-84.94	-31.68
21.64	-84.92	-32.12
21.73	-84.91	-32.50
21.81	-84.91	-32.82
21.89	-84.91	-33.07
21.97	-84.92	-33.25
22.06	-84.94	-33.37
22.14	-84.97	-33.41
22.22	-85.00	-33.39
22.31	-85.05	-33.29
22.39	-85.10	-33.11
22.47	-85.17	-32.86
22.56	-85.25	-32.53
22.64	-85.34	-32.12
22.73	-85.44	-31.63
22.82	-85.56	-31.05
22.90	-85.69	-30.38
22.99	-85.83	-29.63
23.07	-86.00	-28.79
23.16	-86.17	-27.85
23.25	-86.37	-26.82
23.34	-86.58	-25.69
23.43	-86.81	-24.46
23.51	-87.06	-23.13
23.60	-87.33	-21.71
23.69	-87.62	-20.18
23.78	-87.92	-18.56
23.87	-88.24	-16.85
23.96	-88.57	-15.05
24.05	-88.92	-13.16
24.14	-89.27	-11.19
24.23	-89.64	-9.13
24.32	-90.02	-7.00
24.42	-90.40	-4.78
24.51	-90.79	-2.50
24.60	-91.19	-0.14
24.69	-91.59	2.28
24.79	-91.99	4.77
24.88	-92.39	7.32
24.97	-92.79	9.92
25.07	-93.19	12.58
25.16	-93.59	15.29
25.26	-93.98	18.05
25.35	-94.36	20.85
25.45	-94.74	23.70
25.54	-95.11	26.57
25.64	-95.46	29.48
25.74	-95.80	32.42
25.84	-96.12	35.38
25.93	-96.43	38.36
26.03	-96.72	41.35
26.13	-96.98	44.36
26.23	-97.23	47.37
26.33	-97.45	50.38
26.43	-97.64	53.39
26.53	-97.80	56.40
26.63	-97.93	59.39
26.73	-98.04	62.37
26.83	-98.13	65.34
26.93	-98.18	68.29
27.03	-98.21	71.23
27.13	-98.22	74.14
27.23	-98.20	77.02
27.34	-98.16	79.88
27.44	-98.10	82.71
27.54	-98.01	85.50
27.65	-97.90	88.26
27.75	-97.78	90.98
27.86	-97.63	93.65
27.96	-97.46	96.29
28.07	-97.27	98.87
28.17	-97.07	101.40
28.28	-96.85	103.87
28.39	-96.61	106.28
28.49	-96.36	108.64
28.60	-96.09	110.92
28.71	-95.81	113.14
28.82	-95.52	115.28
28.93	-95.21	117.35
29.03	-94.90	119.33
29.14	-94.57	121.23
29.25	-94.24	123.04
29.36	-93.89	124.76
29.48	-93.54	126.38
29.59	-93.19	127.91
29.70	-92.83	129.36
29.81	-92.46	130.72
29.92	-92.10	132.00
30.04	-91.73	133.20
30.15	-91.36	134.33
30.26	-91.00	135.38
30.38	-90.64	136.36
30.49	-90.28	137.28
30.61	-89.93	138.13
30.72	-89.58	138.93
30.84	-89.25	139.67
30.95	-88.92	140.36
31.07	-88.61	141.00
31.19	-88.31	141.59
31.31	-88.02	142.15
31.42	-87.75	142.67
31.54	-87.50	143.16
31.66	-87.27	143.62
31.78	-87.06	144.06
31.90	-86.87	144.48
32.02	-86.71	144.88
32.14	-86.58	145.28
32.26	-86.47	145.67
32.39	-86.40	146.06
32.51	-86.35	146.45
32.63	-86.32	146.83
32.75	-86.33	147.21
32.88	-86.35	147.59
33.00	-86.40	147.97
33.13	-86.46	148.34
33.25	-86.54	148.70
33.38	-86.64	149.06
33.50	-86.75	149.41
33.63	-86.87	149.76
33.76	-87.00	150.09
33.88	-87.14	150.42
34.01	-87.28	150.74
34.14	-87.43	151.05
34.27	-87.57	151.35
34.40	-87.71	151.64
34.53	-87.85	151.91
34.66	-87.98	152.18
34.79	-88.10	152.42
34.92	-88.21	152.66
35.05	-88.31	152.88
35.18	-88.38	153.08
35.32	-88.44	153.26
35.45	-88.48	153.43
35.58	-88.50	153.57
35.72	-88.50	153.68
35.85	-88.48	153.75
35.99	-88.45	153.80
36.12	-88.40	153.80
36.26	-88.33	153.75
36.40	-88.24	153.66
36.53	-88.14	153.52
36.67	-88.03	153.32
36.81	-87.90	153.05
36.95	-87.76	152.73
37.09	-87.60	152.33
37.23	-87.43	151.85
37.37	-87.25	151.29
37.51	-87.06	150.65
37.65	-86.86	149.92
37.79	-86.65	149.10
37.94	-86.42	148.17
38.08	-86.19	147.14
38.22	-85.95	146.00
38.37	-85.71	144.75
38.51	-85.45	143.42
38.66	-85.19	142.02
38.80	-84.93	140.55
38.95	-84.66	139.03
39.10	-84.38	137.48
39.24	-84.11	135.90
39.39	-83.83	134.31
39.54	-83.55	132.73
39.69	-83.27	131.17
39.84	-82.99	129.64
39.99	-82.71	128.16
40.14	-82.43	126.74
40.29	-82.16	125.41
40.45	-81.89	124.17
40.60	-81.63	123.05
40.75	-81.37	122.06
40.90	-81.12	121.22
41.06	-80.87	120.54
41.21	-80.64	120.03
41.37	-80.42	119.69
41.53	-80.20	119.50
41.68	-80.00	119.44
41.84	-79.80	119.51
42.00	-79.61	119.68
42.16	-79.43	119.95
42.32	-79.27	120.30
42.47	-79.11	120.71
42.63	-78.96	121.17
42.80	-78.82	121.67
42.96	-78.69	122.18
43.12	-78.57	122.69
43.28	-78.46	123.19
43.45	-78.36	123.65
43.61	-78.27	124.06
43.77	-78.20	124.41
43.94	-78.13	124.66
44.10	-78.07	124.82
44.27	-78.02	124.87
44.44	-77.99	124.83
44.61	-77.95	124.72
44.77	-77.93	124.52
44.94	-77.90	124.27
45.11	-77.88	123.95
45.28	-77.87	123.59
45.45	-77.85	123.19
45.63	-77.83	122.77
45.80	-77.81	122.33
45.97	-77.78	121.88
46.14	-77.75	121.43
46.32	-77.71	120.99
46.49	-77.66	120.58
46.67	-77.61	120.21
46.84	-77.53	119.88
47.02	-77.45	119.61
47.20	-77.35	119.39
47.38	-77.24	119.22
47.56	-77.12	119.08
47.74	-76.98	118.98
47.92	-76.84	118.89
48.10	-76.68	118.81
48.28	-76.52	118.74
48.46	-76.34	118.66
48.64	-76.17	118.56
48.83	-75.98	118.44
49.01	-75.79	118.27
49.20	-75.59	118.07
49.38	-75.39	117.80
49.57	-75.19	117.47
49.75	-74.99	117.05
49.94	-74.79	116.55
50.13	-74.59	115.97
50.32	-74.38	115.31
50.51	-74.18	114.58
50.70	-73.98	113.81
50.89	-73.78	112.99
51.08	-73.58	112.15
51.28	-73.39	111.29
51.47	-73.19	110.43
51.66	-73.00	109.58
51.86	-72.81	108.75
52.05	-72.62	107.96
52.25	-72.44	107.22
52.45	-72.26	106.54
52.65	-72.09	105.94
52.85	-71.91	105.44
53.04	-71.75	105.02
53.24	-71.58	104.69
53.45	-71.42	104.43
53.65	-71.27	104.22
53.85	-71.11	104.05
54.05	-70.96	103.91
54.26	-70.81	103.79
54.46	-70.66	103.67
54.67	-70.51	103.53
54.87	-70.36	103.37
55.08	-70.21	103.16
55.29	-70.06	102.90
55.50	-69.90	102.55
55.71	-69.75	102.12
55.92	-69.59	101.59
56.13	-69.43	100.96
56.34	-69.27	100.25
56.55	-69.10	99.44
56.77	-68.94	98.57
56.98	-68.77	97.62
57.19	-68.59	96.62
57.41	-68.41	95.56
57.63	-68.23	94.45
57.84	-68.05	93.30
58.06	-67.86	92.13
58.28	-67.67	90.93
58.50	-67.48	89.71
58.72	-67.28	88.49
58.94	-67.08	87.27
59.17	-66.87	86.05
59.39	-66.67	84.81
59.61	-66.46	83.57
59.84	-66.26	82.32
60.06	-66.05	81.05
60.29	-65.85	79.77
60.52	-65.65	78.47
60.75	-65.45	77.16
60.98	-65.26	75.82
61.21	-65.08	74.46
61.44	-64.90	73.08
61.67	-64.73	71.67
61.90	-64.57	70.23
62.14	-64.42	68.76
62.37	-64.27	67.27
62.61	-64.14	65.75
62.84	-64.01	64.21
63.08	-63.89	62.64
63.32	-63.77	61.06
63.56	-63.67	59.45
63.80	-63.56	57.82
64.04	-63.47	56.17
64.28	-63.38	54.51
64.52	-63.29	52.82
64.76	-63.21	51.13
65.01	-63.14	49.41
65.25	-63.07	47.69
65.50	-63.01	45.95
65.75	-62.94	44.20
66.00	-62.89	42.44
66.24	-62.84	40.66
66.49	-62.79	38.88
66.75	-62.74	37.09
67.00	-62.70	35.29
67.25	-62.67	33.48
67.50	-62.63	31.67
67.76	-62.60	29.86
68.01	-62.58	28.04
68.27	-62.55	26.23
68.53	-62.54	24.43
68.79	-62.52	22.63
69.05	-62.51	20.86
69.31	-62.50	19.10
69.57	-62.50	17.36
69.83	-62.50	15.65
70.09	-62.51	13.97
70.36	-62.52	12.33
70.62	-62.54	10.73
70.89	-62.56	9.16
71.16	-62.59	7.61
71.43	-62.62	6.10
71.70	-62.66	4.60
71.97	-62.70	3.12
72.24	-62.75	1.65
72.51	-62.80	0.19
72.79	-62.85	-1.27
73.06	-62.90	-2.74
73.34	-62.96	-4.22
73.61	-63.03	-5.71
73.89	-63.09	-7.21
74.17	-63.16	-8.71
74.45	-63.22	-10.21
74.73	-63.29	-11.71
75.01	-63.36	-13.19
75.29	-63.42	-14.66
75.58	-63.49	-16.11
75.86	-63.55	-17.53
76.15	-63.60	-18.91
76.44	-63.65	-20.26
76.73	-63.70	-21.57
77.02	-63.75	-22.84
77.31	-63.80	-24.05
77.60	-63.84	-25.21
77.89	-63.89	-26.31
78.18	-63.94	-27.34
78.48	-64.00	-28.31
78.78	-64.06	-29.20
79.07	-64.14	-30.02
79.37	-64.22	-30.75
79.67	-64.31	-31.42
79.97	-64.40	-32.04
80.27	-64.51	-32.65
80.58	-64.61	-33.25
80.88	-64.73	-33.88
81.19	-64.84	-34.55
81.49	-64.95	-35.29
81.80	-65.06	-36.13
82.11	-65.16	-37.09
82.42	-65.27	-38.18
82.73	-65.36	-39.38
83.04	-65.46	-40.65
83.35	-65.54	-41.98
83.67	-65.63	-43.34
83.99	-65.71	-44.69
84.30	-65.78	-46.00
84.62	-65.85	-47.26
84.94	-65.92	-48.42
85.26	-65.99	-49.47
85.58	-66.05	-50.40
85.90	-66.11	-51.23
86.23	-66.16	-51.98
86.55	-66.22	-52.67
86.88	-66.27	-53.31
87.21	-66.33	-53.91
87.54	-66.38	-54.50
87.87	-66.44	-55.08
88.20	-66.49	-55.69
88.53	-66.55	-56.31
88.87	-66.61	-56.94
89.20	-66.68	-57.58
89.54	-66.74	-58.23
89.88	-66.81	-58.87
90.22	-66.87	-59.51
90.56	-66.94	-60.15
90.90	-67.02	-60.77
91.24	-67.09	-61.37
91.59	-67.17	-61.97
91.93	-67.25	-62.55
92.28	-67.32	-63.14
92.63	-67.40	-63.72
92.98	-67.48	-64.31
93.33	-67.56	-64.90
93.68	-67.63	-65.51
94.03	-67.70	-66.13
94.39	-67.77	-66.77
94.74	-67.84	-67.41
95.10	-67.91	-68.05
95.46	-67.97	-68.67
95.82	-68.03	-69.28
96.18	-68.08	-69.86
96.54	-68.13	-70.41
96.91	-68.18	-70.92
97.27	-68.22	-71.39
97.64	-68.26	-71.84
98.01	-68.30	-72.29
98.38	-68.34	-72.76
98.75	-68.37	-73.26
99.12	-68.41	-73.82
99.50	-68.44	-74.46
99.87	-68.48	-75.18
100.25	-68.52	-75.98
100.63	-68.56	-76.83
101.01	-68.60	-77.69
101.39	-68.64	-78.54
101.77	-68.68	-79.33
102.16	-68.72	-80.04
102.54	-68.75	-80.63
102.93	-68.79	-81.08
103.32	-68.82	-81.40
103.71	-68.85	-81.64
104.10	-68.89	-81.82
104.49	-68.93	-81.99
104.88	-68.97	-82.17
105.28	-69.03	-82.42
105.68	-69.10	-82.76
106.08	-69.18	-83.21
106.48	-69.26	-83.73
106.88	-69.35	-84.30
107.28	-69.43	-84.90
107.69	-69.49	-85.50
108.09	-69.54	-86.07
108.50	-69.56	-86.58
108.91	-69.56	-87.03
109.32	-69.54	-87.43
109.73	-69.50	-87.82
110.15	-69.46	-88.22
110.56	-69.43	-88.65
110.98	-69.41	-89.16
111.40	-69.41	-89.76
111.82	-69.44	-90.47
112.24	-69.49	-91.26
112.67	-69.55	-92.09
113.09	-69.63	-92.93
113.52	-69.71	-93.72
113.95	-69.80	-94.44
114.38	-69.88	-95.04
114.81	-69.94	-95.50
115.24	-70.00	-95.87
115.68	-70.04	-96.19
116.11	-70.07	-96.51
116.55	-70.08	-96.87
116.99	-70.06	-97.32
117.43	-70.03	-97.91
117.87	-69.98	-98.63
118.32	-69.92	-99.45
118.77	-69.85	-100.30
119.21	-69.80	-101.13
119.66	-69.78	-101.90
120.12	-69.78	-102.55
120.57	-69.82	-103.05
121.02	-69.89	-103.44
121.48	-69.98	-103.79
121.94	-70.08	-104.18
122.40	-70.17	-104.68
122.86	-70.25	-105.37
123.32	-70.31	-106.31
123.79	-70.34	-107.48
124.26	-70.34	-108.76
124.73	-70.33	-110.02
125.20	-70.31	-111.14
125.67	-70.28	-112.00
126.14	-70.26	-112.47
126.62	-70.25	-112.52
127.10	-70.25	-112.29
127.58	-70.25	-111.95
128.06	-70.28	-111.64
128.54	-70.32	-111.54
129.03	-70.37	-111.80
129.51	-70.44	-112.51
130.00	-70.52	-113.56
130.49	-70.59	-114.82
130.98	-70.65	-116.17
131.48	-70.67	-117.46
131.98	-70.66	-118.56
132.47	-70.60	-119.41
132.97	-70.53	-120.04
133.48	-70.44	-120.52
133.98	-70.38	-120.91
134.48	-70.36	-121.26
134.99	-70.40	-121.66
135.50	-70.50	-122.12
136.01	-70.64	-122.67
136.53	-70.79	-123.29
137.04	-70.94	-124.00
137.56	-71.04	-124.79
138.08	-71.09	-125.66
138.60	-71.08	-126.59
139.12	-71.03	-127.51
139.65	-70.96	-128.38
140.17	-70.89	-129.14
140.70	-70.83	-129.73
141.23	-70.81	-130.12
141.77	-70.81	-130.41
142.30	-70.84	-130.67
142.84	-70.89	-131.01
143.38	-70.96	-131.52
143.92	-71.05	-132.29
144.46	-71.14	-133.30
145.01	-71.23	-134.45
145.55	-71.30	-135.64
146.10	-71.36	-136.77
146.65	-71.39	-137.73
147.21	-71.39	-138.47
147.76	-71.38	-139.03
148.32	-71.37	-139.44
148.88	-71.38	-139.75
149.44	-71.43	-140.00
150.01	-71.52	-140.25
150.57	-71.64	-140.54
151.14	-71.78	-140.90
151.71	-71.90	-141.40
152.28	-71.98	-142.07
152.86	-72.01	-142.95
153.43	-72.00	-143.95
154.01	-71.97	-144.96
154.59	-71.93	-145.83
155.18	-71.93	-146.46
155.76	-71.97	-146.73
156.35	-72.04	-146.75
156.94	-72.12	-146.69
157.53	-72.18	-146.74
158.13	-72.19	-147.08
158.72	-72.13	-147.87
159.32	-72.03	-149.00
159.93	-71.91	-150.28
160.53	-71.83	-151.53
161.13	-71.83	-152.54
161.74	-71.93	-153.16
162.35	-72.11	-153.47
162.97	-72.32	-153.64
163.58	-72.52	-153.80
164.20	-72.68	-154.11
164.82	-72.77	-154.65
165.44	-72.80	-155.36
166.06	-72.80	-156.17
166.69	-72.79	-156.98
167.32	-72.81	-157.70
167.95	-72.85	-158.31
168.58	-72.90	-158.81
169.22	-72.94	-159.22
169.86	-72.98	-159.54
170.50	-72.98	-159.79
171.14	-72.96	-160.03
171.79	-72.92	-160.31
172.44	-72.86	-160.71
173.09	-72.80	-161.29
173.74	-72.72	-162.06
174.40	-72.66	-162.97
175.06	-72.63	-163.95
175.72	-72.63	-164.94
176.38	-72.68	-165.87
177.04	-72.76	-166.68
177.71	-72.83	-167.30
178.38	-72.87	-167.67
179.06	-72.85	-167.74
179.73	-72.76	-167.59
180.41	-72.65	-167.42
181.09	-72.55	-167.48
181.77	-72.51	-168.00
182.46	-72.56	-169.07
183.15	-72.65	-170.50
183.84	-72.74	-172.03
184.53	-72.81	-173.42
185.23	-72.81	-174.45
185.93	-72.75	-175.14
186.63	-72.67	-175.57
187.33	-72.58	-175.83
188.04	-72.52	-176.03
188.75	-72.48	-176.29
189.46	-72.46	-176.81
190.18	-72.46	-177.75
190.90	-72.47	-179.26
191.62	-72.48	178.85
192.34	-72.49	177.03
193.07	-72.49	175.75
193.79	-72.47	175.43
194.53	-72.43	175.94
195.26	-72.38	176.70
196.00	-72.34	177.08
196.74	-72.31	176.50
197.48	-72.30	174.94
198.22	-72.30	172.83
198.97	-72.30	170.63
199.72	-72.29	168.78
200.48	-72.28	167.37
201.23	-72.25	166.31
201.99	-72.21	165.47
202.75	-72.15	164.75
203.52	-72.08	164.08
204.29	-72.02	163.44
205.06	-71.98	162.78
205.83	-71.98	162.07
206.61	-72.01	161.31
207.39	-72.06	160.50
208.17	-72.14	159.65
208.96	-72.23	158.78
209.74	-72.31	157.95
210.54	-72.36	157.25
211.33	-72.36	156.72
212.13	-72.30	156.27
212.93	-72.21	155.57
213.73	-72.13	154.32
214.54	-72.08	152.27
215.35	-72.08	149.77
216.16	-72.14	147.43
216.98	-72.29	145.86
217.80	-72.50	145.32
218.62	-72.71	145.24
219.44	-72.87	144.94
220.27	-72.90	143.77
221.10	-72.82	141.83
221.94	-72.71	139.66
222.77	-72.63	137.85
223.61	-72.64	136.79
224.46	-72.75	136.34
225.30	-72.95	136.24
226.15	-73.24	136.25
227.01	-73.53	136.15
227.86	-73.74	135.71
228.72	-73.75	134.72
229.59	-73.52	133.22
230.45	-73.22	131.78
231.32	-72.99	131.06
232.20	-72.98	131.57
233.07	-73.15	132.81
233.95	-73.38	133.87
234.84	-73.55	133.87
235.72	-73.62	132.71
236.61	-73.65	131.06
237.50	-73.69	129.62
238.40	-73.75	128.76
239.30	-73.80	128.16
240.20	-73.80	127.38
241.11	-73.71	126.13
242.02	-73.59	124.67
242.93	-73.53	123.44
243.85	-73.59	122.84
244.77	-73.73	122.74
245.69	-73.81	122.78
246.62	-73.71	122.57
247.55	-73.44	122.06
248.48	-73.15	121.50
249.42	-72.98	121.11
250.36	-72.97	120.93
251.31	-73.05	120.69
252.26	-73.13	120.15
253.21	-73.17	119.21
254.16	-73.16	118.16
255.12	-73.14	117.28
256.09	-73.10	116.72
257.05	-73.03	116.33
258.02	-72.93	115.92
259.00	-72.79	115.33
259.97	-72.66	114.54
260.95	-72.60	113.54
261.94	-72.62	112.30
262.93	-72.62	110.82
263.92	-72.52	109.08
264.92	-72.28	107.18
265.92	-72.00	105.42
266.92	-71.81	104.11
267.93	-71.79	103.36
268.94	-71.89	102.89
269.95	-72.10	102.39
270.97	-72.35	101.62
271.99	-72.56	100.40
273.02	-72.63	98.58
274.05	-72.58	96.36
275.08	-72.49	94.29
276.12	-72.46	92.85
277.16	-72.45	91.86
278.21	-72.40	90.74
279.26	-72.23	89.02
280.31	-72.05	87.08
281.37	-71.97	85.56
282.43	-72.09	84.86
283.50	-72.28	84.56
284.57	-72.38	84.08
285.64	-72.32	83.17
286.72	-72.21	82.00
287.80	-72.13	80.77
288.89	-72.12	79.52
289.98	-72.12	78.18
291.07	-72.08	76.69
292.17	-72.04	75.03
293.27	-72.03	73.20
294.38	-72.07	71.45
295.49	-72.14	70.48
296.61	-72.22	70.94
297.73	-72.29	72.17
298.85	-72.35	72.53
299.98	-72.39	70.93
301.11	-72.40	68.61
302.25	-72.39	67.33
303.39	-72.34	67.46
304.53	-72.26	67.67
305.68	-72.15	66.78
306.83	-72.05	65.24
307.99	-72.02	64.16
309.15	-72.05	63.91
310.32	-72.08	63.63
311.49	-72.01	62.50
312.67	-71.89	61.04
313.85	-71.80	60.34
315.03	-71.76	60.59
316.22	-71.70	60.46
317.41	-71.56	58.77
318.61	-71.35	56.28
319.81	-71.14	54.50
321.02	-70.96	53.74
322.23	-70.85	52.62
323.45	-70.83	50.12
324.67	-70.89	47.34
325.89	-71.03	45.93
327.12	-71.15	45.70
328.36	-71.11	44.89
329.60	-70.88	42.70
330.84	-70.62	40.81
332.09	-70.54	40.81
333.34	-70.56	41.16
334.60	-70.54	39.13
335.86	-70.49	35.16
337.13	-70.63	33.11
338.40	-71.00	34.70
339.68	-71.23	35.93
340.96	-70.99	32.89
342.25	-70.51	27.86
343.54	-70.24	25.20
344.83	-70.26	25.17
346.14	-70.30	24.76
347.44	-70.22	22.80
348.75	-70.07	21.23
350.07	-69.93	21.27
351.39	-69.89	21.00
352.72	-70.05	18.41
354.05	-70.30	14.53
355.38	-70.47	11.45
356.72	-70.48	9.78
358.07	-70.33	9.10
359.42	-70.07	8.44
360.78	-69.81	6.31
362.14	-69.66	2.72
363.51	-69.71	0.30
364.88	-69.96	0.38
366.25	-70.19	0.40
367.64	-70.19	-1.79
369.02	-70.10	-4.45
370.42	-70.08	-5.64
371.81	-70.16	-6.87
373.22	-70.30	-10.27
374.63	-70.41	-13.85
376.04	-70.38	-14.29
377.46	-70.24	-13.23
378.88	-70.08	-14.61
380.31	-69.96	-17.53
381.75	-69.93	-18.20
383.19	-69.93	-17.46
384.63	-69.84	-19.40
386.09	-69.73	-23.88
387.54	-69.86	-27.38
389.00	-70.17	-29.31
390.47	-70.43	-31.61
391.95	-70.58	-34.38
393.43	-70.73	-36.13
394.91	-70.91	-36.77
396.40	-71.02	-37.42
397.90	-71.06	-38.69
399.40	-71.09	-40.67
400.90	-71.11	-42.12
402.42	-71.06	-41.28
403.94	-71.11	-40.24
405.46	-71.50	-42.84
406.99	-71.89	-46.72
408.53	-71.81	-47.48
410.07	-71.43	-47.52
411.61	-71.22	-50.69
413.17	-71.37	-54.23
414.73	-71.85	-55.03
416.29	-72.06	-55.73
417.86	-71.71	-58.17
419.44	-71.54	-59.26
421.02	-71.86	-57.85
422.61	-71.95	-57.23
424.21	-71.75	-58.75
425.81	-71.95	-61.09
427.41	-72.21	-62.97
429.03	-71.67	-63.49
430.65	-71.15	-64.05
432.27	-71.71	-66.34
433.90	-72.17	-68.75
435.54	-71.60	-69.63
437.18	-71.08	-69.36
438.83	-71.18	-69.47
440.49	-71.38	-72.36
442.15	-71.39	-76.49
443.82	-71.11	-78.21
445.49	-70.85	-78.89
447.18	-70.86	-81.15
448.86	-70.82	-85.34
450.56	-70.68	-90.15
452.26	-70.85	-92.69
453.96	-71.17	-93.14
455.68	-71.18	-93.60
457.40	-71.20	-94.08
459.12	-71.53	-94.79
460.85	-71.81	-97.66
462.59	-71.86	-101.48
464.34	-71.75	-102.56
466.09	-71.73	-103.28
467.85	-71.92	-106.47
469.62	-71.87	-109.44
471.39	-71.68	-110.21
473.17	-71.92	-108.92
474.95	-72.14	-109.20
476.74	-71.91	-113.09
478.54	-71.88	-115.94
480.35	-72.15	-117.00
482.16	-72.32	-118.83
483.98	-72.46	-119.70
485.81	-72.54	-119.19
487.64	-72.23	-120.86
489.48	-72.06	-123.43
491.33	-72.56	-124.44
493.18	-72.85	-126.32
495.04	-72.58	-129.66
496.91	-72.13	-132.04
498.79	-72.04	-129.13
500.67	-72.34	-124.46
502.56	-72.40	-129.67
504.45	-72.15	-136.16
506.36	-72.61	-135.88
508.27	-75.46	-135.04
510.19	-74.92	-123.63
512.11	-68.09	-103.55
514.04	-65.74	-116.12
515.98	-67.51	-142.95
517.93	-68.05	-148.96
519.89	-68.39	-151.08
521.85	-68.81	-155.97
523.82	-68.86	-159.75
525.79	-68.86	-160.80
527.78	-68.95	-162.87
529.77	-69.08	-168.05
531.77	-69.22	-169.62
533.78	-69.44	-170.30
535.79	-69.54	-174.39
537.81	-69.03	-179.15
539.84	-69.08	176.99
541.88	-69.77	174.32
543.92	-69.43	172.38
545.98	-69.57	170.55
548.04	-70.25	169.29
550.10	-70.00	168.61
552.18	-69.94	164.51
554.26	-70.16	159.02
556.35	-70.17	157.04
558.45	-70.26	159.25
560.56	-70.27	159.17
562.68	-70.22	153.92
564.80	-70.36	148.25
566.93	-70.42	148.24
569.07	-70.22	147.94
571.22	-70.04	142.88
573.37	-70.43	140.62
575.54	-70.20	141.46
577.71	-69.90	139.07
579.89	-70.34	132.73
582.08	-70.15	134.18
584.27	-70.51	133.57
586.48	-70.94	128.27
588.69	-70.47	125.34
590.91	-70.72	125.26
593.14	-70.90	123.08
595.38	-70.99	122.10
597.63	-71.29	124.34
599.88	-71.04	120.62
602.15	-71.43	118.21
604.42	-71.35	116.74
606.70	-70.34	113.04
608.99	-70.34	109.90
611.29	-70.83	108.25
613.59	-70.85	106.19
615.91	-70.96	101.94
618.23	-71.84	98.37
620.57	-72.55	101.34
622.91	-73.96	105.58
625.26	-75.82	116.34
627.62	-75.11	146.36
629.99	-69.01	174.20
632.36	-60.89	145.70
634.75	-60.35	104.32
637.15	-62.92	81.10
639.55	-64.29	75.46
641.96	-65.19	72.72
644.39	-65.69	64.92
646.82	-66.50	62.61
649.26	-66.48	61.07
651.71	-66.56	58.56
654.17	-66.87	56.84
656.64	-66.84	54.41
659.11	-67.39	49.74
661.60	-67.64	47.01
664.10	-67.36	44.71
666.60	-67.65	41.84
669.12	-67.54	40.49
671.64	-67.04	39.45
674.18	-67.46	35.53
676.72	-67.49	31.18
679.28	-67.31	28.43
681.84	-67.29	27.65
684.41	-67.38	29.36
687.00	-67.05	23.16
689.59	-67.11	15.61
692.19	-67.53	14.48
694.80	-67.31	11.78
697.42	-67.43	10.54
700.06	-67.62	8.19
702.70	-67.77	1.67
705.35	-67.31	-0.13
708.01	-67.70	-3.06
710.68	-67.82	-7.40
713.36	-67.88	-8.12
716.06	-68.05	-10.97
718.76	-67.96	-16.31
721.47	-67.95	-17.60
724.19	-67.70	-19.95
726.93	-67.82	-23.93
729.67	-67.67	-25.46
732.42	-67.95	-27.81
735.19	-68.07	-33.52
737.96	-67.87	-33.24
740.75	-67.68	-35.82
743.54	-67.81	-39.89
746.35	-67.79	-44.52
749.16	-68.33	-47.95
751.99	-68.47	-51.97
754.83	-68.29	-53.63
757.68	-68.62	-56.71
760.54	-68.84	-59.45
763.41	-68.89	-62.43
766.29	-69.12	-61.98
769.18	-69.15	-63.28
772.08	-68.77	-67.50
774.99	-68.72	-71.26
777.92	-69.11	-76.27
780.85	-68.94	-82.60
783.80	-68.59	-83.62
786.76	-69.20	-87.23
789.73	-69.30	-88.44
792.71	-69.58	-91.83
795.70	-69.43	-95.36
798.70	-70.75	-96.14
801.71	-71.35	-95.19
804.74	-72.38	-87.05
807.78	-71.06	-61.11
810.83	-64.38	-69.54
813.88	-64.14	-100.33
816.96	-64.72	-111.72
820.04	-65.85	-118.71
823.13	-65.94	-125.22
826.24	-66.86	-127.85
829.36	-66.42	-129.36
832.49	-66.39	-134.60
835.63	-66.84	-138.28
838.78	-66.92	-142.60
841.95	-66.81	-147.39
845.12	-67.04	-148.82
848.31	-67.31	-156.63
851.51	-67.07	-157.07
854.73	-67.12	-161.85
857.95	-67.39	-163.54
861.19	-67.39	-166.78
864.44	-67.24	-171.71
867.70	-67.08	-174.90
870.98	-66.91	-176.22
874.26	-67.03	176.42
877.56	-66.80	173.32
880.87	-67.10	169.63
884.20	-67.11	165.23
887.53	-66.71	160.68
890.88	-66.84	158.63
894.25	-67.33	154.43
897.62	-67.42	149.81
901.01	-66.55	143.85
904.41	-67.45	142.13
907.82	-67.04	137.93
911.25	-66.98	137.82
914.68	-67.05	134.67
918.14	-66.85	131.84
921.60	-67.17	123.65
925.08	-66.90	123.52
928.57	-66.41	119.46
932.07	-66.71	113.84
935.59	-66.28	108.84
939.12	-66.31	101.35
942.67	-66.04	98.62
946.22	-66.17	94.26
949.79	-66.14	93.52
953.38	-66.18	85.67
956.97	-66.33	79.03
960.59	-66.47	77.42
964.21	-66.72	70.44
967.85	-66.67	69.26
971.50	-66.77	63.57
975.17	-66.60	63.28
978.85	-66.41	57.43
982.54	-66.76	53.57
986.25	-66.92	48.59
989.97	-66.91	46.25
993.71	-66.98	40.46
997.46	-67.24	40.02
1001.22	-67.49	32.05
1005.00	-67.25	28.93
1008.79	-67.11	26.60
1012.60	-67.57	19.63
1016.42	-68.33	21.90
1020.25	-67.72	17.15
1024.10	-68.90	15.80
1027.97	-69.07	16.84
1031.85	-66.06	28.05
1035.74	-64.26	0.26
1039.65	-65.31	-6.86
1043.57	-65.46	-11.33
1047.51	-66.03	-17.77
1051.46	-66.17	-21.88
1055.43	-66.42	-26.60
1059.41	-66.92	-30.28
1063.41	-66.76	-34.80
1067.43	-67.03	-41.35
1071.45	-67.47	-46.28
1075.50	-67.14	-50.88
1079.55	-67.78	-55.57
1083.63	-68.29	-58.31
1087.72	-68.53	-64.43
1091.82	-68.61	-64.95
1095.94	-69.01	-71.23
1100.08	-69.50	-73.98
1104.23	-69.46	-77.20
1108.40	-69.62	-80.73
1112.58	-69.30	-81.12
1116.78	-69.54	-85.67
1120.99	-69.81	-83.88
1125.22	-69.59	-86.75
1129.47	-69.28	-93.06
1133.73	-69.37	-92.93
1138.01	-68.66	-96.61
1142.30	-69.12	-98.52
1146.61	-68.95	-103.10
1150.94	-68.16	-108.21
1155.28	-68.37	-105.98
1159.64	-67.77	-114.54
1164.02	-67.39	-119.18
1168.41	-67.37	-126.84
1172.82	-67.17	-134.04
1177.25	-66.92	-137.17
1181.69	-67.03	-137.20
1186.15	-66.13	-145.53
1190.62	-66.29	-151.54
1195.12	-65.82	-160.13
1199.63	-65.60	-165.24
1204.15	-65.57	-173.05
1208.70	-66.77	-177.20
1213.26	-66.02	-175.78
1217.84	-65.39	175.31
1222.43	-65.23	167.78
1227.04	-65.13	161.63
1231.67	-64.83	151.23
1236.32	-65.11	147.11
1240.99	-65.52	142.60
1245.67	-65.59	137.71
1250.37	-64.86	129.16
1255.09	-65.22	126.12
1259.83	-65.30	122.52
1264.58	-65.28	114.48
1269.35	-65.22	110.14
1274.14	-65.53	103.65
1278.95	-65.07	94.06
1283.78	-65.14	92.84
1288.62	-65.03	84.18
1293.48	-65.63	81.38
1298.36	-64.95	74.20
1303.26	-65.48	68.59
1308.18	-65.84	61.35
1313.12	-66.17	56.12
1318.07	-66.74	52.64
1323.05	-66.28	55.59
1328.04	-64.54	58.18
1333.05	-64.32	42.25
1338.08	-64.51	30.67
1343.13	-64.48	23.65
1348.20	-64.71	17.22
1353.29	-64.73	13.36
1358.39	-65.19	4.89
1363.52	-65.35	-2.66
1368.67	-65.51	-5.09
1373.83	-65.42	-13.16
1379.01	-65.98	-16.79
1384.22	-65.88	-26.12
1389.44	-65.68	-27.05
1394.68	-65.81	-35.43
1399.95	-65.97	-42.48
1405.23	-66.29	-50.30
1410.53	-66.30	-58.97
1415.86	-66.24	-60.50
1421.20	-66.51	-66.95
1426.56	-66.90	-73.11
1431.94	-67.09	-79.11
1437.35	-67.15	-81.69
1442.77	-67.71	-88.96
1448.22	-67.69	-97.18
1453.68	-67.81	-99.44
1459.17	-67.43	-106.05
1464.67	-68.02	-111.00
1470.20	-67.65	-117.07
1475.75	-67.96	-119.17
1481.32	-67.99	-129.02
1486.91	-68.10	-134.33
1492.52	-68.10	-139.37
1498.15	-68.04	-143.50
1503.80	-68.26	-150.38
1509.48	-68.48	-159.15
1515.17	-68.53	-162.42
1520.89	-69.10	-163.86
1526.63	-68.18	-156.83
1532.39	-66.48	-163.97
1538.17	-65.04	-176.44
1543.98	-65.41	166.16
1549.81	-66.14	154.75
1555.65	-66.41	147.17
1561.52	-66.92	138.22
1567.42	-68.15	130.93
1573.33	-68.99	130.62
1579.27	-67.90	139.06
1585.23	-66.53	122.25
1591.21	-66.25	114.36
1597.21	-66.14	103.65
1603.24	-66.69	95.21
1609.29	-67.10	87.29
1615.36	-67.62	80.31
1621.46	-68.24	72.82
1627.58	-68.58	65.52
1633.72	-69.65	65.57
1639.89	-69.56	70.71
1646.07	-68.19	75.15
1652.29	-66.68	58.61
1658.52	-67.10	46.16
1664.78	-67.04	37.47
1671.06	-67.23	34.95
1677.37	-67.10	27.22
1683.70	-67.32	20.83
1690.05	-66.71	12.69
1696.43	-67.33	1.20
1702.83	-67.21	-5.36
1709.26	-67.83	-9.56
1715.70	-67.00	-16.72
1722.18	-67.28	-27.15
1728.68	-67.90	-37.11
1735.20	-68.21	-43.20
1741.75	-68.47	-47.85
1748.32	-68.39	-54.56
1754.92	-68.45	-62.99
1761.54	-69.00	-69.76
1768.19	-69.06	-71.20
1774.86	-69.18	-79.60
1781.56	-68.84	-87.91
1788.28	-68.60	-93.32
1795.03	-68.79	-102.15
1801.80	-68.37	-116.26
1808.60	-68.59	-118.16
1815.43	-69.18	-128.23
1822.28	-68.95	-140.35
1829.15	-69.13	-145.23
1836.06	-69.62	-151.62
1842.99	-69.83	-159.20
1849.94	-69.54	-167.72
1856.92	-69.78	-175.14
1863.93	-70.01	178.53
1870.96	-70.92	171.30
1878.02	-71.02	159.37
1885.11	-71.23	161.16
1892.22	-71.34	149.93
1899.36	-71.07	150.12
1906.53	-71.57	142.25
1913.72	-70.05	139.13
1920.95	-70.33	130.12
1928.19	-69.86	122.11
1935.47	-70.50	114.68
1942.77	-69.93	111.14
1950.11	-69.40	102.82
1957.46	-69.50	90.94
1964.85	-69.58	87.01
1972.27	-69.16	74.89
1979.71	-69.03	63.77
1987.18	-70.30	57.71
1994.68	-70.15	54.39
2002.20	-70.17	50.20
2009.76	-70.79	42.68
2017.34	-69.67	39.92
2024.96	-69.57	28.54
2032.60	-69.81	23.37
2040.27	-69.62	12.67
2047.97	-69.28	2.90
2055.70	-69.25	-2.60
2063.45	-68.64	-12.10
2071.24	-69.05	-22.80
2079.06	-69.38	-32.70
2086.90	-69.98	-42.17
2094.78	-70.96	-46.96
2102.68	-69.81	-56.88
2110.62	-70.04	-67.78
2118.58	-70.62	-79.18
2126.57	-70.71	-83.67
2134.60	-71.69	-91.04
2142.65	-71.23	-100.67
2150.74	-71.56	-104.22
2158.86	-71.54	-106.87
2167.00	-72.49	-118.40
2175.18	-71.70	-123.06
2183.39	-71.27	-130.23
2191.63	-70.72	-144.28
2199.90	-70.50	-157.34
2208.20	-70.98	-167.39
2216.53	-71.08	-174.01
2224.90	-70.79	-178.97
2233.29	-70.35	173.69
2241.72	-69.86	162.64
2250.18	-69.59	148.13
2258.67	-69.83	136.94
2267.19	-70.20	129.66
2275.75	-71.00	121.83
2284.34	-71.03	119.68
2292.96	-70.73	113.83
2301.61	-70.55	102.11
2310.29	-70.04	94.66
2319.01	-70.52	89.25
2327.76	-70.28	83.00
2336.55	-70.13	78.00
2345.36	-69.02	65.18
2354.21	-69.09	55.17
2363.10	-68.52	46.92
2372.02	-68.64	33.34
2380.97	-68.75	30.54
2389.95	-67.91	16.90
2398.97	-68.08	7.26
2408.02	-68.47	-6.64
2417.11	-68.99	-15.27
2426.23	-69.04	-23.69
2435.39	-69.40	-32.80
2444.58	-69.42	-38.37
2453.80	-69.31	-49.63
2463.06	-68.93	-54.13
2472.35	-68.40	-67.25
2481.68	-67.96	-79.62
2491.05	-68.13	-94.93
2500.45	-68.33	-109.48
2509.88	-68.83	-123.08
2519.36	-69.75	-130.53
2528.86	-69.93	-136.65
2538.41	-69.45	-146.70
2547.98	-68.93	-155.90
2557.60	-68.69	-164.40
2567.25	-68.90	179.90
2576.94	-69.58	168.67
2586.66	-68.93	159.76
2596.42	-68.60	150.48
2606.22	-69.01	138.20
2616.06	-69.04	133.41
2625.93	-68.32	121.41
2635.84	-68.26	110.28
2645.78	-68.24	101.57
2655.77	-68.20	89.99
2665.79	-68.05	78.87
2675.85	-67.99	70.08
2685.95	-68.17	60.07
2696.08	-68.58	51.41
2706.26	-68.73	43.48
2716.47	-68.34	34.60
2726.72	-68.03	25.63
2737.01	-67.50	13.45
2747.34	-67.15	1.30
2757.70	-67.53	-14.06
2768.11	-67.49	-27.25
2778.56	-68.59	-38.82
2789.04	-68.51	-44.46
2799.57	-68.11	-51.43
2810.13	-67.60	-62.31
2820.73	-67.41	-79.31
2831.38	-67.58	-95.68
2842.06	-67.98	-106.42
2852.79	-68.71	-119.27
2863.55	-68.26	-128.55
2874.36	-68.21	-135.02
2885.21	-67.49	-150.19
2896.09	-67.28	-167.28
2907.02	-67.05	178.58
2917.99	-67.09	167.64
2929.00	-67.24	155.17
2940.06	-67.07	143.17
2951.15	-67.20	130.32
2962.29	-67.49	118.09
2973.47	-67.55	108.51
2984.69	-67.29	98.49
2995.95	-67.23	85.92
3007.25	-66.58	72.80
3018.60	-67.15	59.18
3029.99	-67.36	43.95
3041.43	-67.63	32.54
3052.90	-68.20	24.64
3064.42	-68.93	15.00
3075.99	-68.83	7.57
3087.60	-68.39	-8.82
3099.25	-68.48	-17.47
3110.94	-68.87	-32.17
3122.68	-68.18	-40.71
3134.47	-68.49	-56.37
3146.29	-68.87	-73.25
3158.17	-69.17	-82.67
3170.08	-70.00	-91.62
3182.05	-69.12	-103.27
3194.05	-68.77	-117.14
3206.11	-68.50	-133.95
3218.21	-68.88	-148.98
3230.35	-69.22	-164.04
3242.54	-68.90	-175.08
3254.77	-69.01	169.11
3267.06	-68.98	153.37
3279.39	-70.16	143.87
3291.76	-69.65	140.70
3304.18	-68.62	128.37
3316.65	-68.30	109.50
3329.17	-68.22	98.64
3341.73	-68.39	88.07
3354.34	-68.23	70.83
3367.00	-68.63	58.98
3379.70	-68.34	50.31
3392.46	-68.43	40.08
3405.26	-67.76	27.77
3418.11	-68.23	12.20
3431.01	-68.62	-1.25
3443.95	-68.35	-13.99
3456.95	-68.68	-30.48
3469.99	-69.45	-40.65
3483.09	-69.57	-56.82
3496.23	-69.02	-63.52
3509.43	-68.42	-77.13
3522.67	-67.98	-96.31
3535.96	-67.95	-112.98
3549.31	-68.45	-133.50
3562.70	-68.34	-147.90
3576.14	-69.03	-162.92
3589.64	-68.78	-177.14
3603.18	-68.92	169.06
3616.78	-68.24	154.85
3630.43	-68.28	135.95
3644.13	-68.17	124.28
3657.88	-68.76	110.88
3671.68	-69.00	100.05
3685.54	-68.53	92.10
3699.45	-68.45	78.29
3713.41	-67.58	64.30
3727.42	-67.76	44.14
3741.49	-68.19	29.98
3755.60	-68.79	13.93
3769.78	-68.65	7.10
3784.00	-68.64	-5.46
3798.28	-69.44	-20.90
3812.61	-69.68	-35.19
3827.00	-70.00	-44.91
3841.44	-69.85	-61.53
3855.94	-69.96	-77.95
3870.49	-68.86	-92.67
3885.09	-69.81	-118.22
3899.75	-69.48	-126.38
3914.47	-69.45	-139.77
3929.24	-68.59	-156.50
3944.07	-68.73	-173.83
3958.95	-68.24	172.39
3973.89	-68.32	158.39
3988.89	-67.38	143.95
4003.94	-67.59	128.22
4019.05	-67.69	113.74
4034.22	-67.04	102.33
4049.44	-66.24	85.31
4064.72	-66.02	68.31
4080.06	-66.35	50.35
4095.46	-66.36	38.38
4110.91	-66.22	29.55
4126.42	-66.08	12.64
4141.99	-65.37	-7.29
4157.62	-65.83	-27.87
4173.31	-66.33	-43.98
4189.06	-66.02	-62.71
4204.87	-66.41	-77.90
4220.74	-66.06	-89.66
4236.66	-65.25	-108.22
4252.65	-65.02	-130.84
4268.70	-65.35	-152.43
4284.81	-65.63	-168.97
4300.98	-64.65	178.18
4317.21	-64.11	157.35
4333.50	-63.63	139.81
4349.85	-64.38	120.94
4366.26	-64.32	105.79
4382.74	-64.40	90.16
4399.28	-63.53	76.19
4415.88	-63.49	59.59
4432.54	-63.45	38.32
4449.27	-64.17	20.84
4466.06	-64.00	7.00
4482.91	-63.54	-6.44
4499.83	-62.96	-26.59
4516.81	-63.07	-46.09
4533.85	-63.19	-69.00
4550.96	-63.43	-87.57
4568.14	-63.03	-106.64
4585.37	-63.29	-120.78
4602.68	-62.76	-141.01
4620.05	-62.17	-160.56
4637.48	-62.19	175.45
4654.98	-61.66	159.88
4672.55	-61.45	140.98
4690.18	-61.16	122.13
4707.88	-60.64	101.53
4725.64	-60.22	82.79
4743.48	-60.51	60.05
4761.38	-60.68	41.24
4779.34	-60.38	22.82
4797.38	-59.98	3.83
4815.48	-60.25	-19.20
4833.65	-60.46	-40.65
4851.89	-60.81	-63.00
4870.20	-60.89	-81.38
4888.58	-61.24	-100.66
4907.03	-60.86	-121.55
4925.54	-60.59	-145.35
4944.13	-60.71	-166.32
4962.79	-60.94	173.56
4981.52	-60.30	153.84
5000.31	-60.57	132.77
5019.18	-60.17	114.23
5038.12	-60.00	92.21
5057.14	-59.83	71.80
5076.22	-60.15	49.64
5095.37	-60.11	29.58
5114.60	-60.28	8.19
5133.90	-60.83	-14.28
5153.27	-61.28	-36.96
5172.72	-62.14	-54.79
5192.24	-62.16	-75.60
5211.83	-61.92	-91.05
5231.50	-61.65	-111.93
5251.24	-61.29	-138.04
5271.06	-61.12	-163.70
5290.95	-61.58	173.77
5310.91	-61.03	153.48
5330.96	-61.31	137.15
5351.07	-60.52	113.97
5371.27	-60.56	89.85
5391.53	-60.93	68.71
5411.88	-60.97	46.78
5432.30	-61.08	26.25
5452.80	-61.70	5.41
5473.38	-61.76	-14.60
5494.03	-62.27	-37.65
5514.76	-61.96	-55.85
5535.57	-61.37	-81.74
5556.46	-62.14	-111.04
5577.43	-62.59	-131.56
5598.48	-62.46	-153.91
5619.60	-62.17	-176.32
5640.81	-62.23	157.85
5662.10	-62.52	135.39
5683.46	-62.72	114.28
5704.91	-62.41	96.41
5726.44	-62.13	71.56
5748.05	-62.69	52.28
5769.74	-62.83	33.69
5791.51	-62.34	11.94
5813.36	-62.92	-12.35
5835.30	-63.40	-33.38
5857.32	-63.57	-51.85
5879.42	-62.39	-75.25
5901.61	-62.55	-105.18
5923.88	-62.77	-130.85
5946.23	-62.92	-153.10
5968.67	-62.46	-172.08
5991.20	-61.39	159.61
6013.80	-61.97	130.54
6036.50	-62.20	110.45
6059.28	-62.68	89.14
6082.14	-62.06	71.46
6105.09	-61.25	46.77
6128.13	-61.71	18.50
6151.26	-62.04	-0.46
6174.47	-61.61	-23.56
6197.77	-61.31	-48.55
6221.16	-61.30	-79.06
6244.63	-62.14	-104.29
6268.20	-61.65	-127.98
6291.85	-61.11	-161.29
6315.59	-61.91	170.39
6339.42	-62.28	149.34
6363.35	-62.13	130.26
6387.36	-61.06	109.06
6411.46	-60.43	84.03
6435.66	-61.06	58.63
6459.94	-61.38	36.26
6484.32	-60.63	11.79
6508.79	-60.69	-14.77
6533.35	-60.54	-40.47
6558.00	-60.79	-68.71
6582.75	-61.17	-90.45
6607.59	-60.43	-118.74
6632.53	-60.19	-148.31
6657.55	-59.80	-174.88
6682.68	-59.79	158.14
6707.90	-59.38	133.58
6733.21	-58.90	104.17
6758.62	-58.86	80.69
6784.12	-58.38	56.61
6809.72	-58.51	30.70
6835.42	-58.02	4.56
6861.21	-58.26	-27.72
6887.10	-58.97	-50.73
6913.09	-58.04	-73.17
6939.18	-57.55	-108.53
6965.36	-58.19	-136.71
6991.65	-57.24	-157.61
7018.03	-55.93	173.94
7044.51	-55.66	139.82
7071.10	-55.47	112.35
7097.78	-54.41	85.40
7124.56	-53.99	53.41
7151.45	-53.95	25.20
7178.44	-53.06	-2.42
7205.52	-52.72	-33.61
7232.71	-52.15	-69.50
7260.01	-52.03	-103.72
7287.40	-51.79	-135.47
7314.90	-51.62	-170.78
7342.51	-51.45	157.56
7370.21	-50.68	126.61
7398.03	-50.85	87.24
7425.94	-51.39	57.21
7453.97	-51.28	26.38
7482.09	-51.33	-9.39
7510.33	-51.43	-41.51
7538.67	-51.84	-75.10
7567.12	-52.09	-111.57
7595.67	-52.75	-147.16
7624.33	-53.36	-177.37
7653.10	-53.23	151.59
7681.98	-53.58	120.20
7710.97	-53.90	86.97
7740.07	-54.73	59.70
7769.28	-54.51	31.71
7798.60	-54.56	-2.44
7828.02	-55.25	-33.33
7857.56	-55.02	-62.23
7887.21	-55.51	-101.90
7916.98	-56.43	-135.47
7946.85	-56.82	-164.03
7976.84	-56.47	165.21
8006.94	-56.23	135.99
8037.16	-55.93	102.34
8067.49	-56.36	74.66
8097.93	-56.35	46.18
8128.49	-55.56	11.45
8159.16	-56.20	-21.42
8189.95	-56.47	-52.82
8220.86	-55.89	-86.59
8251.88	-56.24	-125.09
8283.02	-56.21	-159.47
8314.27	-56.25	168.08
8345.65	-56.23	134.24
8377.14	-56.21	101.17
8408.75	-55.73	70.18
8440.48	-55.87	34.85
8472.33	-55.41	2.52
8504.30	-56.12	-32.66
8536.40	-56.90	-66.08
8568.61	-56.72	-100.98
8600.94	-56.54	-137.60
8633.40	-56.81	-174.35
8665.98	-56.55	151.94
8698.68	-56.03	119.01
8731.51	-55.86	85.32
8764.46	-55.76	52.04
8797.53	-56.12	16.66
8830.73	-56.28	-15.00
8864.05	-55.59	-52.71
8897.50	-56.24	-87.18
8931.07	-55.70	-124.15
8964.78	-54.91	-162.49
8998.61	-54.42	157.47
9032.56	-54.50	119.42
9066.65	-54.55	84.01
9100.86	-53.97	47.61
9135.20	-54.09	10.44
9169.68	-54.04	-29.42
9204.28	-54.44	-73.44
9239.01	-54.60	-111.09
9273.88	-54.46	-151.07
9308.87	-54.57	166.52
9344.00	-54.36	128.02
9379.26	-54.24	90.04
9414.65	-54.53	51.32
9450.18	-54.66	10.12
9485.84	-55.10	-25.76
9521.64	-55.44	-67.98
9557.57	-55.72	-111.45
9593.64	-56.00	-148.57
9629.84	-55.59	171.53
9666.18	-55.95	126.38
9702.65	-56.46	90.27
9739.27	-57.00	53.65
9776.02	-57.62	11.57
9812.91	-58.01	-24.71
9849.94	-58.97	-69.23
9887.11	-59.81	-107.30
9924.42	-59.90	-145.31
9961.87	-60.35	172.85
9999.46	-60.64	137.64
10037.19	-59.79	101.45
10075.07	-60.04	63.38
10113.09	-59.89	29.76
10151.25	-59.70	-5.39
10189.55	-60.81	-46.28
10228.01	-60.20	-84.84
10266.60	-60.06	-133.35
10305.34	-60.09	-176.69
10344.23	-58.92	147.75
10383.27	-59.08	103.60
10422.45	-58.44	66.85
10461.78	-58.50	26.53
10501.26	-58.66	-11.27
10540.88	-58.03	-50.75
10580.66	-58.16	-105.81
10620.59	-57.80	-148.60
10660.66	-57.46	165.69
10700.89	-57.15	120.24
10741.27	-56.16	80.23
10781.81	-56.12	32.96
10822.49	-57.02	-13.27
10863.33	-57.28	-61.15
10904.33	-57.65	-106.56
10945.47	-58.52	-156.96
10986.78	-57.35	159.02
11028.24	-57.98	109.26
11069.85	-58.03	67.58
11111.63	-58.87	23.81
11153.56	-59.36	-16.07
11195.64	-59.92	-64.35
11237.89	-60.49	-111.66
11280.30	-61.00	-160.38
11322.87	-59.86	153.92
11365.59	-60.53	107.28
11408.48	-59.72	65.68
11451.53	-60.91	20.49
11494.75	-61.41	-16.83
11538.12	-62.01	-67.21
11581.66	-62.25	-115.53
11625.37	-62.22	-169.86
11669.24	-62.52	143.76
11713.27	-61.50	103.39
11757.47	-61.80	58.16
11801.84	-61.62	20.38
11846.37	-62.58	-31.16
11891.08	-63.03	-78.01
11935.95	-63.51	-134.14
11980.99	-63.34	177.35
12026.20	-62.55	126.89
12071.58	-62.48	86.10
12117.14	-62.27	42.27
12162.86	-63.24	-4.67
12208.76	-64.10	-48.58
12254.83	-64.44	-105.77
12301.07	-64.93	-157.42
12347.49	-63.61	155.21
12394.08	-62.24	103.15
12440.85	-62.66	60.12
12487.80	-62.16	13.84
12534.92	-63.43	-38.49
12582.23	-65.36	-87.69
12629.71	-64.51	-140.33
12677.37	-63.70	162.38
12725.20	-63.24	112.93
12773.22	-62.70	69.32
12821.42	-62.55	21.72
12869.81	-63.74	-29.56
12918.37	-65.09	-80.71
12967.12	-64.37	-133.20
13016.05	-63.39	163.51
13065.17	-62.74	109.53
13114.47	-62.96	63.97
13163.96	-62.64	18.02
13213.64	-63.87	-36.17
13263.50	-64.79	-92.16
13313.55	-65.12	-151.50
13363.79	-63.75	154.50
13414.22	-63.06	101.17
13464.84	-62.91	52.70
13515.65	-63.61	5.76
13566.65	-64.31	-47.91
13617.84	-65.21	-108.60
13669.23	-64.07	-169.49
13720.81	-63.27	131.29
13772.59	-62.83	79.52
13824.56	-63.16	33.26
13876.73	-63.97	-19.23
13929.09	-65.24	-70.98
13981.66	-64.91	-136.04
14034.42	-63.81	160.79
14087.38	-62.99	104.57
14140.54	-62.41	56.31
14193.90	-62.91	2.04
14247.46	-63.88	-55.15
14301.22	-65.09	-120.76
14355.19	-64.13	175.52
14409.36	-63.41	120.66
14463.73	-62.82	67.78
14518.31	-62.87	13.81
14573.10	-63.96	-42.89
14628.09	-65.16	-106.88
14683.29	-64.47	-172.25
14738.70	-63.15	128.50
14794.32	-62.58	73.47
14850.15	-62.56	16.91
14906.18	-64.22	-44.71
14962.43	-64.69	-108.94
15018.90	-64.18	-176.03
15075.57	-63.11	119.24
15132.46	-62.37	65.54
15189.56	-62.61	8.34
15246.88	-63.97	-49.50
15304.42	-64.51	-117.91
15362.17	-64.12	174.15
15420.14	-63.28	114.93
15478.33	-63.22	58.26
15536.74	-64.16	2.36
15595.37	-65.16	-62.50
15654.22	-65.17	-133.31
15713.29	-64.07	156.34
15772.58	-62.89	97.89
15832.10	-63.17	40.57
15891.85	-64.51	-18.91
15951.81	-65.29	-89.72
16012.01	-64.58	-164.46
16072.43	-64.07	132.26
16133.08	-63.60	68.75
16193.96	-64.05	9.64
16255.07	-65.61	-50.65
16316.41	-66.46	-122.04
16377.98	-65.76	160.38
16439.79	-64.29	97.70
16501.82	-63.79	44.31
16564.09	-65.57	-15.08
16626.60	-66.92	-88.55
16689.34	-66.24	-166.20
16752.32	-65.45	126.85
16815.54	-63.89	66.08
16878.99	-64.12	11.56
16942.69	-65.94	-60.38
17006.62	-65.81	-141.03
17070.79	-64.53	146.13
17135.21	-63.38	78.93
17199.87	-63.40	22.12
17264.78	-64.63	-46.35
17329.93	-65.63	-127.02
17395.32	-64.20	151.53
17460.97	-62.92	87.66
17526.86	-63.28	20.46
17593.00	-64.66	-44.10
17659.38	-65.30	-128.89
17726.02	-64.48	151.30
17792.91	-62.95	82.62
17860.06	-63.39	19.54
17927.45	-64.81	-51.75
17995.10	-65.94	-134.68
18063.01	-64.37	146.98
18131.17	-63.09	75.79
18199.59	-63.61	8.98
18268.27	-65.26	-63.54
18337.21	-65.86	-152.40
18406.40	-64.50	128.11
18475.86	-63.36	61.28
18545.58	-64.31	-8.06
18615.56	-66.72	-92.73
18685.81	-66.62	178.36
18756.32	-64.73	103.37
18827.10	-64.80	36.86
18898.15	-67.14	-34.95
18969.46	-69.45	-122.80
19041.04	-67.43	147.18
19112.90	-66.11	75.63
19185.02	-66.75	15.04
19257.42	-70.61	-64.04
19330.09	-71.54	-160.95
19403.03	-68.74	115.63
19476.25	-67.39	54.17
19549.74	-69.69	-8.21
19623.51	-73.80	-94.99
19697.56	-71.97	155.10
19771.89	-68.58	86.81
19846.51	-69.12	29.53
19921.40	-72.31	-38.13
19996.57	-75.10	-156.83
20072.03	-70.91	117.44
20147.78	-69.03	57.52
20223.80	-71.02	-3.78
20300.12	-76.55	-100.68
20376.72	-72.95	146.14
20453.62	-69.80	80.26
20530.80	-70.41	21.25
20608.28	-75.49	-58.03
20686.04	-74.89	175.27
20764.10	-70.42	93.82
20842.46	-69.58	36.88
20921.11	-74.20	-33.16
21000.06	-76.79	-169.05
21079.30	-71.47	98.22
21158.85	-70.75	39.25
21238.69	-75.09	-21.04
21318.84	-80.62	-167.24
21399.29	-73.34	98.61
21480.04	-71.56	50.26
21561.09	-75.73	-3.52
21642.46	-84.05	-170.86
21724.12	-74.02	97.30
21806.10	-72.74	45.12
21888.39	-77.53	-6.94
21970.99	-81.82	100.26
22053.89	-73.92	77.05
22137.12	-74.94	37.38
22220.65	-81.98	46.03
22304.50	-77.66	87.78
