Freq[Hz]	[dBV]	Phase[Deg]
10.00	-61.48	-118.61
10.04	-61.49	-120.56
10.08	-61.50	-122.53
10.11	-61.50	-124.52
10.15	-61.51	-126.54
10.19	-61.51	-128.58
10.23	-61.52	-130.64
10.27	-61.52	-132.72
10.31	-61.52	-134.81
10.34	-61.52	-136.92
10.38	-61.53	-139.04
10.42	-61.53	-141.17
10.46	-61.53	-143.31
10.50	-61.53	-145.46
10.54	-61.53	-147.61
10.58	-61.53	-149.77
10.62	-61.53	-151.92
10.66	-61.52	-154.07
10.70	-61.52	-156.22
10.74	-61.52	-158.36
10.78	-61.52	-160.49
10.82	-61.52	-162.60
10.86	-61.52	-164.71
10.90	-61.52	-166.79
10.95	-61.52	-168.86
10.99	-61.52	-170.91
11.03	-61.53	-172.92
11.07	-61.53	-174.91
11.11	-61.53	-176.87
11.15	-61.54	-178.80
11.20	-61.54	179.31
11.24	-61.55	177.46
11.28	-61.55	175.65
11.32	-61.56	173.89
11.37	-61.57	172.18
11.41	-61.58	170.53
11.45	-61.60	168.92
11.50	-61.61	167.38
11.54	-61.63	165.90
11.58	-61.65	164.49
11.63	-61.67	163.15
11.67	-61.69	161.88
11.71	-61.71	160.69
11.76	-61.74	159.59
11.80	-61.77	158.56
11.85	-61.80	157.62
11.89	-61.83	156.75
11.94	-61.87	155.96
11.98	-61.91	155.25
12.03	-61.95	154.62
12.07	-61.99	154.06
12.12	-62.03	153.58
12.16	-62.08	153.17
12.21	-62.13	152.83
12.26	-62.18	152.56
12.30	-62.23	152.37
12.35	-62.28	152.24
12.39	-62.34	152.17
12.44	-62.40	152.17
12.49	-62.45	152.24
12.54	-62.51	152.37
12.58	-62.58	152.56
12.63	-62.64	152.80
12.68	-62.70	153.11
12.73	-62.77	153.47
12.77	-62.83	153.88
12.82	-62.90	154.35
12.87	-62.97	154.87
12.92	-63.04	155.43
12.97	-63.11	156.05
13.02	-63.18	156.70
13.07	-63.26	157.40
13.12	-63.33	158.14
13.16	-63.40	158.92
13.21	-63.48	159.74
13.26	-63.55	160.58
13.31	-63.62	161.46
13.36	-63.70	162.37
13.41	-63.77	163.31
13.47	-63.85	164.27
13.52	-63.92	165.25
13.57	-64.00	166.25
13.62	-64.07	167.27
13.67	-64.15	168.30
13.72	-64.22	169.34
13.77	-64.29	170.39
13.83	-64.37	171.45
13.88	-64.44	172.50
13.93	-64.51	173.56
13.98	-64.58	174.61
14.04	-64.65	175.66
14.09	-64.71	176.69
14.14	-64.78	177.71
14.19	-64.84	178.71
14.25	-64.91	179.69
14.30	-64.97	-179.35
14.36	-65.02	-178.42
14.41	-65.08	-177.52
14.46	-65.14	-176.66
14.52	-65.19	-175.84
14.57	-65.24	-175.06
14.63	-65.28	-174.33
14.68	-65.33	-173.65
14.74	-65.37	-173.02
14.80	-65.40	-172.45
14.85	-65.44	-171.93
14.91	-65.47	-171.45
14.96	-65.50	-171.03
15.02	-65.52	-170.66
15.08	-65.55	-170.33
15.13	-65.57	-170.06
15.19	-65.58	-169.83
15.25	-65.60	-169.64
15.31	-65.61	-169.50
15.36	-65.62	-169.41
15.42	-65.62	-169.36
15.48	-65.63	-169.35
15.54	-65.62	-169.38
15.60	-65.62	-169.45
15.66	-65.61	-169.56
15.71	-65.60	-169.71
15.77	-65.59	-169.89
15.83	-65.58	-170.11
15.89	-65.56	-170.37
15.95	-65.54	-170.66
16.01	-65.51	-170.98
16.07	-65.49	-171.33
16.13	-65.46	-171.70
16.19	-65.42	-172.11
16.26	-65.39	-172.55
16.32	-65.35	-173.00
16.38	-65.31	-173.49
16.44	-65.26	-173.99
16.50	-65.22	-174.52
16.56	-65.17	-175.06
16.63	-65.11	-175.62
16.69	-65.06	-176.20
16.75	-65.00	-176.79
16.82	-64.94	-177.39
16.88	-64.88	-178.00
16.94	-64.81	-178.62
17.01	-64.74	-179.25
17.07	-64.67	-179.88
17.14	-64.59	179.48
17.20	-64.52	178.85
17.27	-64.44	178.21
17.33	-64.35	177.58
17.40	-64.27	176.96
17.46	-64.18	176.34
17.53	-64.09	175.74
17.59	-64.00	175.14
17.66	-63.90	174.56
17.73	-63.81	174.00
17.79	-63.71	173.44
17.86	-63.60	172.91
17.93	-63.50	172.38
18.00	-63.39	171.87
18.06	-63.28	171.37
18.13	-63.17	170.89
18.20	-63.06	170.42
18.27	-62.95	169.96
18.34	-62.83	169.52
18.41	-62.71	169.09
18.48	-62.60	168.67
18.55	-62.48	168.26
18.62	-62.35	167.87
18.69	-62.23	167.49
18.76	-62.11	167.12
18.83	-61.98	166.76
18.90	-61.86	166.42
18.97	-61.73	166.08
19.04	-61.61	165.76
19.11	-61.48	165.45
19.19	-61.35	165.15
19.26	-61.22	164.86
19.33	-61.09	164.58
19.40	-60.97	164.31
19.48	-60.84	164.05
19.55	-60.71	163.80
19.62	-60.58	163.56
19.70	-60.46	163.33
19.77	-60.33	163.10
19.85	-60.20	162.89
19.92	-60.08	162.69
20.00	-59.96	162.49
20.07	-59.83	162.30
20.15	-59.71	162.12
20.22	-59.59	161.94
20.30	-59.48	161.78
20.38	-59.36	161.61
20.45	-59.25	161.46
20.53	-59.14	161.31
20.61	-59.03	161.17
20.69	-58.92	161.03
20.77	-58.82	160.89
20.84	-58.72	160.77
20.92	-58.62	160.64
21.00	-58.52	160.52
21.08	-58.42	160.41
21.16	-58.33	160.30
21.24	-58.24	160.20
21.32	-58.15	160.09
21.40	-58.06	160.00
21.48	-57.97	159.90
21.56	-57.89	159.81
21.64	-57.80	159.72
21.73	-57.72	159.64
21.81	-57.64	159.56
21.89	-57.56	159.48
21.97	-57.48	159.40
22.06	-57.40	159.33
22.14	-57.32	159.25
22.22	-57.25	159.18
22.31	-57.17	159.11
22.39	-57.09	159.04
22.47	-57.02	158.98
22.56	-56.94	158.91
22.64	-56.87	158.84
22.73	-56.79	158.77
22.82	-56.72	158.70
22.90	-56.64	158.64
22.99	-56.57	158.57
23.07	-56.49	158.50
23.16	-56.41	158.42
23.25	-56.34	158.35
23.34	-56.26	158.27
23.43	-56.18	158.19
23.51	-56.10	158.11
23.60	-56.01	158.03
23.69	-55.93	157.94
23.78	-55.85	157.85
23.87	-55.76	157.75
23.96	-55.68	157.66
24.05	-55.59	157.56
24.14	-55.50	157.45
24.23	-55.41	157.35
24.32	-55.32	157.23
24.42	-55.23	157.12
24.51	-55.14	157.00
24.60	-55.04	156.88
24.69	-54.95	156.76
24.79	-54.85	156.63
24.88	-54.76	156.50
24.97	-54.66	156.36
25.07	-54.57	156.22
25.16	-54.47	156.08
25.26	-54.37	155.94
25.35	-54.27	155.79
25.45	-54.18	155.63
25.54	-54.08	155.47
25.64	-53.98	155.31
25.74	-53.88	155.14
25.84	-53.78	154.97
25.93	-53.68	154.80
26.03	-53.58	154.62
26.13	-53.48	154.44
26.23	-53.38	154.25
26.33	-53.28	154.06
26.43	-53.18	153.86
26.53	-53.08	153.66
26.63	-52.98	153.45
26.73	-52.88	153.24
26.83	-52.78	153.03
26.93	-52.69	152.81
27.03	-52.59	152.59
27.13	-52.49	152.36
27.23	-52.39	152.13
27.34	-52.29	151.90
27.44	-52.19	151.66
27.54	-52.09	151.41
27.65	-52.00	151.17
27.75	-51.90	150.92
27.86	-51.80	150.67
27.96	-51.70	150.41
28.07	-51.60	150.15
28.17	-51.50	149.88
28.28	-51.41	149.62
28.39	-51.31	149.35
28.49	-51.21	149.08
28.60	-51.11	148.80
28.71	-51.01	148.52
28.82	-50.91	148.24
28.93	-50.81	147.96
29.03	-50.71	147.67
29.14	-50.61	147.38
29.25	-50.51	147.09
29.36	-50.41	146.80
29.48	-50.31	146.50
29.59	-50.21	146.20
29.70	-50.10	145.90
29.81	-50.00	145.60
29.92	-49.90	145.29
30.04	-49.80	144.98
30.15	-49.69	144.66
30.26	-49.59	144.34
30.38	-49.49	144.01
30.49	-49.38	143.68
30.61	-49.28	143.34
30.72	-49.17	142.99
30.84	-49.07	142.64
30.95	-48.97	142.28
31.07	-48.86	141.91
31.19	-48.76	141.53
31.31	-48.65	141.14
31.42	-48.54	140.75
31.54	-48.44	140.34
31.66	-48.33	139.92
31.78	-48.23	139.49
31.90	-48.12	139.05
32.02	-48.02	138.60
32.14	-47.91	138.13
32.26	-47.80	137.65
32.39	-47.70	137.16
32.51	-47.59	136.65
32.63	-47.48	136.13
32.75	-47.38	135.60
32.88	-47.27	135.05
33.00	-47.17	134.49
33.13	-47.06	133.91
33.25	-46.95	133.33
33.38	-46.85	132.72
33.50	-46.74	132.11
33.63	-46.63	131.48
33.76	-46.53	130.83
33.88	-46.42	130.18
34.01	-46.32	129.51
34.14	-46.21	128.83
34.27	-46.11	128.13
34.40	-46.00	127.42
34.53	-45.90	126.70
34.66	-45.79	125.97
34.79	-45.69	125.22
34.92	-45.58	124.46
35.05	-45.48	123.69
35.18	-45.37	122.90
35.32	-45.27	122.11
35.45	-45.17	121.30
35.58	-45.07	120.48
35.72	-44.96	119.64
35.85	-44.86	118.79
35.99	-44.76	117.93
36.12	-44.67	117.05
36.26	-44.57	116.16
36.40	-44.47	115.25
36.53	-44.38	114.33
36.67	-44.29	113.39
36.81	-44.20	112.43
36.95	-44.11	111.46
37.09	-44.02	110.48
37.23	-43.94	109.47
37.37	-43.86	108.45
37.51	-43.78	107.41
37.65	-43.70	106.35
37.79	-43.63	105.28
37.94	-43.56	104.18
38.08	-43.49	103.07
38.22	-43.43	101.94
38.37	-43.37	100.78
38.51	-43.32	99.61
38.66	-43.27	98.43
38.80	-43.22	97.22
38.95	-43.18	96.01
39.10	-43.14	94.77
39.24	-43.11	93.53
39.39	-43.08	92.28
39.54	-43.05	91.01
39.69	-43.03	89.74
39.84	-43.02	88.46
39.99	-43.01	87.17
40.14	-43.00	85.88
40.29	-43.00	84.58
40.45	-43.01	83.28
40.60	-43.02	81.98
40.75	-43.04	80.68
40.90	-43.06	79.38
41.06	-43.08	78.09
41.21	-43.12	76.80
41.37	-43.16	75.51
41.53	-43.20	74.24
41.68	-43.25	72.97
41.84	-43.31	71.71
42.00	-43.37	70.46
42.16	-43.43	69.22
42.32	-43.50	67.99
42.47	-43.58	66.78
42.63	-43.66	65.58
42.80	-43.74	64.39
42.96	-43.83	63.23
43.12	-43.92	62.08
43.28	-44.02	60.95
43.45	-44.12	59.84
43.61	-44.23	58.75
43.77	-44.34	57.69
43.94	-44.45	56.65
44.10	-44.56	55.64
44.27	-44.68	54.65
44.44	-44.80	53.69
44.61	-44.93	52.75
44.77	-45.06	51.84
44.94	-45.19	50.96
45.11	-45.32	50.09
45.28	-45.46	49.25
45.45	-45.60	48.44
45.63	-45.74	47.64
45.80	-45.89	46.87
45.97	-46.04	46.12
46.14	-46.19	45.39
46.32	-46.34	44.69
46.49	-46.50	44.00
46.67	-46.66	43.33
46.84	-46.82	42.68
47.02	-46.99	42.05
47.20	-47.15	41.44
47.38	-47.32	40.85
47.56	-47.49	40.28
47.74	-47.67	39.74
47.92	-47.84	39.21
48.10	-48.02	38.71
48.28	-48.21	38.24
48.46	-48.39	37.79
48.64	-48.58	37.37
48.83	-48.76	36.98
49.01	-48.96	36.61
49.20	-49.15	36.28
49.38	-49.35	35.97
49.57	-49.55	35.70
49.75	-49.75	35.47
49.94	-49.95	35.27
50.13	-50.16	35.10
50.32	-50.37	34.96
50.51	-50.59	34.85
50.70	-50.81	34.76
50.89	-51.04	34.69
51.08	-51.27	34.63
51.28	-51.51	34.59
51.47	-51.77	34.56
51.66	-52.03	34.53
51.86	-52.30	34.49
52.05	-52.58	34.46
52.25	-52.87	34.42
52.45	-53.18	34.36
52.65	-53.50	34.29
52.85	-53.84	34.20
53.04	-54.19	34.10
53.24	-54.55	34.04
53.45	-54.92	34.04
53.65	-55.31	34.15
53.85	-55.71	34.40
54.05	-56.11	34.83
54.26	-56.52	35.48
54.46	-56.93	36.39
54.67	-57.35	37.60
54.87	-57.77	39.15
55.08	-58.19	41.09
55.29	-58.61	43.46
55.50	-59.02	46.31
55.71	-59.43	49.67
55.92	-59.83	53.58
56.13	-60.22	57.96
56.34	-60.59	62.76
56.55	-60.94	67.92
56.77	-61.25	73.36
56.98	-61.53	79.02
57.19	-61.77	84.83
57.41	-61.96	90.71
57.63	-62.10	96.59
57.84	-62.17	102.40
58.06	-62.17	108.07
58.28	-62.10	113.50
58.50	-61.95	118.62
58.72	-61.71	123.36
58.94	-61.39	127.68
59.17	-60.98	131.60
59.39	-60.51	135.16
59.61	-59.98	138.36
59.84	-59.40	141.22
60.06	-58.78	143.78
60.29	-58.14	146.04
60.52	-57.48	148.04
60.75	-56.81	149.80
60.98	-56.14	151.34
61.21	-55.49	152.69
61.44	-54.87	153.86
61.67	-54.28	154.90
61.90	-53.74	155.81
62.14	-53.24	156.59
62.37	-52.77	157.27
62.61	-52.33	157.84
62.84	-51.92	158.31
63.08	-51.53	158.70
63.32	-51.16	159.01
63.56	-50.81	159.25
63.80	-50.47	159.44
64.04	-50.14	159.57
64.28	-49.82	159.66
64.52	-49.49	159.73
64.76	-49.16	159.77
65.01	-48.83	159.79
65.25	-48.50	159.78
65.50	-48.17	159.75
65.75	-47.83	159.70
66.00	-47.50	159.63
66.24	-47.17	159.54
66.49	-46.84	159.42
66.75	-46.51	159.28
67.00	-46.19	159.12
67.25	-45.86	158.94
67.50	-45.55	158.73
67.76	-45.23	158.50
68.01	-44.92	158.25
68.27	-44.62	157.98
68.53	-44.32	157.69
68.79	-44.02	157.37
69.05	-43.72	157.04
69.31	-43.42	156.68
69.57	-43.13	156.30
69.83	-42.83	155.90
70.09	-42.54	155.49
70.36	-42.24	155.05
70.62	-41.95	154.59
70.89	-41.65	154.11
71.16	-41.35	153.61
71.43	-41.06	153.09
71.70	-40.76	152.54
71.97	-40.46	151.98
72.24	-40.16	151.38
72.51	-39.86	150.77
72.79	-39.56	150.13
73.06	-39.26	149.47
73.34	-38.97	148.77
73.61	-38.67	148.06
73.89	-38.37	147.31
74.17	-38.07	146.52
74.45	-37.78	145.71
74.73	-37.48	144.85
75.01	-37.18	143.95
75.29	-36.88	143.01
75.58	-36.59	142.02
75.86	-36.28	140.98
76.15	-35.98	139.88
76.44	-35.68	138.73
76.73	-35.37	137.52
77.02	-35.07	136.24
77.31	-34.76	134.89
77.60	-34.46	133.48
77.89	-34.15	131.98
78.18	-33.85	130.41
78.48	-33.55	128.76
78.78	-33.25	127.02
79.07	-32.96	125.19
79.37	-32.67	123.27
79.67	-32.39	121.25
79.97	-32.11	119.14
80.27	-31.84	116.94
80.58	-31.58	114.65
80.88	-31.34	112.27
81.19	-31.10	109.80
81.49	-30.89	107.25
81.80	-30.68	104.61
82.11	-30.50	101.89
82.42	-30.34	99.10
82.73	-30.20	96.24
83.04	-30.08	93.33
83.35	-29.98	90.39
83.67	-29.90	87.44
83.99	-29.84	84.48
84.30	-29.81	81.54
84.62	-29.79	78.64
84.94	-29.80	75.78
85.26	-29.82	72.99
85.58	-29.87	70.27
85.90	-29.94	67.62
86.23	-30.02	65.06
86.55	-30.12	62.57
86.88	-30.23	60.18
87.21	-30.35	57.87
87.54	-30.48	55.66
87.87	-30.62	53.54
88.20	-30.76	51.52
88.53	-30.91	49.61
88.87	-31.07	47.78
89.20	-31.22	46.05
89.54	-31.38	44.41
89.88	-31.54	42.84
90.22	-31.70	41.36
90.56	-31.86	39.95
90.90	-32.02	38.61
91.24	-32.18	37.34
91.59	-32.34	36.13
91.93	-32.49	34.98
92.28	-32.64	33.89
92.63	-32.79	32.85
92.98	-32.94	31.86
93.33	-33.09	30.92
93.68	-33.23	30.01
94.03	-33.38	29.15
94.39	-33.52	28.33
94.74	-33.66	27.54
95.10	-33.79	26.78
95.46	-33.93	26.06
95.82	-34.06	25.36
96.18	-34.19	24.69
96.54	-34.31	24.04
96.91	-34.44	23.41
97.27	-34.56	22.81
97.64	-34.68	22.22
98.01	-34.80	21.65
98.38	-34.91	21.10
98.75	-35.02	20.57
99.12	-35.13	20.07
99.50	-35.24	19.58
99.87	-35.34	19.11
100.25	-35.45	18.65
100.63	-35.55	18.22
101.01	-35.65	17.80
101.39	-35.75	17.39
101.77	-35.84	16.99
102.16	-35.94	16.61
102.54	-36.03	16.23
102.93	-36.12	15.87
103.32	-36.21	15.50
103.71	-36.30	15.15
104.10	-36.39	14.81
104.49	-36.47	14.47
104.88	-36.56	14.13
105.28	-36.64	13.81
105.68	-36.72	13.48
106.08	-36.80	13.17
106.48	-36.88	12.86
106.88	-36.96	12.56
107.28	-37.04	12.27
107.69	-37.11	11.99
108.09	-37.18	11.72
108.50	-37.25	11.46
108.91	-37.32	11.21
109.32	-37.39	10.97
109.73	-37.46	10.73
110.15	-37.52	10.51
110.56	-37.59	10.29
110.98	-37.65	10.07
111.40	-37.71	9.85
111.82	-37.78	9.64
112.24	-37.84	9.43
112.67	-37.90	9.22
113.09	-37.96	9.01
113.52	-38.02	8.80
113.95	-38.08	8.60
114.38	-38.14	8.40
114.81	-38.20	8.20
115.24	-38.26	8.02
115.68	-38.31	7.83
116.11	-38.37	7.65
116.55	-38.42	7.48
116.99	-38.48	7.31
117.43	-38.53	7.14
117.87	-38.59	6.98
118.32	-38.64	6.83
118.77	-38.69	6.68
119.21	-38.74	6.53
119.66	-38.79	6.38
120.12	-38.84	6.22
120.57	-38.89	6.07
121.02	-38.93	5.91
121.48	-38.98	5.76
121.94	-39.03	5.60
122.40	-39.07	5.45
122.86	-39.11	5.31
123.32	-39.16	5.17
123.79	-39.20	5.03
124.26	-39.25	4.90
124.73	-39.29	4.78
125.20	-39.33	4.66
125.67	-39.38	4.55
126.14	-39.42	4.44
126.62	-39.46	4.34
127.10	-39.50	4.23
127.58	-39.54	4.12
128.06	-39.58	4.01
128.54	-39.62	3.88
129.03	-39.66	3.75
129.51	-39.70	3.60
130.00	-39.74	3.44
130.49	-39.77	3.28
130.98	-39.81	3.12
131.48	-39.85	2.98
131.98	-39.88	2.85
132.47	-39.91	2.74
132.97	-39.95	2.65
133.48	-39.98	2.56
133.98	-40.01	2.47
134.48	-40.04	2.37
134.99	-40.07	2.26
135.50	-40.10	2.13
136.01	-40.13	1.99
136.53	-40.16	1.85
137.04	-40.19	1.72
137.56	-40.21	1.59
138.08	-40.24	1.47
138.60	-40.26	1.37
139.12	-40.29	1.28
139.65	-40.31	1.19
140.17	-40.34	1.11
140.70	-40.37	1.03
141.23	-40.39	0.95
141.77	-40.42	0.86
142.30	-40.45	0.77
142.84	-40.48	0.67
143.38	-40.51	0.58
143.92	-40.54	0.48
144.46	-40.56	0.38
145.01	-40.58	0.29
145.55	-40.61	0.19
146.10	-40.63	0.10
146.65	-40.65	0.01
147.21	-40.68	-0.07
147.76	-40.70	-0.15
148.32	-40.73	-0.22
148.88	-40.76	-0.30
149.44	-40.78	-0.38
150.01	-40.81	-0.46
150.57	-40.83	-0.55
151.14	-40.85	-0.63
151.71	-40.87	-0.72
152.28	-40.88	-0.81
152.86	-40.90	-0.91
153.43	-40.91	-1.00
154.01	-40.93	-1.09
154.59	-40.95	-1.18
155.18	-40.97	-1.27
155.76	-40.99	-1.35
156.35	-41.01	-1.43
156.94	-41.04	-1.51
157.53	-41.06	-1.58
158.13	-41.08	-1.66
158.72	-41.10	-1.73
159.32	-41.12	-1.81
159.93	-41.13	-1.88
160.53	-41.15	-1.95
161.13	-41.16	-2.01
161.74	-41.18	-2.05
162.35	-41.21	-2.09
162.97	-41.23	-2.13
163.58	-41.25	-2.18
164.20	-41.28	-2.25
164.82	-41.29	-2.33
165.44	-41.31	-2.42
166.06	-41.32	-2.51
166.69	-41.33	-2.60
167.32	-41.35	-2.66
167.95	-41.36	-2.71
168.58	-41.38	-2.75
169.22	-41.39	-2.79
169.86	-41.41	-2.83
170.50	-41.43	-2.90
171.14	-41.44	-2.98
171.79	-41.46	-3.06
172.44	-41.47	-3.15
173.09	-41.48	-3.23
173.74	-41.50	-3.30
174.40	-41.51	-3.37
175.06	-41.53	-3.44
175.72	-41.55	-3.51
176.38	-41.57	-3.58
177.04	-41.60	-3.66
177.71	-41.62	-3.74
178.38	-41.64	-3.84
179.06	-41.65	-3.96
179.73	-41.67	-4.08
180.41	-41.67	-4.21
181.09	-41.68	-4.34
181.77	-41.69	-4.46
182.46	-41.71	-4.57
183.15	-41.72	-4.67
183.84	-41.74	-4.76
184.53	-41.75	-4.85
185.23	-41.76	-4.93
185.93	-41.78	-5.00
186.63	-41.79	-5.06
187.33	-41.80	-5.11
188.04	-41.81	-5.15
188.75	-41.82	-5.18
189.46	-41.84	-5.22
190.18	-41.85	-5.26
190.90	-41.87	-5.33
191.62	-41.89	-5.43
192.34	-41.90	-5.53
193.07	-41.92	-5.62
193.79	-41.93	-5.70
194.53	-41.95	-5.76
195.26	-41.96	-5.82
196.00	-41.97	-5.89
196.74	-41.98	-5.98
197.48	-42.00	-6.10
198.22	-42.01	-6.23
198.97	-42.03	-6.33
199.72	-42.04	-6.41
200.48	-42.05	-6.45
201.23	-42.06	-6.47
201.99	-42.07	-6.49
202.75	-42.08	-6.52
203.52	-42.10	-6.56
204.29	-42.11	-6.62
205.06	-42.12	-6.68
205.83	-42.13	-6.75
206.61	-42.13	-6.81
207.39	-42.13	-6.86
208.17	-42.14	-6.90
208.96	-42.15	-6.91
209.74	-42.17	-6.92
210.54	-42.18	-6.94
211.33	-42.20	-6.99
212.13	-42.21	-7.07
212.93	-42.22	-7.16
213.73	-42.23	-7.24
214.54	-42.24	-7.28
215.35	-42.25	-7.29
216.16	-42.26	-7.30
216.98	-42.26	-7.33
217.80	-42.27	-7.39
218.62	-42.27	-7.46
219.44	-42.28	-7.53
220.27	-42.29	-7.56
221.10	-42.30	-7.57
221.94	-42.31	-7.58
222.77	-42.32	-7.62
223.61	-42.33	-7.69
224.46	-42.34	-7.79
225.30	-42.34	-7.87
226.15	-42.35	-7.93
227.01	-42.36	-7.97
227.86	-42.37	-8.01
228.72	-42.38	-8.06
229.59	-42.39	-8.15
230.45	-42.40	-8.24
231.32	-42.41	-8.33
232.20	-42.40	-8.39
233.07	-42.40	-8.44
233.95	-42.39	-8.49
234.84	-42.38	-8.56
235.72	-42.39	-8.63
236.61	-42.39	-8.71
237.50	-42.39	-8.77
238.40	-42.39	-8.82
239.30	-42.39	-8.85
240.20	-42.39	-8.89
241.11	-42.39	-8.94
242.02	-42.40	-9.01
242.93	-42.41	-9.10
243.85	-42.41	-9.20
244.77	-42.41	-9.32
245.69	-42.40	-9.41
246.62	-42.40	-9.47
247.55	-42.40	-9.49
248.48	-42.40	-9.52
249.42	-42.40	-9.56
250.36	-42.40	-9.64
251.31	-42.41	-9.73
252.26	-42.41	-9.80
253.21	-42.43	-9.87
254.16	-42.44	-9.94
255.12	-42.45	-10.03
256.09	-42.46	-10.17
257.05	-42.45	-10.31
258.02	-42.46	-10.44
259.00	-42.46	-10.54
259.97	-42.47	-10.64
260.95	-42.47	-10.76
261.94	-42.47	-10.93
262.93	-42.47	-11.10
263.92	-42.47	-11.22
264.92	-42.47	-11.29
265.92	-42.48	-11.34
266.92	-42.49	-11.43
267.93	-42.49	-11.57
268.94	-42.49	-11.73
269.95	-42.49	-11.83
270.97	-42.49	-11.87
271.99	-42.48	-11.88
273.02	-42.48	-11.93
274.05	-42.49	-12.01
275.08	-42.51	-12.11
276.12	-42.52	-12.22
277.16	-42.54	-12.34
278.21	-42.55	-12.47
279.26	-42.56	-12.63
280.31	-42.56	-12.79
281.37	-42.56	-12.93
282.43	-42.58	-13.04
283.50	-42.59	-13.15
284.57	-42.60	-13.26
285.64	-42.60	-13.40
286.72	-42.60	-13.52
287.80	-42.61	-13.60
288.89	-42.63	-13.64
289.98	-42.64	-13.67
291.07	-42.64	-13.72
292.17	-42.64	-13.77
293.27	-42.64	-13.81
294.38	-42.65	-13.81
295.49	-42.66	-13.80
296.61	-42.67	-13.82
297.73	-42.66	-13.86
298.85	-42.66	-13.91
299.98	-42.65	-13.98
301.11	-42.65	-14.05
302.25	-42.66	-14.14
303.39	-42.66	-14.24
304.53	-42.67	-14.33
305.68	-42.66	-14.42
306.83	-42.66	-14.52
307.99	-42.65	-14.66
309.15	-42.64	-14.85
310.32	-42.64	-15.02
311.49	-42.64	-15.12
312.67	-42.63	-15.20
313.85	-42.62	-15.36
315.03	-42.59	-15.61
316.22	-42.57	-15.87
317.41	-42.57	-16.05
318.61	-42.57	-16.22
319.81	-42.59	-16.51
321.02	-42.60	-16.96
322.23	-42.62	-17.44
323.45	-42.68	-17.84
324.67	-42.75	-18.11
325.89	-42.81	-18.19
327.12	-42.87	-18.10
328.36	-42.92	-17.92
329.60	-42.96	-17.71
330.84	-42.98	-17.53
332.09	-42.98	-17.43
333.34	-42.98	-17.40
334.60	-42.97	-17.42
335.86	-42.96	-17.44
337.13	-42.96	-17.47
338.40	-42.95	-17.49
339.68	-42.95	-17.54
340.96	-42.95	-17.63
342.25	-42.96	-17.72
343.54	-42.97	-17.78
344.83	-42.98	-17.80
346.14	-42.99	-17.84
347.44	-42.99	-17.94
348.75	-42.98	-18.04
350.07	-42.97	-18.13
351.39	-42.96	-18.22
352.72	-42.98	-18.36
354.05	-42.99	-18.48
355.38	-43.00	-18.51
356.72	-43.00	-18.50
358.07	-43.00	-18.57
359.42	-43.01	-18.73
360.78	-43.02	-18.83
362.14	-43.02	-18.86
363.51	-43.02	-18.95
364.88	-43.03	-19.17
366.25	-43.03	-19.39
367.64	-43.02	-19.49
369.02	-43.02	-19.54
370.42	-43.05	-19.65
371.81	-43.09	-19.77
373.22	-43.11	-19.83
374.63	-43.12	-19.89
376.04	-43.11	-20.06
377.46	-43.12	-20.29
378.88	-43.14	-20.48
380.31	-43.17	-20.61
381.75	-43.21	-20.70
383.19	-43.24	-20.76
384.63	-43.27	-20.72
386.09	-43.30	-20.60
387.54	-43.33	-20.40
389.00	-43.34	-20.19
390.47	-43.34	-20.05
391.95	-43.33	-19.98
393.43	-43.31	-19.93
394.91	-43.30	-19.90
396.40	-43.29	-19.89
397.90	-43.28	-19.90
399.40	-43.28	-19.92
400.90	-43.28	-19.97
402.42	-43.27	-20.06
403.94	-43.25	-20.14
405.46	-43.24	-20.18
406.99	-43.24	-20.21
408.53	-43.23	-20.32
410.07	-43.22	-20.42
411.61	-43.20	-20.42
413.17	-43.19	-20.39
414.73	-43.19	-20.45
416.29	-43.19	-20.57
417.86	-43.19	-20.73
419.44	-43.19	-20.92
421.02	-43.18	-21.13
422.61	-43.17	-21.29
424.21	-43.16	-21.42
425.81	-43.15	-21.59
427.41	-43.13	-21.81
429.03	-43.13	-21.98
430.65	-43.14	-22.15
432.27	-43.14	-22.42
433.90	-43.14	-22.70
435.54	-43.14	-22.95
437.18	-43.15	-23.20
438.83	-43.18	-23.45
440.49	-43.21	-23.64
442.15	-43.24	-23.81
443.82	-43.25	-24.08
445.49	-43.27	-24.34
447.18	-43.32	-24.48
448.86	-43.36	-24.54
450.56	-43.39	-24.60
452.26	-43.43	-24.70
453.96	-43.48	-24.82
455.68	-43.53	-24.89
457.40	-43.55	-24.94
459.12	-43.56	-25.00
460.85	-43.58	-25.02
462.59	-43.62	-25.00
464.34	-43.66	-24.99
466.09	-43.70	-24.97
467.85	-43.74	-24.91
469.62	-43.80	-24.86
471.39	-43.85	-24.82
473.17	-43.88	-24.79
474.95	-43.90	-24.74
476.74	-43.94	-24.62
478.54	-43.98	-24.37
480.35	-44.01	-24.03
482.16	-44.05	-23.67
483.98	-44.10	-23.32
485.81	-44.13	-22.92
487.64	-44.13	-22.38
489.48	-44.11	-21.87
491.33	-44.10	-21.52
493.18	-44.05	-20.97
495.04	-43.98	-20.34
496.91	-43.93	-20.11
498.79	-43.87	-20.01
500.67	-43.78	-19.95
502.56	-43.66	-20.32
504.45	-43.54	-20.74
506.36	-43.47	-21.47
508.27	-43.54	-24.01
510.19	-43.38	-25.20
512.11	-43.52	-27.47
514.04	-46.35	-45.17
515.98	-47.38	-37.11
517.93	-42.96	17.36
519.89	-40.64	20.39
521.85	-41.22	-11.41
523.82	-41.53	-15.49
525.79	-41.65	-15.55
527.78	-41.79	-19.19
529.77	-41.95	-20.46
531.77	-42.04	-21.26
533.78	-42.12	-22.28
535.79	-42.22	-23.12
537.81	-42.28	-23.62
539.84	-42.32	-24.07
541.88	-42.38	-24.61
543.92	-42.45	-25.00
545.98	-42.49	-25.31
548.04	-42.50	-25.62
550.10	-42.59	-25.89
552.18	-42.64	-26.04
554.26	-42.66	-26.23
556.35	-42.70	-26.56
558.45	-42.74	-26.72
560.56	-42.78	-26.87
562.68	-42.80	-27.09
564.80	-42.84	-27.22
566.93	-42.87	-27.32
569.07	-42.90	-27.42
571.22	-42.95	-27.52
573.37	-42.97	-27.58
575.54	-43.01	-27.64
577.71	-43.07	-27.68
579.89	-43.09	-27.63
582.08	-43.15	-27.56
584.27	-43.20	-27.54
586.48	-43.23	-27.52
588.69	-43.26	-27.40
590.91	-43.28	-27.34
593.14	-43.30	-27.25
595.38	-43.32	-27.13
597.63	-43.33	-27.10
599.88	-43.36	-27.25
602.15	-43.43	-27.32
604.42	-43.52	-27.42
606.70	-43.62	-27.54
608.99	-43.77	-27.39
611.29	-43.92	-27.19
613.59	-44.12	-26.82
615.91	-44.35	-26.12
618.23	-44.62	-25.10
620.57	-44.96	-23.64
622.91	-45.41	-21.11
625.26	-45.95	-17.32
627.62	-46.56	-11.31
629.99	-47.12	-0.31
632.36	-46.97	18.26
634.75	-44.53	40.05
637.15	-39.37	49.94
639.55	-34.23	31.73
641.96	-32.59	-3.60
644.39	-34.36	-23.74
646.82	-35.91	-31.92
649.26	-36.95	-35.48
651.71	-37.73	-37.43
654.17	-38.29	-38.68
656.64	-38.72	-39.65
659.11	-39.07	-40.26
661.60	-39.34	-40.79
664.10	-39.58	-41.29
666.60	-39.80	-41.67
669.12	-39.99	-42.00
671.64	-40.14	-42.24
674.18	-40.29	-42.36
676.72	-40.41	-42.65
679.28	-40.53	-42.87
681.84	-40.63	-42.91
684.41	-40.70	-43.03
687.00	-40.77	-43.19
689.59	-40.83	-43.41
692.19	-40.90	-43.70
694.80	-40.97	-43.89
697.42	-41.03	-44.08
700.06	-41.06	-44.14
702.70	-41.11	-44.29
705.35	-41.15	-44.46
708.01	-41.16	-44.70
710.68	-41.20	-44.89
713.36	-41.24	-45.18
716.06	-41.28	-45.54
718.76	-41.31	-45.75
721.47	-41.33	-45.99
724.19	-41.37	-46.30
726.93	-41.42	-46.50
729.67	-41.44	-46.73
732.42	-41.47	-46.98
735.19	-41.50	-47.23
737.96	-41.52	-47.46
740.75	-41.57	-47.83
743.54	-41.59	-48.03
746.35	-41.63	-48.27
749.16	-41.68	-48.41
751.99	-41.68	-48.63
754.83	-41.71	-48.82
757.68	-41.75	-48.92
760.54	-41.74	-49.25
763.41	-41.75	-49.54
766.29	-41.76	-49.77
769.18	-41.77	-50.23
772.08	-41.80	-50.66
774.99	-41.83	-51.05
777.92	-41.92	-51.90
780.85	-41.97	-52.52
783.80	-42.04	-53.06
786.76	-42.08	-53.55
789.73	-42.15	-54.35
792.71	-42.26	-55.24
795.70	-42.39	-56.05
798.70	-42.55	-57.21
801.71	-42.82	-58.46
804.74	-43.21	-59.76
807.78	-43.85	-61.84
810.83	-45.01	-64.02
813.88	-48.06	-64.15
816.96	-52.03	3.87
820.04	-40.66	1.15
823.13	-39.40	-25.39
826.24	-39.70	-36.34
829.36	-40.04	-41.77
832.49	-40.28	-44.86
835.63	-40.45	-46.90
838.78	-40.58	-48.50
841.95	-40.68	-49.68
845.12	-40.81	-51.10
848.31	-40.88	-52.45
851.51	-40.94	-53.18
854.73	-40.99	-53.90
857.95	-41.04	-54.65
861.19	-41.08	-55.14
864.44	-41.15	-55.68
867.70	-41.19	-56.10
870.98	-41.20	-56.75
874.26	-41.28	-57.44
877.56	-41.33	-58.03
880.87	-41.38	-58.28
884.20	-41.42	-58.85
887.53	-41.44	-59.22
890.88	-41.49	-59.38
894.25	-41.50	-59.84
897.62	-41.53	-60.40
901.01	-41.55	-61.09
904.41	-41.60	-61.40
907.82	-41.62	-61.81
911.25	-41.66	-62.10
914.68	-41.71	-62.57
918.14	-41.76	-63.06
921.60	-41.82	-63.46
925.08	-41.84	-63.61
928.57	-41.89	-63.88
932.07	-41.94	-64.17
935.59	-41.96	-64.50
939.12	-41.99	-64.81
942.67	-42.02	-65.20
946.22	-42.07	-65.53
949.79	-42.08	-65.78
953.38	-42.13	-66.33
956.97	-42.19	-66.75
960.59	-42.21	-67.00
964.21	-42.26	-67.25
967.85	-42.35	-67.65
971.50	-42.41	-67.94
975.17	-42.46	-68.24
978.85	-42.52	-68.36
982.54	-42.57	-68.66
986.25	-42.64	-68.83
989.97	-42.69	-68.92
993.71	-42.78	-69.27
997.46	-42.87	-69.59
1001.22	-42.91	-69.72
1005.00	-43.01	-69.72
1008.79	-43.16	-69.98
1012.60	-43.38	-70.16
1016.42	-43.58	-69.86
1020.25	-44.04	-68.47
1024.10	-44.91	-63.86
1027.97	-45.35	-51.26
1031.85	-40.80	-47.46
1035.74	-40.70	-66.83
1039.65	-41.27	-69.80
1043.57	-41.76	-71.51
1047.51	-42.05	-72.43
1051.46	-42.21	-72.66
1055.43	-42.38	-73.01
1059.41	-42.53	-73.33
1063.41	-42.58	-73.62
1067.43	-42.72	-73.73
1071.45	-42.80	-74.07
1075.50	-42.93	-74.29
1079.55	-43.02	-74.27
1083.63	-43.08	-74.48
1087.72	-43.21	-74.57
1091.82	-43.33	-74.59
1095.94	-43.47	-74.29
1100.08	-43.63	-73.94
1104.23	-43.76	-73.37
1108.40	-43.87	-72.49
1112.58	-43.93	-71.76
1116.78	-44.00	-70.65
1120.99	-44.02	-69.03
1125.22	-43.99	-67.65
1129.47	-43.92	-66.03
1133.73	-43.80	-64.36
1138.01	-43.58	-62.91
1142.30	-43.33	-61.63
1146.61	-43.03	-60.61
1150.94	-42.64	-60.16
1155.28	-42.28	-59.97
1159.64	-41.87	-60.47
1164.02	-41.47	-61.48
1168.41	-41.09	-62.99
1172.82	-40.77	-64.70
1177.25	-40.50	-67.08
1181.69	-40.28	-69.69
1186.15	-40.16	-72.38
1190.62	-40.10	-75.23
1195.12	-40.13	-78.02
1199.63	-40.29	-80.90
1204.15	-40.75	-81.93
1208.70	-40.77	-78.38
1213.26	-40.13	-80.79
1217.84	-40.01	-84.53
1222.43	-40.08	-87.49
1227.04	-40.26	-90.95
1231.67	-40.42	-93.06
1236.32	-40.64	-95.14
1240.99	-40.89	-96.91
1245.67	-41.15	-98.30
1250.37	-41.48	-99.61
1255.09	-41.73	-100.59
1259.83	-41.96	-101.08
1264.58	-42.24	-101.67
1269.35	-42.44	-102.08
1274.14	-42.61	-102.56
1278.95	-42.78	-103.07
1283.78	-42.96	-103.49
1288.62	-43.18	-104.13
1293.48	-43.37	-104.68
1298.36	-43.59	-105.16
1303.26	-43.89	-105.81
1308.18	-44.24	-106.36
1313.12	-44.50	-106.58
1318.07	-44.84	-107.05
1323.05	-45.51	-107.04
1328.04	-46.30	-106.06
1333.05	-47.36	-99.01
1338.08	-46.56	-76.73
1343.13	-42.75	-83.48
1348.20	-42.82	-94.66
1353.29	-43.20	-99.49
1358.39	-43.73	-102.85
1363.52	-44.07	-104.36
1368.67	-44.37	-105.18
1373.83	-44.70	-106.06
1379.01	-45.01	-106.89
1384.22	-45.38	-107.42
1389.44	-45.65	-107.41
1394.68	-45.91	-107.53
1399.95	-46.28	-107.28
1405.23	-46.64	-106.64
1410.53	-46.97	-105.66
1415.86	-47.20	-104.91
1421.20	-47.45	-104.03
1426.56	-47.74	-102.80
1431.94	-48.03	-101.49
1437.35	-48.32	-99.48
1442.77	-48.62	-97.38
1448.22	-48.84	-94.55
1453.68	-48.91	-92.22
1459.17	-49.01	-90.10
1464.67	-49.07	-87.03
1470.20	-49.01	-83.81
1475.75	-48.98	-81.32
1481.32	-48.89	-78.72
1486.91	-48.89	-76.24
1492.52	-48.80	-73.17
1498.15	-48.69	-68.99
1503.80	-48.30	-64.29
1509.48	-47.83	-60.49
1515.17	-47.14	-55.04
1520.89	-45.78	-49.73
1526.63	-44.06	-48.45
1532.39	-42.25	-57.56
1538.17	-42.21	-74.94
1543.98	-43.52	-81.54
1549.81	-44.47	-81.38
1555.65	-44.96	-79.38
1561.52	-45.26	-76.32
1567.42	-45.29	-71.88
1573.33	-44.25	-64.87
1579.27	-42.26	-70.96
1585.23	-42.65	-79.65
1591.21	-43.18	-82.59
1597.21	-43.61	-82.88
1603.24	-43.82	-82.50
1609.29	-43.99	-81.75
1615.36	-44.10	-81.14
1621.46	-44.24	-79.65
1627.58	-44.34	-77.24
1633.72	-44.22	-72.08
1639.89	-42.90	-67.44
1646.07	-41.63	-74.41
1652.29	-41.84	-81.52
1658.52	-42.09	-84.25
1664.78	-42.50	-86.69
1671.06	-42.69	-83.61
1677.37	-42.49	-83.37
1683.70	-42.38	-83.66
1690.05	-42.28	-84.12
1696.43	-42.18	-83.91
1702.83	-41.73	-81.77
1709.26	-41.15	-87.50
1715.70	-41.47	-89.44
1722.18	-41.52	-90.43
1728.68	-41.52	-91.45
1735.20	-41.50	-92.44
1741.75	-41.47	-93.21
1748.32	-41.46	-94.51
1754.92	-41.45	-95.84
1761.54	-41.76	-97.32
1768.19	-41.72	-95.38
1774.86	-41.56	-96.30
1781.56	-41.52	-97.08
1788.28	-41.53	-97.64
1795.03	-41.46	-98.12
1801.80	-41.35	-98.82
1808.60	-41.27	-99.72
1815.43	-41.26	-101.06
1822.28	-41.30	-102.01
1829.15	-41.32	-102.73
1836.06	-41.34	-103.49
1842.99	-41.37	-104.31
1849.94	-41.43	-104.70
1856.92	-41.45	-104.31
1863.93	-41.21	-104.83
1870.96	-41.25	-106.47
1878.02	-41.35	-107.28
1885.11	-41.44	-107.49
1892.22	-41.50	-107.31
1899.36	-41.52	-106.70
1906.53	-41.32	-104.98
1913.72	-40.70	-105.53
1920.95	-40.68	-109.74
1928.19	-41.00	-110.81
1935.47	-41.10	-108.59
1942.77	-39.96	-105.95
1950.11	-39.95	-116.24
1957.46	-40.53	-117.60
1964.85	-40.74	-117.85
1972.27	-40.86	-117.82
1979.71	-40.93	-118.00
1987.18	-40.91	-117.74
1994.68	-40.85	-118.14
2002.20	-40.79	-118.40
2009.76	-40.60	-118.60
2017.34	-40.40	-121.14
2024.96	-40.59	-123.48
2032.60	-40.67	-124.59
2040.27	-40.77	-125.71
2047.97	-40.91	-126.97
2055.70	-41.32	-128.02
2063.45	-41.81	-124.03
2071.24	-41.33	-120.65
2079.06	-40.80	-120.64
2086.90	-40.10	-122.72
2094.78	-39.94	-128.30
2102.68	-40.27	-130.58
2110.62	-40.43	-131.33
2118.58	-40.50	-133.26
2126.57	-40.67	-134.60
2134.60	-40.85	-134.97
2142.65	-41.00	-135.24
2150.74	-41.13	-135.48
2158.86	-41.20	-134.90
2167.00	-41.06	-134.98
2175.18	-41.05	-135.84
2183.39	-41.07	-136.56
2191.63	-41.10	-136.94
2199.90	-41.09	-137.20
2208.20	-41.07	-137.41
2216.53	-41.05	-137.95
2224.90	-41.03	-137.88
2233.29	-40.78	-138.85
2241.72	-40.63	-139.81
2250.18	-40.66	-142.46
2258.67	-40.80	-143.64
2267.19	-40.88	-144.34
2275.75	-40.94	-144.76
2284.34	-40.92	-145.25
2292.96	-40.90	-145.96
2301.61	-40.89	-146.77
2310.29	-40.95	-147.65
2319.01	-41.04	-147.55
2327.76	-40.75	-148.09
2336.55	-40.76	-150.14
2345.36	-40.78	-151.32
2354.21	-40.78	-152.95
2363.10	-40.97	-155.04
2372.02	-41.12	-155.32
2380.97	-41.19	-155.59
2389.95	-41.20	-156.38
2398.97	-41.24	-157.07
2408.02	-41.29	-157.88
2417.11	-41.39	-158.80
2426.23	-41.47	-159.29
2435.39	-41.52	-159.67
2444.58	-41.60	-160.32
2453.80	-41.66	-160.14
2463.06	-41.48	-161.15
2472.35	-41.63	-162.47
2481.68	-41.72	-162.85
2491.05	-41.81	-163.21
2500.45	-41.83	-163.46
2509.88	-41.82	-163.67
2519.36	-41.76	-164.18
2528.86	-41.67	-165.22
2538.41	-41.83	-166.49
2547.98	-41.84	-166.86
2557.60	-41.82	-167.98
2567.25	-41.99	-168.64
2576.94	-42.00	-168.86
2586.66	-41.97	-169.83
2596.42	-42.06	-170.94
2606.22	-42.17	-172.06
2616.06	-42.33	-172.70
2625.93	-42.51	-172.64
2635.84	-42.63	-171.36
2645.78	-42.46	-171.39
2655.77	-42.40	-172.13
2665.79	-42.35	-172.79
2675.85	-42.50	-173.94
2685.95	-42.52	-173.12
2696.08	-42.38	-173.92
2706.26	-42.39	-175.12
2716.47	-42.53	-176.00
2726.72	-42.51	-175.22
2737.01	-42.42	-176.21
2747.34	-42.42	-177.17
2757.70	-42.47	-177.94
2768.11	-42.50	-178.40
2778.56	-42.57	-179.08
2789.04	-42.60	-179.35
2799.57	-42.59	-179.45
2810.13	-42.54	179.83
2820.73	-42.58	179.57
2831.38	-42.53	178.80
2842.06	-42.54	178.05
2852.79	-42.53	177.15
2863.55	-42.54	176.47
2874.36	-42.59	175.87
2885.21	-42.58	175.48
2896.09	-42.60	174.66
2907.02	-42.61	174.00
2917.99	-42.67	173.26
2929.00	-42.73	173.07
2940.06	-42.74	172.85
2951.15	-42.70	172.31
2962.29	-42.72	171.74
2973.47	-42.70	171.40
2984.69	-42.71	170.86
2995.95	-42.68	170.19
3007.25	-42.69	169.45
3018.60	-42.66	168.90
3029.99	-42.69	168.24
3041.43	-42.70	168.06
3052.90	-42.67	167.60
3064.42	-42.65	166.56
3075.99	-42.67	165.78
3087.60	-42.69	165.46
3099.25	-42.69	165.07
3110.94	-42.68	164.27
3122.68	-42.71	163.73
3134.47	-42.73	163.44
3146.29	-42.67	163.17
3158.17	-42.62	162.33
3170.08	-42.62	161.48
3182.05	-42.61	161.12
3194.05	-42.58	160.16
3206.11	-42.63	159.37
3218.21	-42.66	159.19
3230.35	-42.58	158.43
3242.54	-42.64	158.01
3254.77	-42.64	157.96
3267.06	-42.54	157.72
3279.39	-42.46	156.69
3291.76	-42.42	155.90
3304.18	-42.44	155.10
3316.65	-42.38	154.69
3329.17	-42.29	154.04
3341.73	-42.30	152.79
3354.34	-42.31	152.26
3367.00	-42.23	151.74
3379.70	-42.16	150.74
3392.46	-42.26	149.25
3405.26	-42.26	149.34
3418.11	-42.26	148.75
3431.01	-42.24	148.75
3443.95	-42.08	147.80
3456.95	-42.06	146.47
3469.99	-42.14	146.00
3483.09	-42.04	146.49
3496.23	-41.91	145.34
3509.43	-41.79	144.17
3522.67	-41.77	143.14
3535.96	-41.72	142.30
3549.31	-41.60	141.32
3562.70	-41.53	139.79
3576.14	-41.59	138.90
3589.64	-41.51	137.55
3603.18	-41.58	136.54
3616.78	-41.52	136.20
3630.43	-41.45	134.48
3644.13	-41.46	133.46
3657.88	-41.48	132.22
3671.68	-41.51	131.60
3685.54	-41.48	130.52
3699.45	-41.52	129.56
3713.41	-41.56	129.42
3727.42	-41.35	128.50
3741.49	-41.37	126.30
3755.60	-41.45	125.46
3769.78	-41.44	124.85
3784.00	-41.43	123.96
3798.28	-41.45	123.25
3812.61	-41.42	122.13
3827.00	-41.50	121.55
3841.44	-41.43	120.47
3855.94	-41.42	119.00
3870.49	-41.61	118.79
3885.09	-41.56	118.86
3899.75	-41.46	118.66
3914.47	-41.24	117.50
3929.24	-41.41	115.60
3944.07	-41.42	116.35
3958.95	-41.29	115.69
3973.89	-41.17	114.44
3988.89	-41.18	113.43
4003.94	-41.20	113.32
4019.05	-41.03	112.61
4034.22	-40.98	112.40
4049.44	-40.73	112.19
4064.72	-40.47	109.72
4080.06	-40.48	107.67
4095.46	-40.48	106.48
4110.91	-40.43	105.44
4126.42	-40.42	104.41
4141.99	-40.31	104.11
4157.62	-40.17	102.13
4173.31	-40.15	100.30
4189.06	-40.20	99.58
4204.87	-40.11	98.74
4220.74	-40.02	97.66
4236.66	-39.95	96.43
4252.65	-39.87	95.44
4268.70	-39.66	94.38
4284.81	-39.60	92.42
4300.98	-39.53	91.12
4317.21	-39.42	89.68
4333.50	-39.34	87.96
4349.85	-39.25	86.66
4366.26	-39.15	84.85
4382.74	-39.05	83.09
4399.28	-38.99	80.93
4415.88	-38.95	79.60
4432.54	-38.89	77.29
4449.27	-38.87	75.77
4466.06	-38.74	74.49
4482.91	-38.62	71.76
4499.83	-38.61	69.05
4516.81	-38.78	66.82
4533.85	-38.71	65.79
4550.96	-38.68	63.31
4568.14	-38.71	61.65
4585.37	-38.70	59.63
4602.68	-38.80	57.65
4620.05	-38.73	56.27
4637.48	-38.72	54.15
4654.98	-38.71	51.92
4672.55	-38.71	49.88
4690.18	-38.72	47.39
4707.88	-38.80	45.16
4725.64	-38.82	43.01
4743.48	-38.94	40.37
4761.38	-39.08	37.93
4779.34	-39.16	36.39
4797.38	-39.25	33.73
4815.48	-39.48	31.82
4833.65	-39.62	30.39
4851.89	-39.66	28.39
4870.20	-39.84	26.23
4888.58	-40.02	24.52
4907.03	-40.08	22.42
4925.54	-40.39	19.70
4944.13	-40.67	18.25
4962.79	-41.09	17.98
4981.52	-41.07	17.76
5000.31	-41.20	15.72
5019.18	-41.54	14.72
5038.12	-41.64	14.46
5057.14	-41.73	13.04
5076.22	-42.08	11.95
5095.37	-42.19	13.46
5114.60	-42.01	11.39
5133.90	-42.51	9.47
5153.27	-42.53	11.66
5172.72	-42.50	10.49
5192.24	-42.63	9.81
5211.83	-42.63	10.40
5231.50	-42.48	9.36
5251.24	-42.43	7.40
5271.06	-42.72	6.19
5290.95	-42.72	6.49
5310.91	-42.59	6.37
5330.96	-42.56	4.39
5351.07	-42.77	3.76
5371.27	-42.52	3.27
5391.53	-42.58	1.51
5411.88	-42.60	0.61
5432.30	-42.54	-0.22
5452.80	-42.38	-1.98
5473.38	-42.54	-4.28
5494.03	-42.67	-4.84
5514.76	-42.61	-6.44
5535.57	-42.74	-6.79
5556.46	-42.55	-8.03
5577.43	-42.48	-10.75
5598.48	-42.66	-12.31
5619.60	-42.62	-13.99
5640.81	-42.70	-16.55
5662.10	-43.06	-18.59
5683.46	-42.98	-18.76
5704.91	-43.23	-23.95
5726.44	-44.21	-26.08
5748.05	-44.99	-22.02
5769.74	-44.96	-16.77
5791.51	-44.58	-15.13
5813.36	-44.36	-13.51
5835.30	-43.88	-13.67
5857.32	-43.71	-15.32
5879.42	-43.67	-15.02
5901.61	-43.11	-15.15
5923.88	-43.06	-18.25
5946.23	-42.95	-18.79
5968.67	-42.63	-20.02
5991.20	-42.64	-22.49
6013.80	-42.35	-22.57
6036.50	-42.18	-26.55
6059.28	-42.63	-28.71
6082.14	-42.46	-25.17
6105.09	-41.92	-27.54
6128.13	-41.85	-29.72
6151.26	-41.61	-31.26
6174.47	-41.36	-33.89
6197.77	-41.31	-35.94
6221.16	-41.08	-39.28
6244.63	-41.47	-41.98
6268.20	-41.38	-39.98
6291.85	-40.78	-42.12
6315.59	-40.43	-47.64
6339.42	-41.14	-52.11
6363.35	-41.13	-50.22
6387.36	-41.04	-51.56
6411.46	-41.03	-51.73
6435.66	-40.43	-52.73
6459.94	-40.24	-57.45
6484.32	-40.32	-59.92
6508.79	-40.23	-61.74
6533.35	-40.12	-62.74
6558.00	-39.73	-65.93
6582.75	-39.65	-69.13
6607.59	-39.47	-72.55
6632.53	-39.42	-76.39
6657.55	-39.62	-81.72
6682.68	-39.78	-82.57
6707.90	-40.05	-85.99
6733.21	-40.10	-84.72
6758.62	-39.39	-88.02
6784.12	-39.71	-93.54
6809.72	-40.01	-95.08
6835.42	-40.03	-96.00
6861.21	-39.83	-97.19
6887.10	-39.53	-99.47
6913.09	-39.43	-103.94
6939.18	-39.47	-106.73
6965.36	-39.42	-109.98
6991.65	-39.45	-112.40
7018.03	-39.17	-115.45
7044.51	-39.24	-119.51
7071.10	-39.08	-122.18
7097.78	-38.94	-126.57
7124.56	-38.86	-130.63
7151.45	-38.71	-135.07
7178.44	-38.68	-140.61
7205.52	-38.78	-144.99
7232.71	-38.61	-151.24
7260.01	-38.78	-156.27
7287.40	-38.50	-162.86
7314.90	-38.92	-172.86
7342.51	-39.45	-178.61
7370.21	-39.56	174.57
7398.03	-40.32	167.19
7425.94	-40.46	157.86
7453.97	-41.45	150.00
7482.09	-42.02	139.54
7510.33	-43.20	129.62
7538.67	-44.36	119.02
7567.12	-46.05	106.40
7595.67	-47.99	97.81
7624.33	-48.94	84.65
7653.10	-51.47	63.30
7681.98	-52.36	43.15
7710.97	-54.32	2.39
7740.07	-56.77	-24.29
7769.28	-55.17	-48.59
7798.60	-58.06	-62.44
7828.02	-54.51	-52.83
7857.56	-54.57	-68.89
7887.21	-52.82	-59.69
7916.98	-51.02	-66.58
7946.85	-48.64	-61.31
7976.84	-46.08	-76.80
8006.94	-46.12	-88.38
8037.16	-45.66	-95.21
8067.49	-44.94	-97.50
8097.93	-43.94	-110.25
8128.49	-45.59	-110.35
8159.16	-44.24	-110.30
8189.95	-43.79	-114.65
8220.86	-43.59	-119.76
8251.88	-43.45	-121.03
8283.02	-42.86	-120.81
8314.27	-42.03	-125.59
8345.65	-42.03	-128.11
8377.14	-41.22	-131.30
8408.75	-41.09	-134.64
8440.48	-40.26	-137.65
8472.33	-40.06	-142.28
8504.30	-39.68	-145.22
8536.40	-39.22	-147.74
8568.61	-38.77	-152.43
8600.94	-38.40	-156.03
8633.40	-38.00	-160.26
8665.98	-37.56	-163.49
8698.68	-36.98	-167.77
8731.51	-36.61	-173.75
8764.46	-36.35	-177.41
8797.53	-35.75	176.39
8830.73	-35.64	171.52
8864.05	-35.14	165.75
8897.50	-35.02	159.95
8931.07	-34.73	154.17
8964.78	-34.58	149.05
8998.61	-34.20	142.30
9032.56	-34.18	135.97
9066.65	-33.96	129.19
9100.86	-34.08	123.22
9135.20	-33.96	116.30
9169.68	-34.09	110.00
9204.28	-34.10	103.29
9239.01	-34.32	97.60
9273.88	-34.32	91.07
9308.87	-34.40	85.02
9344.00	-34.59	76.58
9379.26	-35.05	70.95
9414.65	-35.30	64.77
9450.18	-35.69	59.38
9485.84	-35.96	52.28
9521.64	-36.46	46.99
9557.57	-36.87	40.31
9593.64	-37.39	36.16
9629.84	-37.79	30.72
9666.18	-38.14	24.02
9702.65	-38.72	19.38
9739.27	-38.90	11.96
9776.02	-39.87	5.23
9812.91	-40.33	-1.17
9849.94	-41.25	-7.75
9887.11	-42.22	-16.58
9924.42	-43.34	-19.65
9961.87	-44.44	-26.64
9999.46	-45.20	-36.21
10037.19	-47.50	-45.03
10075.07	-49.98	-56.70
10113.09	-53.01	-49.57
10151.25	-57.27	-56.93
10189.55	-57.97	-29.77
10228.01	-63.21	-23.15
10266.60	-67.19	-3.55
10305.34	-64.30	75.43
10344.23	-59.20	99.31
10383.27	-55.98	86.11
10422.45	-52.46	88.95
10461.78	-52.34	81.73
10501.26	-49.44	80.14
10540.88	-48.65	75.19
10580.66	-47.06	68.09
10620.59	-46.00	61.46
10660.66	-45.61	52.99
10700.89	-45.08	47.66
10741.27	-43.95	42.01
10781.81	-43.85	32.02
10822.49	-44.11	23.97
10863.33	-43.67	22.82
10904.33	-43.41	13.11
10945.47	-43.53	7.49
10986.78	-43.45	0.05
11028.24	-43.92	-7.03
11069.85	-44.28	-9.56
11111.63	-44.49	-15.68
11153.56	-44.56	-20.01
11195.64	-45.15	-23.37
11237.89	-45.20	-27.37
11280.30	-45.67	-32.23
11322.87	-45.95	-32.10
11365.59	-45.70	-37.77
11408.48	-46.15	-42.91
11451.53	-47.01	-45.87
11494.75	-47.08	-46.27
11538.12	-47.31	-50.32
11581.66	-47.46	-49.57
11625.37	-47.78	-55.31
11669.24	-47.87	-55.89
11713.27	-48.14	-59.61
11757.47	-48.29	-62.19
11801.84	-48.89	-65.30
11846.37	-48.89	-66.27
11891.08	-49.29	-70.76
11935.95	-49.95	-70.72
11980.99	-50.33	-71.66
12026.20	-50.64	-72.07
12071.58	-50.89	-70.83
12117.14	-51.10	-69.98
12162.86	-51.32	-66.80
12208.76	-50.52	-63.65
12254.83	-50.15	-66.24
12301.07	-49.72	-66.47
12347.49	-49.11	-67.46
12394.08	-48.01	-70.71
12440.85	-47.84	-79.82
12487.80	-47.58	-88.59
12534.92	-48.72	-92.67
12582.23	-49.31	-94.96
12629.71	-49.92	-92.83
12677.37	-49.55	-87.65
12725.20	-48.85	-90.29
12773.22	-48.22	-91.51
12821.42	-48.51	-94.22
12869.81	-47.59	-94.69
12918.37	-46.84	-99.44
12967.12	-46.70	-101.35
13016.05	-45.86	-107.76
13065.17	-45.68	-113.36
13114.47	-45.45	-117.81
13163.96	-44.96	-123.93
13213.64	-44.79	-131.26
13263.50	-44.88	-136.70
13313.55	-44.84	-142.32
13363.79	-44.72	-149.67
13414.22	-45.02	-156.05
13464.84	-45.30	-160.07
13515.65	-45.44	-164.83
13566.65	-45.67	-170.13
13617.84	-45.84	-175.10
13669.23	-45.95	179.80
13720.81	-46.57	176.39
13772.59	-46.68	174.93
13824.56	-46.55	168.71
13876.73	-46.92	163.64
13929.09	-47.22	160.80
13981.66	-47.40	158.17
14034.42	-47.69	153.33
14087.38	-47.85	151.71
14140.54	-47.81	147.33
14193.90	-48.40	141.79
14247.46	-48.72	139.81
14301.22	-49.00	137.13
14355.19	-49.56	135.13
14409.36	-49.53	135.30
14463.73	-49.87	133.83
14518.31	-49.61	133.03
14573.10	-50.06	130.55
14628.09	-49.81	134.04
14683.29	-49.16	131.50
14738.70	-48.79	130.53
14794.32	-47.98	125.65
14850.15	-47.50	121.12
14906.18	-47.24	112.79
14962.43	-47.51	107.89
15018.90	-47.03	102.80
15075.57	-47.14	95.29
15132.46	-47.41	88.70
15189.56	-47.97	84.30
15246.88	-48.10	80.01
15304.42	-48.75	76.63
15362.17	-48.84	74.45
15420.14	-49.04	71.50
15478.33	-49.35	69.47
15536.74	-49.27	68.26
15595.37	-49.03	66.13
15654.22	-48.81	62.98
15713.29	-48.60	58.05
15772.58	-48.42	53.74
15832.10	-48.29	47.61
15891.85	-48.27	41.70
15951.81	-48.56	34.94
16012.01	-48.75	29.53
16072.43	-49.26	22.64
16133.08	-50.03	17.68
16193.96	-50.74	16.42
16255.07	-51.29	13.62
16316.41	-52.10	13.11
16377.98	-52.66	17.45
16439.79	-51.83	20.33
16501.82	-51.29	18.54
16564.09	-50.92	14.10
16626.60	-50.45	11.33
16689.34	-50.04	4.75
16752.32	-50.19	-1.89
16815.54	-50.34	-7.07
16878.99	-50.86	-11.00
16942.69	-51.02	-14.99
17006.62	-51.52	-16.41
17070.79	-51.55	-18.16
17135.21	-51.85	-18.83
17199.87	-51.76	-18.41
17264.78	-51.62	-17.76
17329.93	-50.92	-17.24
17395.32	-49.95	-18.63
17460.97	-49.04	-22.55
17526.86	-48.03	-28.97
17593.00	-47.42	-37.33
17659.38	-46.99	-45.62
17726.02	-46.73	-53.77
17792.91	-46.62	-61.84
17860.06	-46.51	-69.44
17927.45	-46.49	-76.51
17995.10	-46.44	-83.55
18063.01	-46.42	-90.33
18131.17	-46.35	-97.40
18199.59	-46.39	-105.39
18268.27	-46.46	-111.97
18337.21	-46.40	-118.85
18406.40	-46.54	-126.10
18475.86	-46.42	-133.46
18545.58	-46.47	-141.34
18615.56	-46.54	-150.13
18685.81	-46.72	-158.77
18756.32	-47.08	-167.62
18827.10	-47.69	-175.67
18898.15	-48.11	177.64
18969.46	-48.60	171.26
19041.04	-49.10	163.99
19112.90	-49.67	158.39
19185.02	-50.28	153.78
19257.42	-50.62	149.45
19330.09	-51.05	144.93
19403.03	-51.36	141.06
19476.25	-51.40	137.83
19549.74	-51.51	132.15
19623.51	-51.74	126.85
19697.56	-51.86	122.19
19771.89	-52.01	116.30
19846.51	-52.28	110.83
19921.40	-52.51	105.17
19996.57	-52.91	99.67
20072.03	-53.33	95.86
20147.78	-53.48	92.73
20223.80	-53.52	89.80
20300.12	-53.36	85.60
20376.72	-53.27	80.15
20453.62	-53.21	74.80
20530.80	-53.07	68.52
20608.28	-53.21	61.32
20686.04	-53.30	55.23
20764.10	-53.52	48.95
20842.46	-53.58	43.45
20921.11	-53.83	36.90
21000.06	-53.92	32.70
21079.30	-53.74	28.59
21158.85	-53.26	21.22
21238.69	-53.04	12.35
21318.84	-52.94	2.39
21399.29	-53.16	-7.80
21480.04	-53.40	-16.10
21561.09	-53.59	-24.86
21642.46	-53.71	-32.55
21724.12	-53.50	-41.29
21806.10	-53.40	-51.17
21888.39	-53.19	-61.88
21970.99	-53.22	-73.29
22053.89	-53.11	-84.22
22137.12	-53.00	-95.87
22220.65	-52.89	-106.87
22304.50	-52.65	-118.83
