Freq[Hz]	[dBV]	Phase[Deg]
10.00	-68.60	-0.15
10.04	-68.57	-0.03
10.08	-68.54	0.12
10.11	-68.50	0.29
10.15	-68.47	0.48
10.19	-68.43	0.69
10.23	-68.39	0.92
10.27	-68.34	1.18
10.31	-68.30	1.45
10.34	-68.26	1.74
10.38	-68.21	2.05
10.42	-68.16	2.38
10.46	-68.11	2.72
10.50	-68.06	3.08
10.54	-68.00	3.45
10.58	-67.95	3.83
10.62	-67.89	4.23
10.66	-67.83	4.64
10.70	-67.77	5.06
10.74	-67.71	5.48
10.78	-67.65	5.92
10.82	-67.59	6.36
10.86	-67.52	6.81
10.90	-67.45	7.26
10.95	-67.39	7.71
10.99	-67.32	8.17
11.03	-67.25	8.63
11.07	-67.18	9.09
11.11	-67.11	9.54
11.15	-67.03	10.00
11.20	-66.96	10.45
11.24	-66.88	10.89
11.28	-66.81	11.32
11.32	-66.73	11.75
11.37	-66.66	12.17
11.41	-66.58	12.57
11.45	-66.50	12.96
11.50	-66.42	13.34
11.54	-66.34	13.70
11.58	-66.26	14.04
11.63	-66.18	14.37
11.67	-66.10	14.67
11.71	-66.02	14.94
11.76	-65.94	15.20
11.80	-65.86	15.42
11.85	-65.78	15.63
11.89	-65.70	15.81
11.94	-65.62	15.96
11.98	-65.54	16.09
12.03	-65.46	16.20
12.07	-65.38	16.29
12.12	-65.30	16.35
12.16	-65.22	16.40
12.21	-65.14	16.42
12.26	-65.06	16.42
12.30	-64.99	16.41
12.35	-64.91	16.37
12.39	-64.84	16.31
12.44	-64.76	16.24
12.49	-64.69	16.15
12.54	-64.62	16.04
12.58	-64.55	15.92
12.63	-64.49	15.78
12.68	-64.42	15.63
12.73	-64.36	15.46
12.77	-64.30	15.28
12.82	-64.24	15.09
12.87	-64.18	14.88
12.92	-64.12	14.66
12.97	-64.07	14.44
13.02	-64.02	14.20
13.07	-63.97	13.95
13.12	-63.93	13.70
13.16	-63.89	13.44
13.21	-63.85	13.18
13.26	-63.82	12.90
13.31	-63.79	12.63
13.36	-63.76	12.35
13.41	-63.74	12.07
13.47	-63.72	11.79
13.52	-63.70	11.51
13.57	-63.69	11.22
13.62	-63.68	10.94
13.67	-63.68	10.67
13.72	-63.68	10.40
13.77	-63.69	10.13
13.83	-63.70	9.87
13.88	-63.72	9.62
13.93	-63.74	9.37
13.98	-63.77	9.14
14.04	-63.81	8.91
14.09	-63.85	8.70
14.14	-63.90	8.51
14.19	-63.95	8.33
14.25	-64.01	8.16
14.30	-64.08	8.02
14.36	-64.16	7.89
14.41	-64.24	7.79
14.46	-64.33	7.71
14.52	-64.43	7.65
14.57	-64.53	7.62
14.63	-64.65	7.61
14.68	-64.77	7.64
14.74	-64.90	7.69
14.80	-65.04	7.78
14.85	-65.19	7.90
14.91	-65.34	8.05
14.96	-65.50	8.24
15.02	-65.67	8.46
15.08	-65.85	8.72
15.13	-66.03	9.02
15.19	-66.22	9.36
15.25	-66.41	9.75
15.31	-66.61	10.17
15.36	-66.81	10.64
15.42	-67.02	11.16
15.48	-67.24	11.72
15.54	-67.45	12.33
15.60	-67.67	12.99
15.66	-67.90	13.71
15.71	-68.12	14.47
15.77	-68.35	15.30
15.83	-68.58	16.17
15.89	-68.81	17.11
15.95	-69.05	18.10
16.01	-69.28	19.16
16.07	-69.51	20.28
16.13	-69.74	21.47
16.19	-69.98	22.72
16.26	-70.21	24.04
16.32	-70.44	25.43
16.38	-70.66	26.89
16.44	-70.88	28.43
16.50	-71.10	30.04
16.56	-71.32	31.73
16.63	-71.53	33.50
16.69	-71.73	35.35
16.75	-71.93	37.29
16.82	-72.13	39.31
16.88	-72.31	41.43
16.94	-72.49	43.63
17.01	-72.66	45.92
17.07	-72.82	48.31
17.14	-72.97	50.80
17.20	-73.11	53.38
17.27	-73.24	56.07
17.33	-73.36	58.86
17.40	-73.46	61.76
17.46	-73.55	64.77
17.53	-73.63	67.89
17.59	-73.69	71.12
17.66	-73.74	74.47
17.73	-73.77	77.93
17.79	-73.79	81.48
17.86	-73.80	85.13
17.93	-73.79	88.86
18.00	-73.77	92.67
18.06	-73.73	96.54
18.13	-73.69	100.47
18.20	-73.63	104.46
18.27	-73.56	108.48
18.34	-73.48	112.54
18.41	-73.40	116.62
18.48	-73.30	120.72
18.55	-73.20	124.81
18.62	-73.09	128.91
18.69	-72.97	132.98
18.76	-72.84	137.03
18.83	-72.71	141.04
18.90	-72.58	145.00
18.97	-72.44	148.91
19.04	-72.30	152.74
19.11	-72.16	156.49
19.19	-72.02	160.14
19.26	-71.87	163.69
19.33	-71.73	167.12
19.40	-71.58	170.42
19.48	-71.44	173.57
19.55	-71.30	176.57
19.62	-71.16	179.39
19.70	-71.03	-177.97
19.77	-70.91	-175.53
19.85	-70.79	-173.30
19.92	-70.68	-171.31
20.00	-70.58	-169.55
20.07	-70.48	-168.05
20.15	-70.40	-166.83
20.22	-70.33	-165.90
20.30	-70.28	-165.27
20.38	-70.23	-164.97
20.45	-70.21	-165.00
20.53	-70.19	-165.39
20.61	-70.20	-166.14
20.69	-70.22	-167.25
20.77	-70.26	-168.69
20.84	-70.32	-170.45
20.92	-70.39	-172.53
21.00	-70.47	-174.90
21.08	-70.57	-177.55
21.16	-70.68	179.53
21.24	-70.80	176.36
21.32	-70.93	172.96
21.40	-71.08	169.34
21.48	-71.24	165.52
21.56	-71.40	161.52
21.64	-71.58	157.35
21.73	-71.77	153.03
21.81	-71.96	148.59
21.89	-72.16	144.03
21.97	-72.36	139.38
22.06	-72.57	134.67
22.14	-72.79	129.90
22.22	-73.01	125.10
22.31	-73.23	120.29
22.39	-73.46	115.50
22.47	-73.68	110.74
22.56	-73.91	106.04
22.64	-74.13	101.42
22.73	-74.36	96.91
22.82	-74.58	92.52
22.90	-74.79	88.29
22.99	-75.01	84.24
23.07	-75.21	80.40
23.16	-75.42	76.79
23.25	-75.61	73.43
23.34	-75.79	70.37
23.43	-75.96	67.62
23.51	-76.13	65.20
23.60	-76.28	63.14
23.69	-76.42	61.41
23.78	-76.55	60.02
23.87	-76.68	58.95
23.96	-76.80	58.21
24.05	-76.91	57.78
24.14	-77.02	57.67
24.23	-77.12	57.86
24.32	-77.22	58.36
24.42	-77.32	59.14
24.51	-77.42	60.22
24.60	-77.52	61.57
24.69	-77.62	63.20
24.79	-77.72	65.09
24.88	-77.82	67.25
24.97	-77.93	69.65
25.07	-78.05	72.30
25.16	-78.18	75.18
25.26	-78.31	78.29
25.35	-78.45	81.63
25.45	-78.61	85.17
25.54	-78.78	88.91
25.64	-78.96	92.85
25.74	-79.16	96.97
25.84	-79.38	101.26
25.93	-79.61	105.72
26.03	-79.87	110.33
26.13	-80.14	115.09
26.23	-80.45	119.98
26.33	-80.77	125.00
26.43	-81.13	130.12
26.53	-81.50	135.35
26.63	-81.91	140.68
26.73	-82.33	146.11
26.83	-82.77	151.62
26.93	-83.23	157.23
27.03	-83.70	162.92
27.13	-84.18	168.69
27.23	-84.66	174.53
27.34	-85.15	-179.56
27.44	-85.64	-173.59
27.54	-86.13	-167.56
27.65	-86.61	-161.48
27.75	-87.08	-155.35
27.86	-87.53	-149.17
27.96	-87.97	-142.96
28.07	-88.39	-136.72
28.17	-88.79	-130.46
28.28	-89.16	-124.18
28.39	-89.50	-117.88
28.49	-89.80	-111.58
28.60	-90.06	-105.28
28.71	-90.28	-98.98
28.82	-90.46	-92.70
28.93	-90.58	-86.44
29.03	-90.64	-80.21
29.14	-90.65	-74.02
29.25	-90.59	-67.87
29.36	-90.46	-61.76
29.48	-90.26	-55.71
29.59	-89.99	-49.69
29.70	-89.67	-43.69
29.81	-89.28	-37.71
29.92	-88.85	-31.73
30.04	-88.36	-25.75
30.15	-87.84	-19.74
30.26	-87.27	-13.70
30.38	-86.67	-7.61
30.49	-86.04	-1.47
30.61	-85.38	4.75
30.72	-84.71	11.05
30.84	-84.01	17.45
30.95	-83.32	23.96
31.07	-82.61	30.59
31.19	-81.91	37.37
31.31	-81.21	44.31
31.42	-80.53	51.41
31.54	-79.87	58.70
31.66	-79.23	66.20
31.78	-78.62	73.91
31.90	-78.05	81.86
32.02	-77.52	90.06
32.14	-77.05	98.52
32.26	-76.63	107.28
32.39	-76.27	116.31
32.51	-75.97	125.58
32.63	-75.72	135.02
32.75	-75.53	144.58
32.88	-75.39	154.22
33.00	-75.29	163.86
33.13	-75.23	173.45
33.25	-75.22	-177.06
33.38	-75.24	-167.74
33.50	-75.29	-158.65
33.63	-75.37	-149.85
33.76	-75.48	-141.41
33.88	-75.61	-133.40
34.01	-75.76	-125.89
34.14	-75.92	-118.93
34.27	-76.09	-112.61
34.40	-76.27	-107.00
34.53	-76.45	-102.16
34.66	-76.62	-98.19
34.79	-76.79	-95.14
34.92	-76.95	-93.11
35.05	-77.09	-92.17
35.18	-77.22	-92.40
35.32	-77.32	-93.85
35.45	-77.39	-96.43
35.58	-77.45	-100.07
35.72	-77.49	-104.68
35.85	-77.51	-110.17
35.99	-77.52	-116.45
36.12	-77.52	-123.43
36.26	-77.50	-131.01
36.40	-77.48	-139.09
36.53	-77.45	-147.58
36.67	-77.42	-156.36
36.81	-77.39	-165.34
36.95	-77.36	-174.41
37.09	-77.33	176.54
37.23	-77.31	167.62
37.37	-77.30	158.95
37.51	-77.30	150.65
37.65	-77.31	142.83
37.79	-77.34	135.62
37.94	-77.39	129.14
38.08	-77.46	123.52
38.22	-77.55	118.87
38.37	-77.67	115.17
38.51	-77.81	112.38
38.66	-77.98	110.46
38.80	-78.16	109.36
38.95	-78.36	109.02
39.10	-78.58	109.41
39.24	-78.81	110.46
39.39	-79.05	112.14
39.54	-79.30	114.38
39.69	-79.57	117.12
39.84	-79.84	120.33
39.99	-80.12	123.92
40.14	-80.40	127.86
40.29	-80.68	132.08
40.45	-80.96	136.51
40.60	-81.25	141.10
40.75	-81.52	145.78
40.90	-81.79	150.48
41.06	-82.05	155.14
41.21	-82.31	159.72
41.37	-82.54	164.23
41.53	-82.77	168.68
41.68	-82.98	173.10
41.84	-83.17	177.49
42.00	-83.35	-178.12
42.16	-83.50	-173.71
42.32	-83.63	-169.27
42.47	-83.74	-164.78
42.63	-83.82	-160.22
42.80	-83.87	-155.57
42.96	-83.89	-150.81
43.12	-83.88	-145.92
43.28	-83.84	-140.88
43.45	-83.76	-135.66
43.61	-83.64	-130.25
43.77	-83.48	-124.62
43.94	-83.28	-118.75
44.10	-83.03	-112.63
44.27	-82.74	-106.33
44.44	-82.42	-99.94
44.61	-82.06	-93.54
44.77	-81.66	-87.23
44.94	-81.24	-81.09
45.11	-80.80	-75.23
45.28	-80.34	-69.75
45.45	-79.86	-64.74
45.63	-79.36	-60.30
45.80	-78.86	-56.54
45.97	-78.36	-53.57
46.14	-77.86	-51.50
46.32	-77.36	-50.43
46.49	-76.87	-50.48
46.67	-76.40	-51.76
46.84	-75.94	-54.40
47.02	-75.51	-58.49
47.20	-75.11	-63.91
47.38	-74.74	-70.48
47.56	-74.39	-77.98
47.74	-74.09	-86.21
47.92	-73.82	-94.96
48.10	-73.60	-104.01
48.28	-73.42	-113.15
48.46	-73.29	-122.14
48.64	-73.21	-130.76
48.83	-73.18	-138.76
49.01	-73.22	-145.91
49.20	-73.31	-151.96
49.38	-73.47	-156.65
49.57	-73.70	-159.73
49.75	-74.01	-160.93
49.94	-74.39	-160.01
50.13	-74.83	-157.08
50.32	-75.33	-152.41
50.51	-75.87	-146.27
50.70	-76.44	-138.97
50.89	-77.02	-130.79
51.08	-77.60	-122.04
51.28	-78.16	-113.04
51.47	-78.68	-104.10
51.66	-79.16	-95.55
51.86	-79.57	-87.71
52.05	-79.89	-80.94
52.25	-80.12	-75.57
52.45	-80.23	-71.97
52.65	-80.21	-70.50
52.85	-80.03	-71.51
53.04	-79.71	-75.05
53.24	-79.24	-80.87
53.45	-78.63	-88.73
53.65	-77.92	-98.37
53.85	-77.10	-109.52
54.05	-76.18	-121.92
54.26	-75.19	-135.29
54.46	-74.14	-149.34
54.67	-73.03	-163.80
54.87	-71.89	-178.36
55.08	-70.73	167.28
55.29	-69.57	153.43
55.50	-68.41	140.41
55.71	-67.28	128.53
55.92	-66.19	118.01
56.13	-65.15	108.78
56.34	-64.16	100.75
56.55	-63.22	93.82
56.77	-62.34	87.89
56.98	-61.53	82.84
57.19	-60.79	78.58
57.41	-60.13	74.98
57.63	-59.55	71.94
57.84	-59.06	69.34
58.06	-58.67	67.07
58.28	-58.38	64.99
58.50	-58.20	63.00
58.72	-58.13	60.95
58.94	-58.18	58.80
59.17	-58.34	56.52
59.39	-58.61	54.12
59.61	-58.98	51.59
59.84	-59.46	48.90
60.06	-60.03	46.06
60.29	-60.70	43.06
60.52	-61.46	39.87
60.75	-62.31	36.51
60.98	-63.24	32.94
61.21	-64.25	29.17
61.44	-65.33	25.17
61.67	-66.48	20.96
61.90	-67.69	16.58
62.14	-68.93	12.17
62.37	-70.19	7.84
62.61	-71.44	3.72
62.84	-72.66	-0.06
63.08	-73.83	-3.37
63.32	-74.93	-6.08
63.56	-75.94	-8.04
63.80	-76.83	-9.11
64.04	-77.57	-9.16
64.28	-78.15	-8.03
64.52	-78.54	-5.58
64.76	-78.73	-1.76
65.01	-78.72	3.27
65.25	-78.54	9.33
65.50	-78.20	16.25
65.75	-77.72	23.83
66.00	-77.11	31.88
66.24	-76.40	40.21
66.49	-75.59	48.62
66.75	-74.72	56.90
67.00	-73.79	64.84
67.25	-72.82	72.23
67.50	-71.84	78.86
67.76	-70.86	84.58
68.01	-69.88	89.38
68.27	-68.92	93.22
68.53	-67.98	96.08
68.79	-67.06	97.93
69.05	-66.18	98.73
69.31	-65.33	98.46
69.57	-64.54	97.09
69.83	-63.81	94.59
70.09	-63.14	90.92
70.36	-62.55	86.05
70.62	-62.04	80.01
70.89	-61.60	72.95
71.16	-61.22	65.05
71.43	-60.90	56.48
71.70	-60.63	47.42
71.97	-60.41	38.07
72.24	-60.21	28.62
72.51	-60.04	19.27
72.79	-59.89	10.21
73.06	-59.75	1.65
73.34	-59.60	-6.20
73.61	-59.46	-13.17
73.89	-59.35	-19.18
74.17	-59.32	-24.16
74.45	-59.38	-28.01
74.73	-59.58	-30.66
75.01	-59.95	-32.02
75.29	-60.52	-32.00
75.58	-61.34	-30.52
75.86	-62.44	-27.47
76.15	-63.86	-22.78
76.44	-65.61	-16.43
76.73	-67.65	-8.80
77.02	-69.86	-0.42
77.31	-72.15	8.18
77.60	-74.43	16.43
77.89	-76.59	23.79
78.18	-78.53	29.67
78.48	-80.15	33.49
78.78	-81.32	34.65
79.07	-81.96	32.54
79.37	-81.96	26.69
79.67	-81.39	17.61
79.97	-80.36	6.09
80.27	-78.97	-7.04
80.58	-77.33	-20.93
80.88	-75.57	-34.71
81.19	-73.80	-47.49
81.49	-72.15	-58.38
81.80	-70.72	-66.44
82.11	-69.66	-70.73
82.42	-69.03	-70.85
82.73	-68.77	-67.48
83.04	-68.81	-61.45
83.35	-69.10	-53.62
83.67	-69.55	-44.85
83.99	-70.09	-36.03
84.30	-70.65	-28.08
84.62	-71.15	-21.91
84.94	-71.51	-18.49
85.26	-71.68	-18.55
85.58	-71.65	-21.71
85.90	-71.48	-27.22
86.23	-71.18	-34.32
86.55	-70.82	-42.22
86.88	-70.41	-50.14
87.21	-70.01	-57.24
87.54	-69.65	-62.71
87.87	-69.37	-65.67
88.20	-69.22	-65.48
88.53	-69.18	-62.57
88.87	-69.23	-57.70
89.20	-69.35	-51.66
89.54	-69.51	-45.27
89.88	-69.70	-39.35
90.22	-69.89	-34.73
90.56	-70.06	-32.30
90.90	-70.18	-32.92
91.24	-70.24	-37.01
91.59	-70.26	-43.99
91.93	-70.24	-53.11
92.28	-70.21	-63.65
92.63	-70.19	-74.82
92.98	-70.18	-85.86
93.33	-70.22	-95.95
93.68	-70.31	-104.30
94.03	-70.47	-110.15
94.39	-70.71	-113.59
94.74	-71.03	-115.03
95.10	-71.41	-114.92
95.46	-71.86	-113.72
95.82	-72.38	-111.88
96.18	-72.96	-109.89
96.54	-73.59	-108.22
96.91	-74.28	-107.35
97.27	-75.00	-107.26
97.64	-75.73	-107.61
98.01	-76.45	-108.05
98.38	-77.13	-108.21
98.75	-77.75	-107.71
99.12	-78.28	-106.17
99.50	-78.68	-103.21
99.87	-78.95	-98.47
100.25	-79.09	-92.19
100.63	-79.18	-84.97
101.01	-79.24	-77.41
101.39	-79.36	-70.15
101.77	-79.57	-63.82
102.16	-79.93	-59.06
102.54	-80.51	-56.56
102.93	-81.34	-56.76
103.32	-82.30	-59.24
103.71	-83.27	-63.35
104.10	-84.10	-68.42
104.49	-84.65	-73.76
104.88	-84.77	-78.68
105.28	-84.31	-82.44
105.68	-83.13	-84.36
106.08	-81.29	-84.41
106.48	-79.05	-83.22
106.88	-76.69	-81.45
107.28	-74.49	-79.79
107.69	-72.74	-78.94
108.09	-71.74	-79.61
108.50	-71.77	-82.53
108.91	-72.95	-87.98
109.32	-74.93	-95.31
109.73	-77.33	-103.80
110.15	-79.76	-112.66
110.56	-81.82	-121.11
110.98	-83.10	-128.35
111.40	-83.17	-133.56
111.82	-81.84	-136.15
112.24	-79.48	-136.13
112.67	-76.54	-133.57
113.09	-73.48	-128.58
113.52	-70.80	-121.25
113.95	-68.98	-111.68
114.38	-68.51	-99.98
114.81	-69.59	-86.81
115.24	-71.80	-73.86
115.68	-74.66	-62.95
116.11	-77.70	-55.98
116.55	-80.40	-54.85
116.99	-82.25	-61.53
117.43	-82.76	-77.85
117.87	-81.87	-102.64
118.32	-79.90	-132.02
118.77	-77.22	-161.94
119.21	-74.19	171.76
119.66	-71.17	153.32
120.12	-68.54	147.09
120.57	-66.63	155.88
121.02	-65.48	176.04
121.48	-65.06	-157.85
121.94	-65.34	-131.35
122.40	-66.30	-110.12
122.86	-67.91	-99.96
123.32	-70.13	-106.38
123.79	-72.77	-128.60
124.26	-75.55	-160.81
124.73	-78.16	163.03
125.20	-80.30	129.13
125.67	-81.63	103.82
126.14	-81.86	93.49
126.62	-80.92	100.22
127.10	-79.22	119.46
127.58	-77.16	146.02
128.06	-75.19	174.58
128.54	-73.75	-160.28
129.03	-73.29	-144.10
129.51	-74.03	-139.71
130.00	-75.66	-144.48
130.49	-77.83	-155.03
130.98	-80.17	-167.93
131.48	-82.30	-179.68
131.98	-83.85	173.32
132.47	-84.62	172.51
132.97	-84.72	175.47
133.48	-84.33	179.30
133.98	-83.63	-178.97
134.48	-82.79	177.64
134.99	-81.98	166.13
135.50	-81.30	146.64
136.01	-80.75	123.04
136.53	-80.29	99.47
137.04	-79.93	80.21
137.56	-79.63	69.60
138.08	-79.39	71.53
138.60	-79.19	84.93
139.12	-79.05	105.97
139.65	-78.95	130.68
140.17	-78.90	155.03
140.70	-78.91	174.89
141.23	-78.99	-172.20
141.77	-79.23	-164.08
142.30	-79.71	-157.80
142.84	-80.53	-150.33
143.38	-81.78	-138.61
143.92	-83.55	-119.85
144.46	-85.61	-95.84
145.01	-87.55	-71.32
145.55	-88.97	-51.21
146.10	-89.44	-40.54
146.65	-88.53	-44.37
147.21	-86.22	-63.31
147.76	-83.18	-90.35
148.32	-80.19	-117.55
148.88	-78.01	-136.84
149.44	-77.44	-139.91
150.01	-78.99	-121.83
150.57	-82.10	-89.65
151.14	-85.97	-53.27
151.71	-89.79	-22.78
152.28	-92.71	-8.51
152.86	-94.02	-18.56
153.43	-93.82	-47.58
154.01	-92.48	-85.38
154.59	-90.38	-121.55
155.18	-87.91	-145.42
155.76	-85.45	-148.03
156.35	-83.24	-132.83
156.94	-81.48	-108.50
157.53	-80.35	-83.95
158.13	-80.06	-68.28
158.72	-80.73	-69.02
159.32	-82.06	-83.51
159.93	-83.57	-105.18
160.53	-84.76	-127.33
161.13	-85.14	-143.11
161.74	-84.38	-147.34
162.35	-82.84	-142.02
162.97	-81.05	-131.03
163.58	-79.60	-118.36
164.20	-79.04	-108.05
164.82	-79.61	-102.62
165.44	-80.83	-101.17
166.06	-82.09	-102.35
166.69	-82.80	-104.77
167.32	-82.34	-107.05
167.95	-80.72	-109.01
168.58	-78.54	-111.60
169.22	-76.42	-115.84
169.86	-75.00	-122.78
170.50	-74.77	-133.11
171.14	-75.40	-145.47
171.79	-76.25	-157.79
172.44	-76.66	-167.93
173.09	-75.99	-173.75
173.74	-74.18	-175.25
174.40	-72.10	-175.54
175.06	-70.67	-178.04
175.72	-70.87	173.75
176.38	-73.43	157.52
177.04	-77.79	137.83
177.71	-82.91	121.69
178.38	-87.77	116.26
179.06	-91.30	128.46
179.73	-93.09	156.58
180.41	-93.33	-169.67
181.09	-92.22	-141.19
181.77	-89.99	-129.09
182.46	-86.99	-138.25
183.15	-83.84	-158.95
183.84	-81.22	-179.19
184.53	-79.82	173.30
185.23	-80.11	-172.35
185.93	-81.49	-142.78
186.63	-83.02	-109.53
187.33	-83.76	-84.39
188.04	-82.86	-78.21
188.75	-80.61	-92.08
189.46	-77.91	-122.10
190.18	-75.65	-164.28
190.90	-74.70	145.77
191.62	-75.07	96.07
192.34	-76.22	57.22
193.07	-77.56	40.10
193.79	-78.55	54.83
194.53	-79.08	95.91
195.26	-79.45	145.37
196.00	-79.95	-175.50
196.74	-80.86	-164.50
197.48	-82.12	-179.63
198.22	-83.44	156.65
198.97	-84.47	142.64
199.72	-84.89	155.28
200.48	-84.57	-169.09
201.23	-83.48	-127.71
201.99	-81.57	-98.44
202.75	-78.91	-96.77
203.52	-76.25	-117.65
204.29	-74.62	-146.35
205.06	-75.13	-167.73
205.83	-78.39	-170.23
206.61	-82.96	-159.14
207.39	-86.76	-144.50
208.17	-87.69	-136.57
208.96	-84.94	-140.97
209.74	-80.63	-152.74
210.54	-77.31	-165.39
211.33	-77.49	-172.50
212.13	-81.21	-172.67
212.93	-85.95	-169.74
213.73	-88.99	-167.86
214.54	-88.04	-170.83
215.35	-83.88	-179.46
216.16	-78.61	166.69
216.98	-74.37	148.10
217.80	-72.41	127.62
218.62	-72.01	113.28
219.44	-72.19	113.90
220.27	-72.03	137.15
221.10	-71.59	174.39
221.94	-71.58	-154.22
222.77	-72.77	-149.17
223.61	-75.44	-179.78
224.46	-78.61	135.43
225.30	-81.06	103.53
226.15	-81.63	109.34
227.01	-80.44	145.21
227.86	-78.40	-178.03
228.72	-76.47	-170.41
229.59	-75.31	156.51
230.45	-75.00	109.12
231.32	-75.53	78.93
232.20	-76.83	91.58
233.07	-78.50	133.07
233.95	-79.95	173.76
234.84	-80.63	-175.37
235.72	-80.43	163.28
236.61	-79.64	133.26
237.50	-78.61	119.57
238.40	-77.65	134.46
239.30	-77.03	162.32
240.20	-77.03	-176.34
241.11	-77.77	-176.72
242.02	-78.67	166.95
242.93	-78.95	146.48
243.85	-77.94	132.94
244.77	-76.15	128.56
245.69	-74.72	130.85
246.62	-74.75	137.24
247.55	-76.15	145.08
248.48	-77.74	151.68
249.42	-78.36	154.31
250.36	-77.69	150.85
251.31	-76.54	139.95
252.26	-75.79	120.34
253.21	-75.85	95.02
254.16	-76.41	74.02
255.12	-77.03	68.12
256.09	-77.55	79.20
257.05	-78.24	91.19
258.02	-79.42	85.71
259.00	-81.05	56.15
259.97	-82.20	21.99
260.95	-81.87	6.50
261.94	-79.96	23.16
262.93	-78.46	63.66
263.92	-79.66	116.63
264.92	-83.98	170.28
265.92	-88.09	-147.78
266.92	-88.17	-130.12
267.93	-83.16	-140.63
268.94	-76.58	-168.64
269.95	-72.41	158.10
270.97	-72.11	130.16
271.99	-73.90	115.95
273.02	-75.81	123.14
274.05	-76.83	144.86
275.08	-76.79	160.88
276.12	-75.67	152.42
277.16	-74.21	124.68
278.21	-73.64	97.29
279.26	-74.88	86.91
280.31	-76.87	90.81
281.37	-77.84	99.37
282.43	-76.71	104.35
283.50	-74.45	101.93
284.57	-72.41	89.14
285.64	-71.65	68.31
286.72	-72.74	49.59
287.80	-76.12	43.10
288.89	-80.26	47.99
289.98	-82.24	55.61
291.07	-80.06	57.93
292.17	-76.39	51.51
293.27	-75.34	34.32
294.38	-78.53	11.75
295.49	-83.01	2.91
296.61	-85.45	26.61
297.73	-85.72	73.56
298.85	-85.93	114.08
299.98	-87.49	125.56
301.11	-88.93	115.92
302.25	-88.07	100.44
303.39	-84.61	88.94
304.53	-80.56	84.31
305.68	-77.85	87.80
306.83	-76.66	92.56
307.99	-76.52	88.68
309.15	-77.13	75.47
310.32	-78.49	67.38
311.49	-80.45	76.81
312.67	-81.66	89.09
313.85	-80.21	77.50
315.03	-76.81	43.22
316.22	-76.59	34.47
317.41	-83.62	91.76
318.61	-91.75	170.77
319.81	-90.85	-166.55
321.02	-80.49	139.45
322.23	-73.44	66.56
323.45	-79.36	27.38
324.67	-89.39	23.50
325.89	-90.09	41.90
327.12	-80.96	63.99
328.36	-72.59	66.37
329.60	-71.58	41.22
330.84	-74.07	18.35
332.09	-75.28	26.82
333.34	-74.85	49.84
334.60	-74.26	52.19
335.86	-74.52	29.13
337.13	-76.09	8.38
338.40	-78.62	6.68
339.68	-79.85	9.14
340.96	-77.92	-0.10
342.25	-75.61	-12.18
343.54	-77.13	-10.10
344.83	-81.33	3.35
346.14	-82.82	9.53
347.44	-80.28	3.01
348.75	-79.15	0.15
350.07	-82.78	9.49
351.39	-86.13	8.86
352.72	-83.86	-20.37
354.05	-79.35	-37.55
355.38	-78.70	12.47
356.72	-80.73	87.32
358.07	-79.72	84.08
359.42	-76.88	12.71
360.78	-80.89	4.82
362.14	-92.27	99.32
363.51	-97.19	169.37
364.88	-88.52	127.83
366.25	-79.50	29.83
367.64	-81.42	-54.01
369.02	-86.02	-79.95
370.42	-83.08	-26.07
371.81	-76.46	45.53
373.22	-73.61	56.97
374.63	-74.34	19.74
376.04	-75.37	-17.76
377.46	-76.60	-28.65
378.88	-79.37	-1.18
380.31	-82.04	36.42
381.75	-81.32	33.91
383.19	-78.25	2.26
384.63	-76.94	-4.37
386.09	-77.80	15.37
387.54	-78.27	20.33
389.00	-77.58	2.29
390.47	-76.62	-17.87
391.95	-76.45	-26.38
393.43	-78.08	-17.48
394.91	-80.22	-2.42
396.40	-79.87	-4.98
397.90	-77.65	-22.21
399.40	-76.91	-31.04
400.90	-77.78	-27.01
402.42	-78.19	-19.08
403.94	-77.34	-14.14
405.46	-75.43	-16.86
406.99	-74.00	-24.95
408.53	-74.80	-33.43
410.07	-76.11	-42.90
411.61	-75.78	-54.34
413.17	-75.95	-59.62
414.73	-78.69	-55.38
416.29	-81.00	-64.26
417.86	-80.75	-91.57
419.44	-80.66	-87.10
421.02	-81.93	-40.19
422.61	-82.12	-18.17
424.21	-80.60	-33.47
425.81	-79.02	-32.45
427.41	-77.64	-15.99
429.03	-75.84	-21.46
430.65	-74.50	-40.18
432.27	-74.64	-48.36
433.90	-74.72	-49.02
435.54	-73.73	-51.01
437.18	-73.45	-60.14
438.83	-74.37	-74.57
440.49	-74.87	-83.69
442.15	-74.56	-86.81
443.82	-74.06	-90.15
445.49	-73.86	-94.42
447.18	-74.29	-99.35
448.86	-75.41	-108.05
450.56	-77.14	-119.88
452.26	-79.15	-127.89
453.96	-80.18	-126.02
455.68	-78.95	-112.85
457.40	-77.66	-106.26
459.12	-78.07	-116.89
460.85	-78.41	-126.47
462.59	-77.53	-131.34
464.34	-76.12	-146.03
466.09	-80.61	174.64
467.85	-92.39	129.74
469.62	-94.36	179.32
471.39	-85.87	-73.21
473.17	-83.48	-68.56
474.95	-83.66	-111.23
476.74	-79.96	-109.52
478.54	-78.86	-99.70
480.35	-80.72	-100.68
482.16	-80.47	-104.34
483.98	-80.66	-121.90
485.81	-83.14	-143.74
487.64	-84.81	-124.09
489.48	-83.38	-95.99
491.33	-79.43	-106.70
493.18	-79.32	-111.87
495.04	-81.25	-106.23
496.91	-78.33	-123.09
498.79	-78.87	-138.36
500.67	-85.16	-127.26
502.56	-86.90	-92.57
504.45	-83.19	-75.69
506.36	-78.04	-97.75
508.27	-76.06	-121.58
510.19	-76.55	-147.91
512.11	-77.21	-168.40
514.04	-78.18	-120.57
515.98	-78.53	-90.95
517.93	-77.18	-158.96
519.89	-75.28	179.25
521.85	-80.20	-174.95
523.82	-92.44	154.59
525.79	-90.50	-168.01
527.78	-80.82	-117.82
529.77	-79.19	-143.08
531.77	-81.38	-170.58
533.78	-85.87	-171.02
535.79	-90.20	-156.52
537.81	-87.35	-147.15
539.84	-84.77	-132.26
541.88	-85.31	-111.55
543.92	-79.93	-112.17
545.98	-74.61	-137.30
548.04	-74.42	-171.55
550.10	-77.28	164.60
552.18	-77.91	151.98
554.26	-85.34	160.91
556.35	-98.35	-164.22
558.45	-87.46	-129.43
560.56	-76.12	-139.34
562.68	-77.76	-177.95
564.80	-77.42	175.71
566.93	-78.86	177.41
569.07	-80.78	173.71
571.22	-80.18	175.67
573.37	-79.05	-165.69
575.54	-76.46	-168.55
577.71	-74.15	174.25
579.89	-73.73	169.15
582.08	-72.29	156.29
584.27	-72.57	133.78
586.48	-73.66	119.29
588.69	-73.08	113.99
590.91	-74.21	80.68
593.14	-79.85	42.23
595.38	-97.33	-50.60
597.63	-114.12	-162.74
599.88	-95.72	-100.01
602.15	-81.55	-99.80
604.42	-79.70	-163.74
606.70	-77.96	-178.61
608.99	-78.55	-177.99
611.29	-79.82	162.20
613.59	-77.09	-171.13
615.91	-71.83	-148.85
618.23	-69.85	158.52
620.57	-71.91	136.96
622.91	-72.49	139.70
625.26	-71.91	139.96
627.62	-71.07	132.23
629.99	-69.75	123.28
632.36	-69.62	112.26
634.75	-69.00	91.80
637.15	-70.65	74.12
639.55	-72.59	67.50
641.96	-73.67	65.90
644.39	-77.31	66.42
646.82	-77.03	77.88
649.26	-76.13	74.55
651.71	-75.00	74.99
654.17	-75.04	77.63
656.64	-76.45	69.00
659.11	-75.26	69.07
661.60	-75.63	60.72
664.10	-74.99	60.85
666.60	-75.08	67.83
669.12	-74.46	71.13
671.64	-71.50	65.58
674.18	-70.07	52.03
676.72	-71.32	37.90
679.28	-70.04	25.04
681.84	-70.77	5.37
684.41	-73.40	0.25
687.00	-73.51	1.22
689.59	-74.46	-15.45
692.19	-77.16	-13.06
694.80	-77.87	7.79
697.42	-80.29	-25.46
700.06	-80.28	-28.04
702.70	-81.09	-39.51
705.35	-84.33	35.83
708.01	-83.31	22.05
710.68	-86.75	3.65
713.36	-83.84	59.50
716.06	-76.22	62.70
718.76	-75.74	26.05
721.47	-75.97	30.39
724.19	-75.64	19.92
726.93	-73.56	12.51
729.67	-73.66	0.05
732.42	-72.64	-12.12
735.19	-74.78	-28.07
737.96	-75.32	-27.25
740.75	-75.94	-50.40
743.54	-77.41	-66.43
746.35	-88.93	46.44
749.16	-80.17	19.18
751.99	-77.32	-29.61
754.83	-78.15	-21.42
757.68	-76.00	-20.60
760.54	-75.42	-32.55
763.41	-76.15	-40.18
766.29	-75.12	-49.91
769.18	-76.61	-47.35
772.08	-76.06	-40.58
774.99	-73.56	-59.53
777.92	-79.34	-98.00
780.85	-83.09	-74.43
783.80	-83.72	-76.85
786.76	-102.45	21.66
789.73	-76.46	47.75
792.71	-68.41	-9.20
795.70	-70.81	-52.36
798.70	-71.26	-44.82
801.71	-67.77	-73.68
804.74	-68.40	-105.85
807.78	-72.63	-124.72
810.83	-73.54	-117.40
813.88	-74.87	-142.53
816.96	-85.22	179.90
820.04	-83.11	-69.99
823.13	-77.47	-68.11
826.24	-74.50	-78.45
829.36	-74.09	-106.16
832.49	-74.15	-119.36
835.63	-77.18	-135.75
838.78	-77.68	-111.52
841.95	-73.86	-108.66
845.12	-75.98	-136.99
848.31	-77.49	-138.42
851.51	-81.67	-130.40
854.73	-74.28	-112.42
857.95	-75.42	-139.92
861.19	-77.76	-133.17
864.44	-74.86	-135.89
867.70	-74.37	-137.36
870.98	-76.95	-156.11
874.26	-73.72	-140.59
877.56	-74.29	-155.58
880.87	-74.27	-154.93
884.20	-72.68	-151.23
887.53	-70.67	-163.64
890.88	-70.55	167.39
894.25	-74.21	151.94
897.62	-77.23	177.00
901.01	-74.53	174.79
904.41	-76.21	-177.36
907.82	-72.93	-164.30
911.25	-70.63	170.43
914.68	-71.68	160.06
918.14	-72.38	159.33
921.60	-70.54	158.14
925.08	-69.64	142.84
928.57	-69.74	131.51
932.07	-70.45	121.55
935.59	-71.78	123.60
939.12	-69.46	114.70
942.67	-69.87	103.61
946.22	-69.33	93.23
949.79	-71.16	70.29
953.38	-74.32	84.43
956.97	-71.88	82.35
960.59	-72.31	71.79
964.21	-73.88	49.51
967.85	-76.61	77.60
971.50	-72.75	78.94
975.17	-73.62	74.32
978.85	-71.18	71.68
982.54	-72.19	40.56
986.25	-75.52	32.65
989.97	-76.62	42.14
993.71	-75.28	35.31
997.46	-78.87	12.21
1001.22	-82.83	65.45
1005.00	-75.07	77.49
1008.79	-73.83	36.34
1012.60	-75.49	39.94
1016.42	-72.79	26.55
1020.25	-72.74	6.92
1024.10	-76.97	-15.92
1027.97	-74.84	-13.98
1031.85	-75.84	-54.48
1035.74	-84.17	174.67
1039.65	-85.07	34.02
1043.57	-86.05	28.08
1047.51	-84.77	79.22
1051.46	-78.40	72.69
1055.43	-74.30	44.33
1059.41	-72.72	7.99
1063.41	-75.71	-6.57
1067.43	-76.47	11.57
1071.45	-72.54	-3.40
1075.50	-73.52	-13.54
1079.55	-74.32	-22.76
1083.63	-71.68	-36.44
1087.72	-76.63	-72.96
1091.82	-88.10	20.41
1095.94	-76.98	-4.83
1100.08	-76.45	-16.91
1104.23	-73.15	-22.02
1108.40	-72.25	-49.60
1112.58	-74.77	-59.39
1116.78	-74.24	-61.00
1120.99	-75.08	-70.02
1125.22	-78.05	-68.45
1129.47	-76.17	-33.53
1133.73	-72.25	-59.83
1138.01	-73.01	-82.45
1142.30	-75.47	-95.64
1146.61	-78.23	-60.10
1150.94	-75.17	-71.17
1155.28	-73.41	-75.13
1159.64	-70.73	-87.70
1164.02	-71.14	-118.90
1168.41	-72.85	-112.06
1172.82	-73.72	-140.09
1177.25	-73.27	-109.47
1181.69	-71.14	-130.23
1186.15	-71.96	-128.59
1190.62	-71.10	-147.24
1195.12	-72.09	-154.90
1199.63	-73.20	-156.28
1204.15	-73.90	-150.26
1208.70	-70.21	-147.46
1213.26	-70.62	-168.63
1217.84	-70.52	-172.26
1222.43	-70.05	171.19
1227.04	-70.72	164.79
1231.67	-70.30	150.83
1236.32	-72.67	131.34
1240.99	-75.30	133.26
1245.67	-75.29	170.14
1250.37	-71.50	156.42
1255.09	-69.20	150.85
1259.83	-69.20	115.11
1264.58	-70.02	126.67
1269.35	-69.11	109.39
1274.14	-69.53	87.71
1278.95	-71.36	74.24
1283.78	-73.45	74.85
1288.62	-74.32	67.76
1293.48	-75.01	60.14
1298.36	-76.49	82.10
1303.26	-74.36	78.52
1308.18	-72.09	43.90
1313.12	-75.39	39.83
1318.07	-76.01	25.50
1323.05	-75.06	62.27
1328.04	-75.81	20.43
1333.05	-77.65	21.36
1338.08	-78.28	37.09
1343.13	-76.68	21.96
1348.20	-82.32	18.82
1353.29	-76.90	62.72
1358.39	-73.68	32.09
1363.52	-74.66	15.85
1368.67	-71.43	6.75
1373.83	-75.36	-24.29
1379.01	-78.76	-15.69
1384.22	-78.03	-5.32
1389.44	-77.26	-4.89
1394.68	-78.10	-9.90
1399.95	-77.61	-29.48
1405.23	-76.14	-31.21
1410.53	-76.77	-25.22
1415.86	-76.56	-36.33
1421.20	-78.35	-35.73
1426.56	-75.06	-49.10
1431.94	-75.79	-76.68
1437.35	-78.45	-88.46
1442.77	-77.76	-93.75
1448.22	-81.70	-128.98
1453.68	-85.55	-54.95
1459.17	-82.41	-54.25
1464.67	-79.65	-64.48
1470.20	-77.87	-95.17
1475.75	-82.68	-111.35
1481.32	-83.31	-59.63
1486.91	-80.29	-71.76
1492.52	-78.00	-78.49
1498.15	-77.36	-104.81
1503.80	-75.64	-107.67
1509.48	-78.82	-128.67
1515.17	-76.41	-135.98
1520.89	-80.77	-147.01
1526.63	-80.72	-135.02
1532.39	-80.23	-134.79
1538.17	-80.54	-129.33
1543.98	-75.93	-130.93
1549.81	-75.78	-153.14
1555.65	-75.61	-174.06
1561.52	-78.35	179.12
1567.42	-77.90	-163.36
1573.33	-76.13	164.63
1579.27	-75.04	-172.28
1585.23	-73.37	165.29
1591.21	-73.75	135.76
1597.21	-74.73	132.31
1603.24	-74.87	101.71
1609.29	-78.31	120.64
1615.36	-77.64	119.82
1621.46	-74.96	111.20
1627.58	-78.52	89.53
1633.72	-80.15	120.68
1639.89	-76.32	121.33
1646.07	-74.54	99.88
1652.29	-75.48	63.98
1658.52	-80.73	89.96
1664.78	-75.84	82.40
1671.06	-76.41	72.62
1677.37	-74.47	55.67
1683.70	-74.54	31.89
1690.05	-78.46	32.93
1696.43	-76.61	39.55
1702.83	-77.45	12.14
1709.26	-78.00	9.20
1715.70	-81.39	-2.87
1722.18	-81.57	7.06
1728.68	-82.13	14.34
1735.20	-83.27	45.97
1741.75	-76.28	22.59
1748.32	-75.39	-20.87
1754.92	-82.01	-15.80
1761.54	-78.19	-20.49
1768.19	-80.05	-46.70
1774.86	-81.73	-35.47
1781.56	-82.37	-34.10
1788.28	-80.58	-44.05
1795.03	-82.39	-13.54
1801.80	-75.42	-25.52
1808.60	-76.92	-45.72
1815.43	-75.47	-64.25
1822.28	-77.27	-60.71
1829.15	-73.93	-72.39
1836.06	-75.81	-91.81
1842.99	-76.73	-92.84
1849.94	-76.99	-93.23
1856.92	-74.13	-104.34
1863.93	-73.76	-120.93
1870.96	-74.23	-133.32
1878.02	-73.99	-140.92
1885.11	-73.48	-154.05
1892.22	-75.68	-167.16
1899.36	-76.14	-168.86
1906.53	-75.51	179.65
1913.72	-73.11	176.30
1920.95	-74.56	147.89
1928.19	-78.62	147.44
1935.47	-76.07	158.22
1942.77	-73.87	144.20
1950.11	-74.22	110.18
1957.46	-76.07	108.86
1964.85	-75.33	103.06
1972.27	-74.79	83.61
1979.71	-79.49	70.61
1987.18	-77.31	123.20
1994.68	-73.10	81.25
2002.20	-76.29	37.71
2009.76	-80.40	44.13
2017.34	-83.42	49.99
2024.96	-84.95	63.90
2032.60	-82.79	94.68
2040.27	-78.16	81.10
2047.97	-77.85	67.71
2055.70	-78.00	63.82
2063.45	-74.47	53.19
2071.24	-76.22	36.08
2079.06	-74.07	27.86
2086.90	-76.46	6.81
2094.78	-76.01	1.84
2102.68	-74.74	-8.72
2110.62	-75.58	-30.54
2118.58	-78.25	-47.51
2126.57	-77.21	-24.87
2134.60	-77.32	-38.73
2142.65	-75.13	-48.98
2150.74	-74.15	-61.32
2158.86	-75.60	-90.31
2167.00	-76.87	-107.07
2175.18	-79.07	-73.31
2183.39	-78.11	-98.41
2191.63	-79.01	-113.42
2199.90	-82.77	-119.18
2208.20	-75.05	-94.54
2216.53	-76.20	-137.31
2224.90	-75.18	-137.53
2233.29	-74.22	-160.69
2241.72	-74.59	168.87
2250.18	-77.72	143.32
2258.67	-81.20	143.83
2267.19	-79.30	-176.39
2275.75	-78.68	137.79
2284.34	-81.88	159.48
2292.96	-78.27	141.83
2301.61	-77.20	112.57
2310.29	-80.62	105.09
2319.01	-84.72	127.62
2327.76	-79.52	133.35
2336.55	-78.89	97.24
2345.36	-83.01	88.88
2354.21	-84.57	130.52
2363.10	-78.31	125.76
2372.02	-76.32	109.41
2380.97	-74.58	90.72
2389.95	-74.86	68.38
2398.97	-73.04	55.89
2408.02	-73.60	16.89
2417.11	-74.89	41.81
2426.23	-73.90	21.34
2435.39	-72.78	-10.80
2444.58	-74.43	-32.29
2453.80	-79.87	-41.31
2463.06	-80.85	-32.31
2472.35	-79.46	-24.56
2481.68	-78.99	-36.79
2491.05	-78.02	-70.29
2500.45	-79.25	-64.48
2509.88	-81.29	-102.63
2519.36	-82.32	-80.99
2528.86	-83.06	-84.74
2538.41	-79.22	-75.26
2547.98	-79.44	-80.48
2557.60	-79.04	-93.13
2567.25	-78.53	-113.78
2576.94	-75.16	-131.66
2586.66	-77.69	-151.09
2596.42	-75.99	-171.06
2606.22	-80.49	-175.85
2616.06	-82.08	169.42
2625.93	-78.17	-167.13
2635.84	-76.23	173.31
2645.78	-76.93	147.57
2655.77	-79.17	131.66
2665.79	-78.76	152.68
2675.85	-76.01	141.04
2685.95	-76.52	108.54
2696.08	-76.24	133.38
2706.26	-73.22	96.42
2716.47	-74.68	89.44
2726.72	-72.52	68.34
2737.01	-73.88	51.07
2747.34	-73.72	41.56
2757.70	-74.59	29.33
2768.11	-74.45	19.56
2778.56	-76.81	5.23
2789.04	-75.78	0.30
2799.57	-77.10	-17.43
2810.13	-75.94	-38.80
2820.73	-81.74	-16.16
2831.38	-75.34	-19.26
2842.06	-75.75	-54.52
2852.79	-78.47	-77.66
2863.55	-77.12	-72.34
2874.36	-76.69	-82.98
2885.21	-75.64	-90.09
2896.09	-76.08	-115.47
2907.02	-76.35	-140.90
2917.99	-76.43	-145.27
2929.00	-80.02	-152.28
2940.06	-77.58	-150.76
2951.15	-76.71	179.62
2962.29	-79.91	177.54
2973.47	-77.69	172.09
2984.69	-77.35	163.57
2995.95	-76.62	152.57
3007.25	-75.76	138.01
3018.60	-74.74	112.76
3029.99	-75.44	109.68
3041.43	-75.70	104.04
3052.90	-73.41	88.83
3064.42	-73.15	61.95
3075.99	-75.76	40.29
3087.60	-76.87	32.85
3099.25	-77.17	12.57
3110.94	-78.86	30.34
3122.68	-76.22	16.10
3134.47	-78.67	10.58
3146.29	-76.08	11.02
3158.17	-76.30	-11.34
3170.08	-75.79	-31.43
3182.05	-75.51	-50.14
3194.05	-76.02	-75.46
3206.11	-79.67	-86.54
3218.21	-78.38	-84.74
3230.35	-78.26	-101.83
3242.54	-77.40	-114.61
3254.77	-80.34	-138.33
3267.06	-79.13	-147.43
3279.39	-78.32	-134.59
3291.76	-79.34	-159.07
3304.18	-77.94	-176.84
3316.65	-77.94	-173.08
3329.17	-75.13	166.66
3341.73	-75.68	130.27
3354.34	-76.22	139.14
3367.00	-77.04	112.57
3379.70	-77.78	98.07
3392.46	-79.05	92.59
3405.26	-76.45	88.51
3418.11	-77.50	54.82
3431.01	-79.49	52.71
3443.95	-76.90	61.24
3456.95	-76.98	35.28
3469.99	-75.32	16.01
3483.09	-78.86	-3.63
3496.23	-77.01	8.82
3509.43	-77.05	-16.10
3522.67	-77.61	-35.31
3535.96	-78.34	-51.93
3549.31	-78.38	-65.73
3562.70	-79.89	-78.71
3576.14	-79.92	-78.67
3589.64	-81.10	-101.13
3603.18	-77.57	-106.05
3616.78	-79.74	-122.05
3630.43	-77.31	-138.46
3644.13	-75.53	-143.41
3657.88	-77.40	-174.84
3671.68	-77.88	175.71
3685.54	-77.22	153.96
3699.45	-77.72	153.09
3713.41	-76.19	129.37
3727.42	-77.57	123.74
3741.49	-75.95	100.47
3755.60	-76.70	78.66
3769.78	-78.03	87.27
3784.00	-76.58	67.81
3798.28	-78.20	58.79
3812.61	-76.30	42.78
3827.00	-76.60	31.58
3841.44	-75.33	4.73
3855.94	-77.33	-18.23
3870.49	-80.17	-19.05
3885.09	-77.28	-7.18
3899.75	-75.76	-36.03
3914.47	-75.45	-59.03
3929.24	-77.37	-73.94
3944.07	-74.42	-75.96
3958.95	-75.90	-108.72
3973.89	-77.56	-125.43
3988.89	-75.26	-132.29
4003.94	-74.30	-166.55
4019.05	-76.24	175.58
4034.22	-76.10	178.89
4049.44	-76.32	156.67
4064.72	-74.03	143.07
4080.06	-73.70	132.21
4095.46	-72.52	105.36
4110.91	-73.42	91.78
4126.42	-73.46	69.97
4141.99	-72.79	61.88
4157.62	-73.54	40.63
4173.31	-73.37	25.54
4189.06	-74.48	7.56
4204.87	-75.47	3.97
4220.74	-73.99	-14.89
4236.66	-72.63	-35.85
4252.65	-73.97	-50.56
4268.70	-73.59	-73.52
4284.81	-73.61	-86.51
4300.98	-73.59	-108.19
4317.21	-75.75	-129.97
4333.50	-75.06	-136.06
4349.85	-74.33	-149.30
4366.26	-74.20	-170.51
4382.74	-73.40	169.26
4399.28	-71.98	142.62
4415.88	-72.80	128.60
4432.54	-72.15	116.85
4449.27	-72.61	90.40
4466.06	-72.14	80.18
4482.91	-73.60	61.86
4499.83	-72.65	47.82
4516.81	-72.36	35.37
4533.85	-71.24	19.80
4550.96	-71.93	-5.94
4568.14	-71.15	-20.06
4585.37	-70.77	-47.27
4602.68	-72.34	-64.01
4620.05	-71.79	-82.43
4637.48	-71.74	-103.80
4654.98	-74.30	-123.28
4672.55	-72.83	-131.50
4690.18	-71.89	-151.90
4707.88	-71.73	-163.94
4725.64	-70.38	170.67
4743.48	-70.05	144.01
4761.38	-71.00	126.32
4779.34	-71.12	108.30
4797.38	-70.67	102.73
4815.48	-70.17	77.35
4833.65	-68.79	57.30
4851.89	-69.00	29.22
4870.20	-70.17	8.67
4888.58	-70.61	-10.61
4907.03	-71.25	-32.28
4925.54	-72.25	-43.79
4944.13	-71.05	-49.52
4962.79	-68.98	-77.77
4981.52	-70.46	-113.66
5000.31	-70.97	-115.83
5019.18	-69.89	-133.68
5038.12	-68.99	-166.02
5057.14	-68.28	175.14
5076.22	-68.18	143.74
5095.37	-68.02	125.31
5114.60	-68.53	110.02
5133.90	-67.64	82.84
5153.27	-68.20	54.35
5172.72	-69.12	37.84
5192.24	-70.23	17.76
5211.83	-70.83	1.09
5231.50	-69.93	-9.43
5251.24	-69.79	-37.41
5271.06	-69.70	-55.97
5290.95	-69.62	-80.94
5310.91	-70.53	-111.24
5330.96	-71.51	-122.56
5351.07	-70.96	-143.00
5371.27	-69.90	-165.33
5391.53	-68.57	173.69
5411.88	-68.85	142.51
5432.30	-69.20	120.84
5452.80	-69.08	99.38
5473.38	-69.99	65.46
5494.03	-72.04	55.96
5514.76	-70.89	39.76
5535.57	-70.98	19.66
5556.46	-71.95	7.58
5577.43	-69.88	-26.45
5598.48	-73.12	-44.34
5619.60	-71.67	-65.35
5640.81	-71.40	-89.04
5662.10	-72.52	-113.86
5683.46	-72.03	-130.03
5704.91	-71.38	-148.25
5726.44	-69.88	177.78
5748.05	-71.05	144.27
5769.74	-71.46	131.09
5791.51	-71.38	111.60
5813.36	-71.04	83.68
5835.30	-71.85	66.47
5857.32	-72.00	45.62
5879.42	-72.56	24.50
5901.61	-71.92	15.92
5923.88	-71.84	-16.47
5946.23	-72.39	-30.04
5968.67	-72.16	-56.95
5991.20	-72.84	-69.59
6013.80	-70.39	-101.28
6036.50	-69.55	-135.66
6059.28	-70.57	-162.01
6082.14	-71.28	168.62
6105.09	-70.86	148.31
6128.13	-71.71	121.34
6151.26	-71.17	107.17
6174.47	-71.12	87.48
6197.77	-70.34	63.49
6221.16	-70.92	44.41
6244.63	-70.78	22.97
6268.20	-68.47	3.89
6291.85	-68.93	-35.52
6315.59	-68.86	-64.89
6339.42	-70.49	-93.52
6363.35	-70.46	-123.15
6387.36	-71.55	-144.10
6411.46	-72.46	-162.07
6435.66	-70.97	177.74
6459.94	-70.30	156.26
6484.32	-69.04	123.34
6508.79	-70.34	99.63
6533.35	-70.65	80.07
6558.00	-69.26	61.51
6582.75	-68.47	33.92
6607.59	-68.33	4.73
6632.53	-68.42	-23.24
6657.55	-69.58	-50.70
6682.68	-69.07	-79.76
6707.90	-69.56	-104.23
6733.21	-69.60	-130.35
6758.62	-68.78	-158.09
6784.12	-69.09	169.74
6809.72	-69.17	153.67
6835.42	-67.93	135.17
6861.21	-67.05	104.75
6887.10	-67.39	79.87
6913.09	-66.18	55.59
6939.18	-65.88	20.53
6965.36	-65.26	-3.19
6991.65	-66.34	-36.13
7018.03	-65.98	-60.19
7044.51	-66.04	-86.33
7071.10	-64.99	-115.93
7097.78	-65.39	-146.15
7124.56	-63.53	-174.48
7151.45	-64.10	156.65
7178.44	-62.81	133.90
7205.52	-61.26	98.55
7232.71	-61.27	61.27
7260.01	-61.13	30.21
7287.40	-61.56	0.09
7314.90	-60.94	-33.96
7342.51	-61.95	-64.20
7370.21	-60.90	-95.41
7398.03	-61.16	-128.17
7425.94	-60.82	-166.30
7453.97	-60.63	167.40
7482.09	-60.95	131.11
7510.33	-60.06	102.43
7538.67	-60.17	62.52
7567.12	-60.94	29.37
7595.67	-61.59	-4.23
7624.33	-62.41	-31.96
7653.10	-62.32	-62.37
7681.98	-62.64	-97.96
7710.97	-63.49	-133.98
7740.07	-63.84	-161.77
7769.28	-63.69	164.55
7798.60	-64.29	136.98
7828.02	-64.39	106.88
7857.56	-63.71	74.55
7887.21	-65.37	39.05
7916.98	-64.79	12.38
7946.85	-65.62	-21.00
7976.84	-65.92	-56.48
8006.94	-68.28	-78.35
8037.16	-66.62	-108.57
8067.49	-67.15	-146.31
8097.93	-68.23	-169.55
8128.49	-65.58	157.10
8159.16	-66.46	121.20
8189.95	-66.98	93.74
8220.86	-66.29	65.65
8251.88	-65.15	30.18
8283.02	-66.94	1.73
8314.27	-65.83	-35.83
8345.65	-67.20	-72.59
8377.14	-67.58	-101.75
8408.75	-66.63	-131.43
8440.48	-67.01	-178.30
8472.33	-67.42	156.71
8504.30	-66.04	127.94
8536.40	-65.71	89.67
8568.61	-66.28	61.42
8600.94	-65.56	20.58
8633.40	-66.55	-16.24
8665.98	-67.89	-44.94
8698.68	-67.59	-76.88
8731.51	-67.19	-115.43
8764.46	-67.21	-149.38
8797.53	-67.06	176.57
8830.73	-67.02	142.83
8864.05	-65.97	112.66
8897.50	-65.16	74.47
8931.07	-65.25	37.92
8964.78	-66.35	3.04
8998.61	-65.80	-25.43
9032.56	-65.11	-69.45
9066.65	-64.92	-104.38
9100.86	-65.27	-153.32
9135.20	-65.34	176.06
9169.68	-64.93	136.44
9204.28	-64.38	96.08
9239.01	-64.93	57.67
9273.88	-65.52	18.93
9308.87	-64.72	-14.17
9344.00	-66.10	-58.55
9379.26	-67.06	-98.35
9414.65	-66.70	-132.29
9450.18	-67.53	-172.08
9485.84	-66.94	151.49
9521.64	-65.96	113.20
9557.57	-66.99	71.58
9593.64	-66.94	35.98
9629.84	-67.43	0.44
9666.18	-68.70	-41.48
9702.65	-69.07	-74.02
9739.27	-69.14	-114.57
9776.02	-69.63	-160.09
9812.91	-69.48	157.00
9849.94	-68.60	128.33
9887.11	-69.02	83.29
9924.42	-70.09	50.00
9961.87	-70.65	15.60
9999.46	-70.92	-17.77
10037.19	-72.41	-56.61
10075.07	-71.63	-89.41
10113.09	-71.53	-134.79
10151.25	-70.51	-177.66
10189.55	-70.07	146.83
10228.01	-69.92	103.09
10266.60	-69.55	69.78
10305.34	-69.30	31.67
10344.23	-70.07	-8.79
10383.27	-70.21	-42.06
10422.45	-69.73	-92.51
10461.78	-70.53	-134.06
10501.26	-69.65	177.10
10540.88	-69.26	138.89
10580.66	-69.19	98.03
10620.59	-68.60	63.65
10660.66	-69.00	17.75
10700.89	-69.15	-15.23
10741.27	-68.20	-60.20
10781.81	-68.79	-111.30
10822.49	-68.79	-157.32
10863.33	-67.58	156.18
10904.33	-68.30	109.87
10945.47	-67.82	74.80
10986.78	-67.43	30.88
11028.24	-67.61	-15.95
11069.85	-68.63	-61.37
11111.63	-68.80	-103.61
11153.56	-68.55	-160.60
11195.64	-68.67	155.93
11237.89	-69.09	114.12
11280.30	-67.61	72.00
11322.87	-68.51	25.90
11365.59	-68.72	-16.78
11408.48	-70.29	-65.07
11451.53	-69.92	-115.04
11494.75	-70.58	-165.54
11538.12	-70.78	145.31
11581.66	-70.18	109.99
11625.37	-69.54	63.01
11669.24	-69.95	21.52
11713.27	-71.42	-26.96
11757.47	-71.26	-66.65
11801.84	-71.78	-123.55
11846.37	-72.82	-172.24
11891.08	-72.13	144.26
11935.95	-70.73	101.05
11980.99	-70.65	56.17
12026.20	-70.82	12.91
12071.58	-71.56	-32.60
12117.14	-72.49	-85.48
12162.86	-73.67	-136.69
12208.76	-72.73	175.10
12254.83	-71.58	124.80
12301.07	-71.07	78.59
12347.49	-71.23	38.27
12394.08	-71.43	-11.75
12440.85	-72.93	-60.29
12487.80	-73.14	-112.31
12534.92	-72.60	-164.43
12582.23	-71.32	140.56
12629.71	-71.84	93.29
12677.37	-71.30	50.21
12725.20	-71.17	3.92
12773.22	-72.47	-49.56
12821.42	-72.95	-103.05
12869.81	-73.17	-160.08
12918.37	-71.97	146.37
12967.12	-71.48	100.18
13016.05	-71.47	47.24
13065.17	-72.26	-0.51
13114.47	-73.88	-38.61
13163.96	-73.19	-101.68
13213.64	-73.05	-161.67
13263.50	-72.49	139.34
13313.55	-72.16	93.02
13363.79	-72.14	44.39
13414.22	-73.14	-3.33
13464.84	-73.71	-51.47
13515.65	-73.96	-110.74
13566.65	-73.56	-175.13
13617.84	-73.09	128.36
13669.23	-73.01	81.08
13720.81	-72.45	36.60
13772.59	-73.39	-9.82
13824.56	-74.22	-70.55
13876.73	-74.85	-130.30
13929.09	-73.86	169.96
13981.66	-72.19	115.27
14034.42	-72.24	63.74
14087.38	-71.95	14.73
14140.54	-73.34	-45.09
14193.90	-75.05	-100.50
14247.46	-74.26	-172.15
14301.22	-73.47	137.42
14355.19	-71.97	82.90
14409.36	-72.24	25.69
14463.73	-73.48	-19.31
14518.31	-73.99	-81.60
14573.10	-75.04	-151.07
14628.09	-73.19	150.54
14683.29	-72.25	90.61
14738.70	-72.57	36.58
14794.32	-73.15	-7.23
14850.15	-74.45	-74.49
14906.18	-75.10	-144.71
14962.43	-73.73	149.35
15018.90	-72.79	89.66
15075.57	-73.17	45.65
15132.46	-72.98	-8.60
15189.56	-76.07	-78.38
15246.88	-75.85	-145.85
15304.42	-74.63	145.44
15362.17	-74.38	91.12
15420.14	-73.82	43.48
15478.33	-75.08	-14.13
15536.74	-77.76	-82.84
15595.37	-77.28	-152.48
15654.22	-76.62	146.46
15713.29	-74.83	91.28
15772.58	-74.61	36.71
15832.10	-75.83	-17.95
15891.85	-77.70	-91.65
15951.81	-78.06	-165.58
16012.01	-76.19	131.41
16072.43	-74.25	77.85
16133.08	-74.80	18.54
16193.96	-76.21	-36.77
16255.07	-77.89	-109.32
16316.41	-77.24	171.13
16377.98	-74.67	110.20
16439.79	-74.08	49.90
16501.82	-75.07	2.37
16564.09	-77.81	-64.56
16626.60	-77.80	-150.26
16689.34	-75.28	139.70
16752.32	-74.41	74.62
16815.54	-74.57	25.66
16878.99	-76.50	-36.50
16942.69	-77.41	-112.16
17006.62	-75.92	165.96
17070.79	-74.26	100.36
17135.21	-73.41	42.53
17199.87	-75.68	-17.21
17264.78	-76.47	-91.08
17329.93	-75.78	-173.80
17395.32	-74.33	109.94
17460.97	-73.67	49.53
17526.86	-74.20	-7.35
17593.00	-76.53	-84.27
17659.38	-76.33	-173.11
17726.02	-74.42	115.45
17792.91	-74.01	54.22
17860.06	-74.94	-4.10
17927.45	-76.35	-82.97
17995.10	-77.32	-170.36
18063.01	-75.13	115.50
18131.17	-74.29	57.62
18199.59	-74.66	-7.49
18268.27	-77.31	-84.82
18337.21	-77.19	-173.94
18406.40	-74.82	110.13
18475.86	-73.95	49.26
18545.58	-75.40	-20.17
18615.56	-77.85	-110.02
18685.81	-76.55	162.41
18756.32	-74.70	91.05
18827.10	-75.09	24.50
18898.15	-77.28	-44.89
18969.46	-79.45	-141.39
19041.04	-78.01	126.84
19112.90	-76.45	67.85
19185.02	-77.60	8.47
19257.42	-80.98	-67.65
19330.09	-81.72	-165.55
19403.03	-78.80	107.01
19476.25	-77.43	55.63
19549.74	-80.17	-9.17
19623.51	-84.61	-107.89
19697.56	-81.85	138.34
19771.89	-79.37	79.39
19846.51	-79.00	24.67
19921.40	-48.90	173.78
19996.57	-87.99	164.54
20072.03	-81.65	95.84
20147.78	-80.70	51.34
20223.80	-83.84	18.67
20300.12	-91.17	54.33
20376.72	-87.04	69.24
20453.62	-84.05	91.19
20530.80	-82.65	54.70
20608.28	-83.81	25.81
20686.04	-88.82	23.12
20764.10	-85.17	117.20
20842.46	-80.64	75.58
20921.11	-80.98	29.27
21000.06	-87.09	-31.90
21079.30	-86.14	159.57
21158.85	-80.82	77.93
21238.69	-80.33	37.71
21318.84	-83.64	-8.07
21399.29	-87.60	-104.44
21480.04	-82.53	97.63
21561.09	-81.04	47.82
21642.46	-84.29	-5.18
21724.12	-88.19	168.24
21806.10	-81.82	93.15
21888.39	-81.86	44.72
21970.99	-84.63	12.67
22053.89	-90.03	-115.42
22137.12	-84.14	85.29
22220.65	-82.64	56.62
22304.50	-84.83	24.33
