Freq[Hz]	[dBV]	Phase[Deg]
10.00	-63.36	-51.70
10.04	-63.41	-52.11
10.08	-63.46	-52.54
10.11	-63.51	-53.00
10.15	-63.55	-53.47
10.19	-63.59	-53.97
10.23	-63.64	-54.50
10.27	-63.67	-55.04
10.31	-63.71	-55.61
10.34	-63.75	-56.21
10.38	-63.78	-56.83
10.42	-63.81	-57.48
10.46	-63.84	-58.15
10.50	-63.87	-58.86
10.54	-63.89	-59.59
10.58	-63.92	-60.36
10.62	-63.94	-61.15
10.66	-63.96	-61.98
10.70	-63.98	-62.84
10.74	-63.99	-63.73
10.78	-64.01	-64.66
10.82	-64.02	-65.62
10.86	-64.03	-66.62
10.90	-64.03	-67.65
10.95	-64.04	-68.73
10.99	-64.04	-69.84
11.03	-64.05	-70.99
11.07	-64.05	-72.19
11.11	-64.04	-73.42
11.15	-64.04	-74.70
11.20	-64.03	-76.03
11.24	-64.02	-77.39
11.28	-64.01	-78.81
11.32	-64.00	-80.27
11.37	-63.99	-81.78
11.41	-63.97	-83.34
11.45	-63.95	-84.96
11.50	-63.93	-86.62
11.54	-63.91	-88.34
11.58	-63.88	-90.11
11.63	-63.86	-91.94
11.67	-63.83	-93.82
11.71	-63.80	-95.77
11.76	-63.76	-97.77
11.80	-63.73	-99.83
11.85	-63.69	-101.95
11.89	-63.65	-104.13
11.94	-63.61	-106.36
11.98	-63.57	-108.65
12.03	-63.53	-110.99
12.07	-63.48	-113.38
12.12	-63.43	-115.82
12.16	-63.38	-118.32
12.21	-63.33	-120.86
12.26	-63.28	-123.45
12.30	-63.23	-126.08
12.35	-63.18	-128.77
12.39	-63.12	-131.49
12.44	-63.07	-134.25
12.49	-63.01	-137.06
12.54	-62.96	-139.90
12.58	-62.90	-142.78
12.63	-62.84	-145.70
12.68	-62.79	-148.65
12.73	-62.73	-151.63
12.77	-62.67	-154.64
12.82	-62.61	-157.68
12.87	-62.55	-160.75
12.92	-62.49	-163.84
12.97	-62.44	-166.95
13.02	-62.38	-170.08
13.07	-62.32	-173.24
13.12	-62.27	-176.41
13.16	-62.21	-179.59
13.21	-62.16	177.21
13.26	-62.11	174.01
13.31	-62.05	170.79
13.36	-62.00	167.58
13.41	-61.96	164.35
13.47	-61.91	161.13
13.52	-61.86	157.91
13.57	-61.82	154.70
13.62	-61.78	151.49
13.67	-61.74	148.29
13.72	-61.70	145.10
13.77	-61.67	141.93
13.83	-61.64	138.78
13.88	-61.61	135.65
13.93	-61.59	132.54
13.98	-61.57	129.46
14.04	-61.55	126.41
14.09	-61.54	123.40
14.14	-61.53	120.42
14.19	-61.52	117.48
14.25	-61.52	114.58
14.30	-61.52	111.73
14.36	-61.53	108.94
14.41	-61.55	106.19
14.46	-61.56	103.50
14.52	-61.59	100.88
14.57	-61.62	98.32
14.63	-61.65	95.82
14.68	-61.70	93.41
14.74	-61.74	91.06
14.80	-61.80	88.79
14.85	-61.86	86.59
14.91	-61.92	84.47
14.96	-61.99	82.43
15.02	-62.07	80.45
15.08	-62.15	78.56
15.13	-62.24	76.73
15.19	-62.33	74.98
15.25	-62.42	73.31
15.31	-62.52	71.71
15.36	-62.63	70.18
15.42	-62.73	68.73
15.48	-62.85	67.36
15.54	-62.96	66.05
15.60	-63.08	64.82
15.66	-63.20	63.67
15.71	-63.32	62.59
15.77	-63.45	61.58
15.83	-63.58	60.64
15.89	-63.71	59.78
15.95	-63.84	58.99
16.01	-63.97	58.27
16.07	-64.11	57.63
16.13	-64.25	57.05
16.19	-64.38	56.55
16.26	-64.52	56.12
16.32	-64.65	55.76
16.38	-64.79	55.47
16.44	-64.93	55.25
16.50	-65.06	55.11
16.56	-65.20	55.03
16.63	-65.33	55.02
16.69	-65.46	55.08
16.75	-65.58	55.20
16.82	-65.71	55.40
16.88	-65.83	55.66
16.94	-65.95	55.99
17.01	-66.06	56.38
17.07	-66.17	56.85
17.14	-66.28	57.37
17.20	-66.38	57.96
17.27	-66.47	58.61
17.33	-66.56	59.33
17.40	-66.65	60.11
17.46	-66.72	60.95
17.53	-66.79	61.85
17.59	-66.85	62.81
17.66	-66.90	63.82
17.73	-66.95	64.90
17.79	-66.99	66.02
17.86	-67.01	67.18
17.93	-67.04	68.38
18.00	-67.05	69.62
18.06	-67.06	70.89
18.13	-67.06	72.17
18.20	-67.06	73.48
18.27	-67.05	74.80
18.34	-67.03	76.12
18.41	-67.01	77.45
18.48	-66.98	78.77
18.55	-66.95	80.08
18.62	-66.91	81.36
18.69	-66.87	82.63
18.76	-66.82	83.86
18.83	-66.77	85.06
18.90	-66.71	86.21
18.97	-66.66	87.31
19.04	-66.59	88.35
19.11	-66.53	89.33
19.19	-66.46	90.23
19.26	-66.39	91.05
19.33	-66.32	91.78
19.40	-66.25	92.41
19.48	-66.17	92.94
19.55	-66.10	93.36
19.62	-66.02	93.65
19.70	-65.95	93.81
19.77	-65.87	93.83
19.85	-65.80	93.71
19.92	-65.72	93.42
20.00	-65.65	92.97
20.07	-65.58	92.35
20.15	-65.51	91.53
20.22	-65.45	90.52
20.30	-65.39	89.31
20.38	-65.33	87.87
20.45	-65.27	86.21
20.53	-65.22	84.32
20.61	-65.18	82.18
20.69	-65.14	79.80
20.77	-65.11	77.20
20.84	-65.08	74.38
20.92	-65.05	71.35
21.00	-65.03	68.12
21.08	-65.02	64.70
21.16	-65.01	61.10
21.24	-65.00	57.33
21.32	-65.00	53.39
21.40	-65.00	49.31
21.48	-65.01	45.08
21.56	-65.02	40.73
21.64	-65.04	36.25
21.73	-65.06	31.67
21.81	-65.09	26.99
21.89	-65.12	22.23
21.97	-65.16	17.39
22.06	-65.20	12.50
22.14	-65.24	7.56
22.22	-65.29	2.59
22.31	-65.34	-2.41
22.39	-65.40	-7.41
22.47	-65.46	-12.40
22.56	-65.53	-17.37
22.64	-65.60	-22.31
22.73	-65.67	-27.19
22.82	-65.75	-32.01
22.90	-65.83	-36.74
22.99	-65.91	-41.38
23.07	-66.00	-45.90
23.16	-66.09	-50.30
23.25	-66.19	-54.54
23.34	-66.29	-58.62
23.43	-66.39	-62.52
23.51	-66.50	-66.21
23.60	-66.61	-69.70
23.69	-66.72	-72.99
23.78	-66.84	-76.06
23.87	-66.96	-78.93
23.96	-67.09	-81.58
24.05	-67.23	-84.01
24.14	-67.37	-86.23
24.23	-67.52	-88.22
24.32	-67.68	-90.00
24.42	-67.84	-91.55
24.51	-68.02	-92.87
24.60	-68.20	-93.97
24.69	-68.39	-94.84
24.79	-68.60	-95.47
24.88	-68.82	-95.87
24.97	-69.04	-96.03
25.07	-69.29	-95.95
25.16	-69.54	-95.64
25.26	-69.81	-95.08
25.35	-70.09	-94.27
25.45	-70.39	-93.21
25.54	-70.70	-91.91
25.64	-71.04	-90.35
25.74	-71.38	-88.54
25.84	-71.75	-86.47
25.93	-72.14	-84.14
26.03	-72.54	-81.55
26.13	-72.97	-78.70
26.23	-73.42	-75.58
26.33	-73.89	-72.19
26.43	-74.38	-68.53
26.53	-74.90	-64.61
26.63	-75.43	-60.44
26.73	-75.98	-56.05
26.83	-76.55	-51.45
26.93	-77.13	-46.66
27.03	-77.73	-41.70
27.13	-78.32	-36.59
27.23	-78.93	-31.35
27.34	-79.54	-26.00
27.44	-80.14	-20.56
27.54	-80.75	-15.05
27.65	-81.35	-9.50
27.75	-81.93	-3.92
27.86	-82.51	1.65
27.96	-83.08	7.20
28.07	-83.62	12.70
28.17	-84.15	18.13
28.28	-84.65	23.46
28.39	-85.12	28.67
28.49	-85.56	33.72
28.60	-85.97	38.60
28.71	-86.34	43.27
28.82	-86.67	47.71
28.93	-86.96	51.89
29.03	-87.19	55.77
29.14	-87.38	59.34
29.25	-87.50	62.55
29.36	-87.57	65.37
29.48	-87.58	67.82
29.59	-87.53	69.91
29.70	-87.42	71.66
29.81	-87.27	73.11
29.92	-87.07	74.26
30.04	-86.83	75.16
30.15	-86.55	75.82
30.26	-86.24	76.28
30.38	-85.90	76.56
30.49	-85.53	76.68
30.61	-85.14	76.69
30.72	-84.73	76.60
30.84	-84.30	76.44
30.95	-83.87	76.26
31.07	-83.44	76.07
31.19	-83.00	75.92
31.31	-82.57	75.83
31.42	-82.15	75.84
31.54	-81.75	75.99
31.66	-81.36	76.30
31.78	-81.01	76.82
31.90	-80.68	77.58
32.02	-80.39	78.62
32.14	-80.15	79.98
32.26	-79.95	81.69
32.39	-79.80	83.78
32.51	-79.70	86.23
32.63	-79.64	89.01
32.75	-79.63	92.10
32.88	-79.65	95.48
33.00	-79.70	99.12
33.13	-79.79	103.00
33.25	-79.90	107.09
33.38	-80.03	111.37
33.50	-80.18	115.82
33.63	-80.35	120.39
33.76	-80.52	125.08
33.88	-80.69	129.84
34.01	-80.87	134.64
34.14	-81.04	139.47
34.27	-81.21	144.29
34.40	-81.36	149.06
34.53	-81.49	153.75
34.66	-81.59	158.34
34.79	-81.67	162.79
34.92	-81.71	167.07
35.05	-81.72	171.13
35.18	-81.67	174.95
35.32	-81.58	178.50
35.45	-81.45	-178.21
35.58	-81.28	-175.16
35.72	-81.08	-172.35
35.85	-80.85	-169.76
35.99	-80.60	-167.37
36.12	-80.33	-165.18
36.26	-80.05	-163.16
36.40	-79.78	-161.31
36.53	-79.50	-159.60
36.67	-79.24	-158.03
36.81	-78.99	-156.58
36.95	-78.77	-155.22
37.09	-78.58	-153.95
37.23	-78.42	-152.75
37.37	-78.31	-151.60
37.51	-78.25	-150.48
37.65	-78.25	-149.37
37.79	-78.32	-148.26
37.94	-78.47	-147.12
38.08	-78.70	-145.94
38.22	-79.02	-144.70
38.37	-79.42	-143.37
38.51	-79.90	-141.95
38.66	-80.44	-140.39
38.80	-81.05	-138.69
38.95	-81.71	-136.83
39.10	-82.40	-134.77
39.24	-83.13	-132.50
39.39	-83.88	-130.00
39.54	-84.65	-127.23
39.69	-85.42	-124.18
39.84	-86.18	-120.83
39.99	-86.92	-117.14
40.14	-87.63	-113.09
40.29	-88.30	-108.66
40.45	-88.93	-103.82
40.60	-89.49	-98.53
40.75	-89.98	-92.78
40.90	-90.38	-86.53
41.06	-90.68	-79.76
41.21	-90.88	-72.46
41.37	-90.98	-64.66
41.53	-90.99	-56.41
41.68	-90.91	-47.76
41.84	-90.75	-38.73
42.00	-90.51	-29.39
42.16	-90.20	-19.77
42.32	-89.82	-9.92
42.47	-89.39	0.11
42.63	-88.91	10.27
42.80	-88.38	20.51
42.96	-87.82	30.79
43.12	-87.23	41.03
43.28	-86.61	51.20
43.45	-85.98	61.24
43.61	-85.34	71.09
43.77	-84.70	80.70
43.94	-84.06	90.00
44.10	-83.45	98.93
44.27	-82.84	107.46
44.44	-82.26	115.54
44.61	-81.70	123.13
44.77	-81.15	130.18
44.94	-80.63	136.66
45.11	-80.13	142.50
45.28	-79.65	147.67
45.45	-79.20	152.12
45.63	-78.77	155.79
45.80	-78.36	158.65
45.97	-77.98	160.63
46.14	-77.63	161.69
46.32	-77.31	161.78
46.49	-77.02	160.83
46.67	-76.76	158.80
46.84	-76.54	155.63
47.02	-76.34	151.28
47.20	-76.18	145.84
47.38	-76.05	139.44
47.56	-75.95	132.25
47.74	-75.88	124.39
47.92	-75.84	116.04
48.10	-75.83	107.34
48.28	-75.83	98.45
48.46	-75.87	89.54
48.64	-75.92	80.77
48.83	-76.00	72.33
49.01	-76.09	64.37
49.20	-76.20	57.08
49.38	-76.33	50.64
49.57	-76.47	45.25
49.75	-76.63	41.08
49.94	-76.79	38.33
50.13	-76.97	36.95
50.32	-77.14	36.85
50.51	-77.31	37.89
50.70	-77.48	39.94
50.89	-77.64	42.87
51.08	-77.78	46.54
51.28	-77.90	50.82
51.47	-77.99	55.56
51.66	-78.05	60.62
51.86	-78.07	65.84
52.05	-78.06	71.09
52.25	-77.99	76.19
52.45	-77.87	81.00
52.65	-77.69	85.34
52.85	-77.45	89.07
53.04	-77.15	92.14
53.24	-76.78	94.61
53.45	-76.36	96.57
53.65	-75.89	98.09
53.85	-75.38	99.25
54.05	-74.84	100.12
54.26	-74.26	100.79
54.46	-73.66	101.34
54.67	-73.04	101.85
54.87	-72.42	102.42
55.08	-71.78	103.12
55.29	-71.15	104.06
55.50	-70.53	105.32
55.71	-69.92	107.00
55.92	-69.34	109.12
56.13	-68.78	111.58
56.34	-68.24	114.22
56.55	-67.72	116.89
56.77	-67.23	119.45
56.98	-66.76	121.74
57.19	-66.31	123.61
57.41	-65.89	124.89
57.63	-65.49	125.42
57.84	-65.11	125.04
58.06	-64.76	123.56
58.28	-64.44	120.83
58.50	-64.13	116.64
58.72	-63.86	110.85
58.94	-63.61	103.51
59.17	-63.39	94.89
59.39	-63.21	85.26
59.61	-63.07	74.91
59.84	-62.98	64.11
60.06	-62.93	53.18
60.29	-62.95	42.40
60.52	-63.03	32.09
60.75	-63.17	22.55
60.98	-63.39	14.12
61.21	-63.68	7.12
61.44	-64.06	1.89
61.67	-64.53	-1.26
61.90	-65.08	-2.31
62.14	-65.70	-1.47
62.37	-66.38	1.03
62.61	-67.10	4.96
62.84	-67.85	10.09
63.08	-68.62	16.17
63.32	-69.38	22.96
63.56	-70.12	30.20
63.80	-70.84	37.65
64.04	-71.50	45.03
64.28	-72.11	52.07
64.52	-72.63	58.50
64.76	-73.06	64.13
65.01	-73.39	68.95
65.25	-73.64	72.95
65.50	-73.80	76.12
65.75	-73.88	78.47
66.00	-73.87	79.99
66.24	-73.78	80.68
66.49	-73.61	80.55
66.75	-73.36	79.57
67.00	-73.03	77.76
67.25	-72.63	75.11
67.50	-72.16	71.63
67.76	-71.62	67.35
68.01	-71.02	62.38
68.27	-70.39	56.82
68.53	-69.72	50.77
68.79	-69.02	44.33
69.05	-68.32	37.63
69.31	-67.62	30.76
69.57	-66.93	23.85
69.83	-66.27	17.00
70.09	-65.65	10.35
70.36	-65.08	4.01
70.62	-64.58	-1.92
70.89	-64.13	-7.39
71.16	-63.75	-12.37
71.43	-63.42	-16.82
71.70	-63.15	-20.70
71.97	-62.93	-23.97
72.24	-62.77	-26.59
72.51	-62.66	-28.52
72.79	-62.60	-29.72
73.06	-62.58	-30.15
73.34	-62.62	-29.76
73.61	-62.70	-28.60
73.89	-62.83	-26.85
74.17	-63.03	-24.69
74.45	-63.29	-22.32
74.73	-63.64	-19.95
75.01	-64.07	-17.77
75.29	-64.59	-16.00
75.58	-65.22	-14.85
75.86	-65.95	-14.54
76.15	-66.81	-15.29
76.44	-67.79	-17.27
76.73	-68.86	-20.31
77.02	-69.98	-24.12
77.31	-71.10	-28.41
77.60	-72.19	-32.89
77.89	-73.19	-37.27
78.18	-74.06	-41.22
78.48	-74.75	-44.43
78.78	-75.22	-46.59
79.07	-75.41	-47.36
79.37	-75.28	-46.49
79.67	-74.88	-44.21
79.97	-74.26	-40.91
80.27	-73.49	-36.99
80.58	-72.62	-32.85
80.88	-71.73	-28.91
81.19	-70.88	-25.60
81.49	-70.13	-23.35
81.80	-69.57	-22.61
82.11	-69.25	-23.83
82.42	-69.21	-27.20
82.73	-69.41	-32.33
83.04	-69.78	-38.77
83.35	-70.29	-46.08
83.67	-70.86	-53.77
83.99	-71.44	-61.37
84.30	-71.97	-68.38
84.62	-72.38	-74.31
84.94	-72.62	-78.63
85.26	-72.64	-80.95
85.58	-72.46	-81.45
85.90	-72.13	-80.51
86.23	-71.71	-78.51
86.55	-71.24	-75.85
86.88	-70.78	-72.93
87.21	-70.39	-70.17
87.54	-70.12	-67.99
87.87	-70.02	-66.82
88.20	-70.16	-67.00
88.53	-70.49	-68.44
88.87	-70.97	-70.89
89.20	-71.57	-74.09
89.54	-72.22	-77.78
89.88	-72.88	-81.71
90.22	-73.50	-85.58
90.56	-74.03	-89.14
90.90	-74.41	-92.08
91.24	-74.63	-94.26
91.59	-74.68	-95.79
91.93	-74.62	-96.82
92.28	-74.47	-97.49
92.63	-74.26	-97.97
92.98	-74.02	-98.41
93.33	-73.79	-98.99
93.68	-73.60	-99.86
94.03	-73.47	-101.18
94.39	-73.45	-102.90
94.74	-73.56	-104.90
95.10	-73.82	-107.07
95.46	-74.27	-109.28
95.82	-74.93	-111.39
96.18	-75.83	-113.27
96.54	-77.00	-114.78
96.91	-78.46	-115.81
97.27	-80.17	-116.42
97.64	-81.98	-116.84
98.01	-83.78	-117.31
98.38	-85.43	-118.06
98.75	-86.81	-119.33
99.12	-87.77	-121.38
99.50	-88.17	-124.45
99.87	-87.89	-128.76
100.25	-86.98	-134.02
100.63	-85.57	-139.61
101.01	-83.81	-144.92
101.39	-81.85	-149.32
101.77	-79.85	-152.16
102.16	-77.97	-152.77
102.54	-76.37	-150.47
102.93	-75.17	-144.87
103.32	-74.37	-136.69
103.71	-73.92	-126.97
104.10	-73.76	-116.78
104.49	-73.85	-107.19
104.88	-74.13	-99.32
105.28	-74.55	-94.30
105.68	-75.06	-93.24
106.08	-75.61	-96.21
106.48	-76.18	-102.27
106.88	-76.73	-110.45
107.28	-77.25	-119.72
107.69	-77.69	-129.06
108.09	-78.03	-137.40
108.50	-78.23	-143.66
108.91	-78.28	-147.22
109.32	-78.20	-148.39
109.73	-78.02	-147.60
110.15	-77.74	-145.27
110.56	-77.40	-141.86
110.98	-77.02	-137.82
111.40	-76.63	-133.61
111.82	-76.24	-129.63
112.24	-75.84	-126.15
112.67	-75.42	-123.37
113.09	-74.97	-121.53
113.52	-74.49	-120.86
113.95	-73.96	-121.61
114.38	-73.37	-124.03
114.81	-72.72	-128.10
115.24	-72.07	-133.38
115.68	-71.47	-139.36
116.11	-70.98	-145.52
116.55	-70.64	-151.33
116.99	-70.51	-156.23
117.43	-70.65	-159.70
117.87	-71.05	-161.78
118.32	-71.63	-163.02
118.77	-72.32	-163.98
119.21	-73.03	-165.25
119.66	-73.70	-167.44
120.12	-74.24	-171.15
120.57	-74.59	-176.83
121.02	-74.75	175.87
121.48	-74.75	167.49
121.94	-74.63	158.59
122.40	-74.42	149.74
122.86	-74.15	141.53
123.32	-73.84	134.53
123.79	-73.51	129.19
124.26	-73.17	125.82
124.73	-72.82	124.73
125.20	-72.45	126.26
125.67	-72.08	130.73
126.14	-71.69	138.47
126.62	-71.32	149.11
127.10	-70.98	161.26
127.58	-70.73	173.37
128.06	-70.59	-176.10
128.54	-70.62	-168.75
129.03	-70.84	-166.20
129.51	-71.27	-169.02
130.00	-71.85	-175.62
130.49	-72.50	175.88
130.98	-73.14	167.40
131.48	-73.71	160.90
131.98	-74.13	158.36
132.47	-74.36	160.47
132.97	-74.49	165.48
133.48	-74.58	171.33
133.98	-74.71	175.92
134.48	-74.98	177.12
134.99	-75.46	172.77
135.50	-76.18	162.19
136.01	-77.09	146.38
136.53	-78.15	126.50
137.04	-79.31	103.70
137.56	-80.52	79.19
138.08	-81.73	54.22
138.60	-82.79	30.38
139.12	-83.52	9.48
139.65	-83.74	-6.66
140.17	-83.26	-16.15
140.70	-81.87	-17.07
141.23	-79.53	-8.44
141.77	-76.63	8.14
142.30	-73.58	30.61
142.84	-70.86	56.89
143.38	-68.91	84.83
143.92	-68.18	112.28
144.46	-68.60	137.55
145.01	-69.80	159.25
145.55	-71.39	175.96
146.10	-72.97	-173.76
146.65	-74.14	-171.39
147.21	-74.69	-176.92
147.76	-74.76	172.09
148.32	-74.50	158.40
148.88	-74.10	144.82
149.44	-73.72	134.24
150.01	-73.56	128.50
150.57	-73.87	125.71
151.14	-74.92	123.14
151.71	-76.96	117.97
152.28	-80.27	107.32
152.86	-85.00	88.98
153.43	-90.47	64.70
154.01	-95.74	37.63
154.59	-99.84	11.04
155.18	-101.77	-11.77
155.76	-100.72	-27.99
156.35	-97.25	-38.59
156.94	-92.52	-46.15
157.53	-87.67	-53.31
158.13	-83.92	-62.75
158.72	-82.26	-76.72
159.32	-82.42	-94.58
159.93	-83.62	-114.55
160.53	-85.10	-134.86
161.13	-86.06	-153.65
161.74	-85.90	-169.35
162.35	-84.93	178.47
162.97	-83.69	169.97
163.58	-82.73	165.29
164.20	-82.61	164.59
164.82	-83.57	167.68
165.44	-85.15	173.74
166.06	-86.82	-178.21
166.69	-88.01	-169.14
167.32	-88.16	-160.06
167.95	-87.20	-152.07
168.58	-85.54	-146.37
169.22	-83.59	-144.17
169.86	-81.80	-146.75
170.50	-80.53	-154.89
171.14	-79.67	-166.88
171.79	-78.97	179.95
172.44	-78.16	168.30
173.09	-76.97	160.88
173.74	-75.37	158.11
174.40	-73.69	157.01
175.06	-72.27	154.26
175.72	-71.47	146.46
176.38	-71.58	131.21
177.04	-72.53	111.83
177.71	-74.09	93.64
178.38	-76.03	82.09
179.06	-78.12	82.51
179.73	-80.12	94.43
180.41	-81.78	111.61
181.09	-82.85	127.46
181.77	-83.07	135.25
182.46	-82.35	131.53
183.15	-81.03	120.68
183.84	-79.51	108.24
184.53	-78.22	99.90
185.23	-77.48	100.22
185.93	-77.25	107.96
186.63	-77.37	120.12
187.33	-77.65	133.64
188.04	-77.93	145.43
188.75	-78.07	152.94
189.46	-77.93	153.82
190.18	-77.40	145.69
190.90	-76.36	126.53
191.62	-75.13	99.72
192.34	-74.28	72.41
193.07	-74.41	51.95
193.79	-76.08	45.39
194.53	-78.95	52.44
195.26	-81.94	66.91
196.00	-83.94	82.34
196.74	-83.90	92.38
197.48	-81.92	94.93
198.22	-79.01	91.18
198.97	-76.24	82.44
199.72	-74.63	70.17
200.48	-74.45	57.31
201.23	-75.50	47.81
201.99	-77.55	45.72
202.75	-80.33	54.19
203.52	-83.32	69.11
204.29	-85.85	82.85
205.06	-87.27	87.65
205.83	-87.09	77.94
206.61	-85.79	58.70
207.39	-84.10	37.87
208.17	-82.78	23.58
208.96	-82.21	20.55
209.74	-82.01	25.82
210.54	-81.66	35.29
211.33	-80.64	44.89
212.13	-79.11	53.04
212.93	-77.85	60.74
213.73	-77.71	69.15
214.54	-79.33	78.82
215.35	-81.94	86.10
216.16	-84.10	85.52
216.98	-84.38	71.54
217.80	-82.27	44.23
218.62	-79.30	15.96
219.44	-77.30	0.93
220.27	-78.00	12.17
221.10	-81.46	44.96
221.94	-86.58	82.41
222.77	-92.23	107.04
223.61	-97.30	107.87
224.46	-100.76	92.02
225.30	-101.58	69.82
226.15	-98.88	51.28
227.01	-93.43	40.49
227.86	-87.12	37.61
228.72	-81.89	42.73
229.59	-78.97	53.39
230.45	-78.04	61.98
231.32	-78.63	60.11
232.20	-80.19	41.67
233.07	-81.85	15.58
233.95	-82.65	-3.31
234.84	-81.63	-0.54
235.72	-79.29	22.80
236.61	-77.51	50.44
237.50	-78.25	65.22
238.40	-82.15	58.18
239.30	-86.96	38.34
240.20	-89.99	17.20
241.11	-89.26	4.69
242.02	-85.97	2.62
242.93	-82.30	10.54
243.85	-80.21	27.22
244.77	-79.52	44.68
245.69	-78.91	51.24
246.62	-77.11	35.91
247.55	-74.77	4.33
248.48	-74.18	-23.50
249.42	-77.63	-27.21
250.36	-84.78	-4.13
251.31	-91.91	26.30
252.26	-95.10	43.01
253.21	-92.95	37.89
254.16	-88.35	24.33
255.12	-84.62	17.91
256.09	-83.62	26.15
257.05	-84.25	40.32
258.02	-85.01	49.62
259.00	-84.99	48.53
259.97	-84.50	43.32
260.95	-84.06	41.87
261.94	-83.86	47.44
262.93	-83.50	53.01
263.92	-82.48	50.08
264.92	-80.63	34.90
265.92	-78.46	13.31
266.92	-76.56	-7.70
267.93	-75.32	-24.49
268.94	-74.76	-39.19
269.95	-74.88	-54.40
270.97	-75.76	-69.11
271.99	-77.55	-77.63
273.02	-80.37	-74.35
274.05	-83.32	-62.43
275.08	-84.63	-53.14
276.12	-82.67	-57.50
277.16	-78.52	-78.56
278.21	-74.83	-114.64
279.26	-73.84	-163.35
280.31	-74.88	141.26
281.37	-76.26	86.47
282.43	-76.85	39.50
283.50	-77.17	7.26
284.57	-78.04	-3.53
285.64	-79.61	4.56
286.72	-81.02	15.26
287.80	-81.39	12.23
288.89	-80.77	-3.29
289.98	-79.83	-17.59
291.07	-79.16	-19.91
292.17	-78.67	-16.00
293.27	-78.04	-16.64
294.38	-77.21	-26.38
295.49	-76.55	-38.15
296.61	-76.47	-44.07
297.73	-77.02	-44.08
298.85	-78.04	-43.79
299.98	-79.33	-47.89
301.11	-80.64	-56.73
302.25	-81.71	-69.51
303.39	-82.22	-81.78
304.53	-81.78	-84.62
305.68	-80.22	-71.92
306.83	-78.79	-57.39
307.99	-79.25	-62.33
309.15	-81.87	-91.24
310.32	-84.42	-121.03
311.49	-84.78	-128.98
312.67	-83.76	-116.67
313.85	-83.41	-96.68
315.03	-84.64	-77.79
316.22	-86.26	-62.25
317.41	-87.09	-52.39
318.61	-87.03	-54.82
319.81	-86.42	-77.79
321.02	-86.07	-120.68
322.23	-87.35	-170.88
323.45	-90.84	143.60
324.67	-93.51	107.43
325.89	-91.51	82.87
327.12	-85.32	64.42
328.36	-79.15	39.87
329.60	-75.94	3.70
330.84	-75.15	-33.14
332.09	-75.72	-58.60
333.34	-76.53	-70.45
334.60	-76.45	-70.87
335.86	-75.81	-68.04
337.13	-76.47	-76.45
338.40	-79.10	-100.55
339.68	-81.25	-118.83
340.96	-80.53	-111.24
342.25	-78.08	-92.30
343.54	-76.28	-88.12
344.83	-75.92	-100.28
346.14	-76.50	-110.68
347.44	-77.35	-111.39
348.75	-77.55	-111.71
350.07	-76.56	-120.28
351.39	-74.97	-138.65
352.72	-73.78	-165.20
354.05	-74.84	172.31
355.38	-79.91	168.70
356.72	-85.90	-179.45
358.07	-86.68	-167.42
359.42	-81.86	-162.86
360.78	-77.32	-164.96
362.14	-76.33	-172.81
363.51	-77.27	174.06
364.88	-78.56	158.25
366.25	-79.80	147.84
367.64	-80.91	147.76
369.02	-82.21	147.77
370.42	-83.87	138.43
371.81	-84.85	133.69
373.22	-84.02	150.19
374.63	-82.45	167.79
376.04	-82.20	154.22
377.46	-85.48	115.83
378.88	-93.93	80.33
380.31	-101.59	75.37
381.75	-98.46	124.53
383.19	-88.28	-165.24
384.63	-84.35	-145.35
386.09	-86.74	-175.61
387.54	-85.12	160.80
389.00	-81.41	147.46
390.47	-87.50	104.08
391.95	-98.92	54.67
393.43	-97.79	74.84
394.91	-86.10	139.57
396.40	-81.99	144.21
397.90	-87.03	97.49
399.40	-89.87	92.06
400.90	-87.92	116.92
402.42	-84.84	93.85
403.94	-82.35	32.92
405.46	-80.99	-6.72
406.99	-81.62	-17.45
408.53	-84.59	-17.97
410.07	-86.11	-25.68
411.61	-82.28	-52.68
413.17	-76.83	-87.59
414.73	-74.34	-116.12
416.29	-74.01	-138.71
417.86	-74.45	-158.45
419.44	-75.78	-176.88
421.02	-77.54	166.34
422.61	-78.10	154.13
424.21	-77.40	142.89
425.81	-77.16	122.24
427.41	-77.27	93.83
429.03	-76.61	67.45
430.65	-77.52	45.58
432.27	-82.09	27.10
433.90	-84.73	10.13
435.54	-81.78	-7.87
437.18	-78.73	-30.36
438.83	-78.75	-59.71
440.49	-80.24	-96.13
442.15	-81.45	-132.02
443.82	-81.21	-156.79
445.49	-80.92	-176.32
447.18	-82.26	162.10
448.86	-84.78	145.84
450.56	-86.79	139.26
452.26	-85.76	137.68
453.96	-84.68	126.81
455.68	-88.29	94.87
457.40	-89.71	75.92
459.12	-84.20	85.84
460.85	-79.78	69.58
462.59	-81.00	4.96
464.34	-86.58	-86.83
466.09	-89.95	-171.47
467.85	-87.37	138.02
469.62	-87.53	116.76
471.39	-90.26	106.41
473.17	-86.22	83.82
474.95	-80.86	52.30
476.74	-81.79	22.69
478.54	-86.76	-2.24
480.35	-89.38	-17.69
482.16	-83.89	-20.63
483.98	-79.65	-30.18
485.81	-82.18	-51.22
487.64	-83.67	-58.11
489.48	-81.60	-62.98
491.33	-77.98	-88.77
493.18	-76.91	-122.47
495.04	-78.28	-144.41
496.91	-78.57	-146.42
498.79	-77.83	-172.33
500.67	-77.56	142.90
502.56	-79.23	150.33
504.45	-80.76	153.10
506.36	-81.70	95.49
508.27	-86.04	18.60
510.19	-87.52	-52.88
512.11	-81.94	-113.75
514.04	-80.12	-169.76
515.98	-80.17	144.09
517.93	-77.83	108.54
519.89	-82.58	64.26
521.85	-87.94	70.40
523.82	-84.31	152.69
525.79	-80.89	155.08
527.78	-79.72	98.17
529.77	-78.14	69.26
531.77	-76.81	37.34
533.78	-81.39	-11.62
535.79	-90.64	-30.81
537.81	-90.17	68.32
539.84	-87.87	137.03
541.88	-89.68	116.43
543.92	-87.49	154.59
545.98	-84.09	139.52
548.04	-81.99	66.37
550.10	-79.97	52.33
552.18	-77.28	23.37
554.26	-77.22	-8.57
556.35	-81.56	-10.92
558.45	-85.65	-38.71
560.56	-91.30	-3.67
562.68	-98.23	87.52
564.80	-100.17	104.98
566.93	-90.75	62.04
569.07	-79.89	3.57
571.22	-78.67	-36.21
573.37	-83.54	-51.43
575.54	-85.47	-78.88
577.71	-85.52	-130.12
579.89	-86.83	175.67
582.08	-83.20	137.72
584.27	-82.82	88.79
586.48	-84.06	50.51
588.69	-81.11	45.13
590.91	-82.08	10.37
593.14	-83.55	-21.32
595.38	-86.45	-26.76
597.63	-91.74	-11.06
599.88	-91.25	16.18
602.15	-87.27	-2.41
604.42	-86.79	-15.83
606.70	-87.60	17.47
608.99	-81.78	29.44
611.29	-80.94	-26.93
613.59	-82.10	-92.94
615.91	-79.11	-160.31
618.23	-73.18	109.73
620.57	-70.72	44.63
622.91	-74.61	-8.23
625.26	-77.86	21.46
627.62	-75.68	60.53
629.99	-71.39	4.64
632.36	-70.32	-24.03
634.75	-72.51	-39.97
637.15	-74.09	-51.78
639.55	-73.58	-65.85
641.96	-74.06	-83.98
644.39	-78.23	-106.20
646.82	-82.54	-154.55
649.26	-86.12	-95.44
651.71	-83.32	-26.59
654.17	-78.24	-40.00
656.64	-78.33	-75.53
659.11	-78.69	-97.19
661.60	-78.83	-119.31
664.10	-87.02	-75.51
666.60	-83.35	-55.88
669.12	-79.03	-95.42
671.64	-82.17	-102.90
674.18	-77.21	-76.10
676.72	-76.12	-113.24
679.28	-81.40	-112.12
681.84	-80.99	-113.03
684.41	-80.17	-120.30
687.00	-78.84	-128.14
689.59	-77.02	-146.94
692.19	-78.91	-170.14
694.80	-82.12	-168.66
697.42	-82.37	-143.05
700.06	-81.30	-141.75
702.70	-81.55	-136.03
705.35	-77.20	-131.77
708.01	-73.61	-161.87
710.68	-82.32	179.64
713.36	-84.82	-155.63
716.06	-81.51	-141.02
718.76	-81.65	-159.39
721.47	-80.87	176.01
724.19	-84.33	-173.99
726.93	-79.41	-117.39
729.67	-75.65	-153.30
732.42	-75.48	-176.70
735.19	-74.52	-170.71
737.96	-72.17	-171.63
740.75	-70.25	162.17
743.54	-69.46	134.62
746.35	-70.74	105.06
749.16	-72.07	85.15
751.99	-77.47	59.44
754.83	-81.89	100.62
757.68	-81.72	111.70
760.54	-80.42	103.88
763.41	-79.32	110.56
766.29	-78.91	100.27
769.18	-80.18	87.02
772.08	-81.20	133.09
774.99	-79.00	167.08
777.92	-73.99	126.67
780.85	-74.67	96.95
783.80	-74.66	57.64
786.76	-79.52	41.69
789.73	-78.19	59.50
792.71	-82.09	58.88
795.70	-79.66	125.37
798.70	-71.55	91.90
801.71	-71.45	53.77
804.74	-73.86	43.08
807.78	-79.84	54.15
810.83	-74.93	77.39
813.88	-73.42	32.38
816.96	-71.31	13.86
820.04	-71.97	-11.99
823.13	-80.11	-47.77
826.24	-88.41	84.87
829.36	-75.55	50.02
832.49	-73.87	21.22
835.63	-76.63	3.82
838.78	-75.79	32.64
841.95	-75.97	21.12
845.12	-71.61	20.62
848.31	-70.77	-9.45
851.51	-75.19	-19.41
854.73	-72.96	-21.63
857.95	-72.00	-25.15
861.19	-72.54	-36.44
864.44	-75.40	-53.06
867.70	-75.42	-20.17
870.98	-69.84	-31.55
874.26	-72.15	-58.43
877.56	-72.95	-73.77
880.87	-73.70	-85.02
884.20	-72.75	-93.45
887.53	-76.65	-89.66
890.88	-77.03	-79.73
894.25	-74.60	-103.16
897.62	-79.23	-83.40
901.01	-80.25	-79.83
904.41	-78.36	-74.87
907.82	-75.32	-90.58
911.25	-75.64	-129.31
914.68	-74.91	-123.37
918.14	-75.60	-112.31
921.60	-74.54	-96.49
925.08	-73.19	-116.87
928.57	-72.07	-128.47
932.07	-71.71	-137.38
935.59	-71.65	-161.68
939.12	-72.24	-167.04
942.67	-73.06	178.64
946.22	-73.72	-158.64
949.79	-72.66	-176.38
953.38	-74.37	-172.78
956.97	-73.51	175.69
960.59	-72.61	152.86
964.21	-72.51	153.04
967.85	-75.14	141.98
971.50	-76.17	118.92
975.17	-79.09	134.48
978.85	-75.57	150.53
982.54	-72.42	110.27
986.25	-74.31	112.41
989.97	-79.55	88.85
993.71	-75.16	86.23
997.46	-81.55	96.34
1001.22	-79.77	92.87
1005.00	-78.39	93.37
1008.79	-76.63	109.33
1012.60	-77.75	88.05
1016.42	-76.48	100.48
1020.25	-73.64	70.93
1024.10	-76.62	48.60
1027.97	-79.61	28.07
1031.85	-83.39	31.45
1035.74	-91.06	123.15
1039.65	-82.50	98.98
1043.57	-73.61	92.85
1047.51	-74.44	49.70
1051.46	-73.74	43.19
1055.43	-74.01	7.53
1059.41	-80.71	-26.96
1063.41	-82.90	41.16
1067.43	-78.03	22.08
1071.45	-75.60	8.01
1075.50	-80.21	10.08
1079.55	-84.12	-22.15
1083.63	-82.04	14.04
1087.72	-76.65	-4.16
1091.82	-75.61	-36.65
1095.94	-79.82	-4.95
1100.08	-79.31	-47.41
1104.23	-79.97	-4.80
1108.40	-76.18	-16.89
1112.58	-74.82	-42.09
1116.78	-76.16	-62.12
1120.99	-78.68	-74.73
1125.22	-80.93	-79.39
1129.47	-80.37	-50.92
1133.73	-83.11	-63.80
1138.01	-84.93	-67.47
1142.30	-78.85	-77.23
1146.61	-81.12	-109.42
1150.94	-83.96	-55.73
1155.28	-76.59	-54.35
1159.64	-74.66	-51.33
1164.02	-71.34	-95.72
1168.41	-71.93	-133.23
1172.82	-74.97	-135.20
1177.25	-74.21	-144.91
1181.69	-76.52	-176.89
1186.15	-78.39	-175.30
1190.62	-78.89	-167.53
1195.12	-81.69	-166.41
1199.63	-79.31	-147.89
1204.15	-78.89	-164.63
1208.70	-78.47	-132.31
1213.26	-73.39	174.85
1217.84	-76.23	140.22
1222.43	-75.82	135.53
1227.04	-79.60	140.18
1231.67	-81.35	150.69
1236.32	-77.68	117.47
1240.99	-82.56	86.12
1245.67	-81.02	154.19
1250.37	-76.13	134.66
1255.09	-74.05	123.30
1259.83	-74.07	97.70
1264.58	-75.64	67.52
1269.35	-77.26	55.66
1274.14	-76.46	70.60
1278.95	-79.35	57.36
1283.78	-77.85	50.26
1288.62	-77.69	32.66
1293.48	-79.23	-7.57
1298.36	-85.13	31.47
1303.26	-80.02	40.52
1308.18	-79.75	-3.77
1313.12	-81.68	-6.86
1318.07	-76.66	-16.01
1323.05	-77.88	-49.72
1328.04	-76.53	-69.23
1333.05	-79.44	-154.90
1338.08	-81.27	178.51
1343.13	-81.32	66.33
1348.20	-77.69	43.66
1353.29	-77.85	-20.41
1358.39	-80.98	-94.45
1363.52	-81.97	-154.99
1368.67	-86.91	-83.08
1373.83	-89.16	163.72
1379.01	-84.83	76.31
1384.22	-82.45	-13.54
1389.44	-86.13	-95.14
1394.68	-89.61	117.24
1399.95	-83.72	-39.36
1405.23	-86.32	-98.49
1410.53	-90.45	-10.77
1415.86	-91.25	-113.18
1421.20	-99.61	109.42
1426.56	-89.62	-155.03
1431.94	-85.21	116.71
1437.35	-85.11	-2.77
1442.77	-85.86	11.22
1448.22	-84.98	0.65
1453.68	-80.81	-29.72
1459.17	-80.44	-68.32
1464.67	-82.79	-41.40
1470.20	-80.40	-98.85
1475.75	-81.83	-70.43
1481.32	-79.13	-97.13
1486.91	-81.79	-124.04
1492.52	-82.68	-142.73
1498.15	-83.55	-112.54
1503.80	-82.96	-111.49
1509.48	-77.51	-151.46
1515.17	-78.46	-157.97
1520.89	-76.38	171.30
1526.63	-78.95	155.10
1532.39	-79.22	111.51
1538.17	-82.89	132.64
1543.98	-83.03	-149.31
1549.81	-78.95	176.00
1555.65	-77.15	145.16
1561.52	-78.47	164.54
1567.42	-74.16	141.80
1573.33	-77.72	109.39
1579.27	-79.42	94.60
1585.23	-79.48	111.03
1591.21	-76.41	69.14
1597.21	-80.38	91.64
1603.24	-76.65	84.96
1609.29	-74.31	49.63
1615.36	-76.27	38.04
1621.46	-84.48	46.09
1627.58	-79.89	52.15
1633.72	-76.68	38.97
1639.89	-74.36	16.82
1646.07	-75.40	-17.98
1652.29	-79.49	-25.74
1658.52	-80.37	-43.66
1664.78	-85.81	-43.10
1671.06	-78.70	4.99
1677.37	-81.26	-13.62
1683.70	-81.21	-14.74
1690.05	-77.20	-28.67
1696.43	-76.62	-25.75
1702.83	-76.02	-53.42
1709.26	-74.73	-60.28
1715.70	-76.85	-100.98
1722.18	-75.32	-71.26
1728.68	-74.94	-96.85
1735.20	-75.28	-124.31
1741.75	-76.55	-132.21
1748.32	-75.93	-143.94
1754.92	-75.77	-153.58
1761.54	-77.72	-165.75
1768.19	-79.14	-158.45
1774.86	-75.81	-157.44
1781.56	-74.45	-177.96
1788.28	-75.86	-179.11
1795.03	-74.17	169.75
1801.80	-72.56	156.09
1808.60	-72.19	136.58
1815.43	-73.62	109.64
1822.28	-74.56	118.80
1829.15	-71.21	105.56
1836.06	-74.66	77.56
1842.99	-74.60	77.53
1849.94	-76.45	56.05
1856.92	-74.58	67.41
1863.93	-77.37	50.85
1870.96	-74.47	56.91
1878.02	-72.54	53.98
1885.11	-71.30	14.86
1892.22	-75.85	6.08
1899.36	-74.34	16.42
1906.53	-71.31	-4.87
1913.72	-73.10	-36.42
1920.95	-73.21	-30.46
1928.19	-72.17	-47.57
1935.47	-71.71	-66.87
1942.77	-72.85	-103.88
1950.11	-77.19	-97.62
1957.46	-77.74	-71.18
1964.85	-72.82	-90.48
1972.27	-73.89	-126.28
1979.71	-77.76	-142.90
1987.18	-75.52	-138.23
1994.68	-75.04	-152.10
2002.20	-75.99	-149.26
2009.76	-74.09	-168.88
2017.34	-71.87	-168.97
2024.96	-70.20	149.13
2032.60	-73.72	108.82
2040.27	-75.19	109.85
2047.97	-74.59	96.61
2055.70	-77.02	88.18
2063.45	-79.11	53.51
2071.24	-88.62	86.25
2079.06	-77.71	124.64
2086.90	-80.12	96.58
2094.78	-75.91	78.75
2102.68	-75.23	53.56
2110.62	-74.89	47.44
2118.58	-77.15	7.57
2126.57	-78.63	-9.96
2134.60	-81.08	-29.12
2142.65	-80.04	6.42
2150.74	-78.62	11.66
2158.86	-77.51	-16.31
2167.00	-80.98	-17.90
2175.18	-78.26	-38.56
2183.39	-80.74	-62.89
2191.63	-80.42	-56.74
2199.90	-79.59	-86.24
2208.20	-81.79	-66.21
2216.53	-77.33	-88.15
2224.90	-76.86	-154.55
2233.29	-85.39	-179.29
2241.72	-82.41	-112.53
2250.18	-76.97	-176.42
2258.67	-82.41	133.19
2267.19	-83.57	-171.91
2275.75	-83.01	105.89
2284.34	-86.72	53.82
2292.96	-83.08	-105.36
2301.61	-81.96	145.75
2310.29	-80.14	130.83
2319.01	-81.48	96.32
2327.76	-87.69	73.16
2336.55	-83.24	79.53
2345.36	-84.29	57.13
2354.21	-90.21	56.62
2363.10	-88.36	84.76
2372.02	-86.86	147.34
2380.97	-87.80	73.08
2389.95	-88.92	128.52
2398.97	-82.30	121.83
2408.02	-87.12	67.50
2417.11	-81.09	53.67
2426.23	-88.46	27.84
2435.39	-81.44	-14.51
2444.58	-83.01	49.43
2453.80	-81.96	25.32
2463.06	-82.50	-12.43
2472.35	-81.93	12.81
2481.68	-79.27	-26.02
2491.05	-80.83	-36.47
2500.45	-80.38	-55.94
2509.88	-81.77	-61.43
2519.36	-80.82	-124.78
2528.86	-85.34	-90.45
2538.41	-79.39	-119.37
2547.98	-80.31	-151.21
2557.60	-83.15	-168.74
2567.25	-80.38	-172.86
2576.94	-81.91	-156.26
2586.66	-80.44	171.87
2596.42	-78.64	131.25
2606.22	-80.27	163.98
2616.06	-79.02	135.94
2625.93	-80.51	100.23
2635.84	-80.77	134.77
2645.78	-77.53	84.07
2655.77	-83.18	65.02
2665.79	-78.76	81.96
2675.85	-75.65	57.56
2685.95	-76.07	1.54
2696.08	-80.86	27.99
2706.26	-78.75	14.60
2716.47	-80.34	-1.67
2726.72	-80.08	2.58
2737.01	-74.92	-30.11
2747.34	-77.30	-52.18
2757.70	-77.21	-64.63
2768.11	-78.05	-93.48
2778.56	-77.93	-101.82
2789.04	-77.72	-142.04
2799.57	-82.11	-174.33
2810.13	-79.99	-134.58
2820.73	-78.39	170.70
2831.38	-79.86	146.28
2842.06	-79.42	148.66
2852.79	-80.18	121.69
2863.55	-83.42	109.82
2874.36	-82.14	101.31
2885.21	-82.47	118.59
2896.09	-78.67	70.30
2907.02	-81.51	47.65
2917.99	-84.72	47.40
2929.00	-79.11	81.86
2940.06	-82.43	1.05
2951.15	-85.61	142.34
2962.29	-80.44	34.47
2973.47	-79.12	6.44
2984.69	-78.75	-36.54
2995.95	-81.65	-76.46
3007.25	-84.87	1.02
3018.60	-80.50	-82.07
3029.99	-83.98	-120.21
3041.43	-90.93	-133.61
3052.90	-90.41	64.17
3064.42	-85.52	-112.12
3075.99	-84.87	-142.59
3087.60	-82.31	-134.05
3099.25	-78.42	163.52
3110.94	-82.02	137.62
3122.68	-79.04	95.48
3134.47	-84.05	100.77
3146.29	-82.25	73.87
3158.17	-83.44	-177.95
3170.08	-83.46	72.41
3182.05	-90.03	47.09
3194.05	-82.97	47.96
3206.11	-82.22	34.79
3218.21	-88.09	-12.57
3230.35	-86.12	50.87
3242.54	-86.11	20.06
3254.77	-86.16	9.01
3267.06	-83.94	6.74
3279.39	-85.97	-11.17
3291.76	-83.02	-72.83
3304.18	-88.45	-102.68
3316.65	-82.68	-89.94
3329.17	-85.05	-150.02
3341.73	-82.28	57.43
3354.34	-89.14	-87.64
3367.00	-86.53	-144.79
3379.70	-92.05	143.19
3392.46	-91.01	168.64
3405.26	-81.04	178.91
3418.11	-81.64	148.01
3431.01	-81.86	97.11
3443.95	-81.29	98.23
3456.95	-82.67	82.13
3469.99	-84.24	68.79
3483.09	-82.03	38.04
3496.23	-83.90	24.15
3509.43	-81.39	67.16
3522.67	-84.05	-1.88
3535.96	-86.37	-156.32
3549.31	-84.08	-15.84
3562.70	-84.19	5.53
3576.14	-81.28	-40.53
3589.64	-84.23	-95.69
3603.18	-82.19	-103.97
3616.78	-81.64	-112.32
3630.43	-80.98	-164.40
3644.13	-83.05	140.89
3657.88	-83.09	149.48
3671.68	-81.59	176.51
3685.54	-81.60	94.63
3699.45	-85.11	61.77
3713.41	-82.28	129.88
3727.42	-79.01	72.81
3741.49	-81.52	39.68
3755.60	-80.97	28.17
3769.78	-80.28	15.61
3784.00	-83.55	-3.80
3798.28	-83.99	-41.13
3812.61	-81.14	-47.71
3827.00	-81.41	-75.13
3841.44	-82.73	-111.12
3855.94	-82.33	-164.46
3870.49	-84.44	142.69
3885.09	-88.19	-150.05
3899.75	-83.48	-148.07
3914.47	-81.99	-79.96
3929.24	-82.83	145.25
3944.07	-80.05	72.88
3958.95	-85.38	55.19
3973.89	-84.68	111.44
3988.89	-83.50	46.04
4003.94	-86.04	11.22
4019.05	-83.17	31.31
4034.22	-83.66	-27.47
4049.44	-86.60	-42.20
4064.72	-86.60	-101.31
4080.06	-84.90	-95.71
4095.46	-91.23	54.07
4110.91	-87.22	-5.06
4126.42	-85.72	-46.19
4141.99	-89.97	-134.06
4157.62	-85.34	100.15
4173.31	-82.32	117.06
4189.06	-86.98	-19.03
4204.87	-83.63	95.82
4220.74	-84.32	-99.38
4236.66	-88.89	164.34
4252.65	-87.80	153.88
4268.70	-86.02	96.82
4284.81	-80.57	85.94
4300.98	-83.87	-11.62
4317.21	-81.96	-7.57
4333.50	-88.11	-72.62
4349.85	-86.64	61.60
4366.26	-83.43	-37.05
4382.74	-86.19	65.05
4399.28	-86.12	-161.30
4415.88	-81.43	-174.05
4432.54	-87.86	-33.03
4449.27	-84.36	153.85
4466.06	-85.58	148.17
4482.91	-82.36	54.49
4499.83	-80.86	135.76
4516.81	-81.81	4.22
4533.85	-83.30	47.01
4550.96	-89.80	-23.16
4568.14	-82.88	-124.33
4585.37	-80.18	92.72
4602.68	-78.92	-29.38
4620.05	-82.16	-122.58
4637.48	-81.26	169.94
4654.98	-87.79	101.78
4672.55	-84.53	-64.31
4690.18	-82.73	65.16
4707.88	-85.37	37.65
4725.64	-80.94	23.32
4743.48	-83.43	-32.45
4761.38	-79.77	-137.65
4779.34	-84.31	161.06
4797.38	-83.39	99.24
4815.48	-86.46	17.29
4833.65	-85.46	-142.34
4851.89	-83.81	-10.27
4870.20	-81.61	132.19
4888.58	-78.30	-13.37
4907.03	-86.08	-59.21
4925.54	-85.60	72.61
4944.13	-85.29	65.68
4962.79	-83.66	51.81
4981.52	-84.85	-12.66
5000.31	-84.94	-172.87
5019.18	-82.90	20.67
5038.12	-82.60	-79.80
5057.14	-86.03	86.27
5076.22	-79.56	-107.88
5095.37	-77.30	100.53
5114.60	-81.19	-57.56
5133.90	-82.61	-11.32
5153.27	-87.25	-60.64
5172.72	-85.78	78.57
5192.24	-86.22	-69.15
5211.83	-84.44	-109.39
5231.50	-85.99	75.98
5251.24	-82.58	159.58
5271.06	-82.37	83.59
5290.95	-79.78	91.41
5310.91	-77.60	38.68
5330.96	-84.97	-169.98
5351.07	-80.20	-26.76
5371.27	-82.78	-137.15
5391.53	-83.84	-83.51
5411.88	-81.40	178.36
5432.30	-83.50	125.11
5452.80	-83.40	116.10
5473.38	-78.69	75.29
5494.03	-83.59	-8.36
5514.76	-82.46	64.43
5535.57	-87.75	37.46
5556.46	-85.09	14.86
5577.43	-82.56	-106.44
5598.48	-86.65	-2.09
5619.60	-85.85	105.94
5640.81	-82.95	-35.02
5662.10	-81.23	129.61
5683.46	-86.22	119.77
5704.91	-81.33	153.33
5726.44	-81.78	92.72
5748.05	-82.49	59.09
5769.74	-82.12	36.03
5791.51	-82.79	-111.96
5813.36	-84.21	15.64
5835.30	-79.94	-74.61
5857.32	-87.09	140.06
5879.42	-86.52	-76.83
5901.61	-83.90	142.63
5923.88	-83.28	-169.98
5946.23	-84.00	30.42
5968.67	-81.09	106.37
5991.20	-85.78	-138.81
6013.80	-85.24	-141.27
6036.50	-86.50	-94.08
6059.28	-83.48	111.83
6082.14	-83.16	-34.95
6105.09	-80.75	66.76
6128.13	-83.82	0.24
6151.26	-86.82	31.68
6174.47	-83.95	-87.07
6197.77	-86.69	165.83
6221.16	-80.61	-97.31
6244.63	-81.99	113.41
6268.20	-85.74	115.43
6291.85	-80.54	101.80
6315.59	-81.27	66.73
6339.42	-83.21	28.15
6363.35	-83.34	50.35
6387.36	-81.02	-153.36
6411.46	-80.75	-1.13
6435.66	-81.16	-81.99
6459.94	-82.82	-22.38
6484.32	-80.02	-167.69
6508.79	-82.69	154.32
6533.35	-76.99	128.15
6558.00	-79.45	101.99
6582.75	-77.92	61.85
6607.59	-78.01	27.54
6632.53	-76.83	-5.51
6657.55	-79.78	-112.53
6682.68	-80.41	-64.69
6707.90	-79.95	-36.13
6733.21	-80.24	-171.79
6758.62	-84.76	164.43
6784.12	-79.22	158.90
6809.72	-76.77	101.53
6835.42	-77.42	44.25
6861.21	-79.76	25.09
6887.10	-82.67	1.63
6913.09	-80.23	83.37
6939.18	-79.77	-78.08
6965.36	-81.06	-57.63
6991.65	-80.30	-172.50
7018.03	-84.35	119.35
7044.51	-78.57	128.22
7071.10	-76.40	165.67
7097.78	-78.35	78.12
7124.56	-74.65	71.95
7151.45	-78.19	19.24
7178.44	-77.72	21.50
7205.52	-74.40	-18.57
7232.71	-72.07	-87.01
7260.01	-72.42	-141.36
7287.40	-74.66	-179.75
7314.90	-68.92	149.64
7342.51	-69.99	80.63
7370.21	-71.08	37.98
7398.03	-71.08	11.17
7425.94	-71.45	-37.95
7453.97	-71.18	-110.25
7482.09	-74.13	104.78
7510.33	-72.30	-171.67
7538.67	-76.58	126.31
7567.12	-73.54	100.43
7595.67	-74.55	-13.49
7624.33	-72.42	3.69
7653.10	-75.60	1.33
7681.98	-73.38	-84.27
7710.97	-76.13	-106.26
7740.07	-79.41	-163.07
7769.28	-78.35	150.05
7798.60	-75.18	174.88
7828.02	-79.99	76.79
7857.56	-77.32	42.43
7887.21	-81.22	23.25
7916.98	-80.53	-28.95
7946.85	-90.88	133.25
7976.84	-81.92	-142.08
8006.94	-80.32	-109.73
8037.16	-80.57	-128.75
8067.49	-84.75	-143.65
8097.93	-86.77	178.07
8128.49	-81.78	110.49
8159.16	-84.19	-54.63
8189.95	-80.64	67.80
8220.86	-82.12	-71.54
8251.88	-83.09	-14.49
8283.02	-82.10	5.80
8314.27	-81.00	126.31
8345.65	-80.51	-72.12
8377.14	-82.81	164.84
8408.75	-79.07	151.71
8440.48	-77.05	81.62
8472.33	-78.33	57.71
8504.30	-77.48	-12.48
8536.40	-77.92	-46.37
8568.61	-80.16	-112.43
8600.94	-78.00	179.87
8633.40	-79.23	112.18
8665.98	-81.44	79.45
8698.68	-82.02	47.48
8731.51	-82.86	27.84
8764.46	-84.93	-161.98
8797.53	-82.26	18.91
8830.73	-83.91	-52.82
8864.05	-84.50	-106.71
8897.50	-78.58	-172.90
8931.07	-83.56	-129.12
8964.78	-79.57	84.37
8998.61	-81.22	-128.24
9032.56	-78.94	74.75
9066.65	-75.67	26.20
9100.86	-75.02	-54.15
9135.20	-75.85	-111.95
9169.68	-72.74	-165.45
9204.28	-74.19	121.54
9239.01	-71.85	78.01
9273.88	-73.87	19.79
9308.87	-74.35	-35.08
9344.00	-77.01	-87.99
9379.26	-76.46	-150.54
9414.65	-76.17	158.11
9450.18	-76.43	107.01
9485.84	-76.49	56.20
9521.64	-78.42	24.70
9557.57	-78.30	-22.72
9593.64	-82.25	-70.11
9629.84	-81.99	171.87
9666.18	-85.98	124.14
9702.65	-82.66	125.63
9739.27	-81.57	59.68
9776.02	-80.59	54.27
9812.91	-78.99	36.08
9849.94	-81.48	-39.51
9887.11	-84.16	-78.89
9924.42	-84.25	-159.25
9961.87	-80.41	144.84
9999.46	-82.46	101.74
10037.19	-80.17	79.02
10075.07	-81.75	23.95
10113.09	-84.76	-101.60
10151.25	-86.31	-18.63
10189.55	-84.57	-117.02
10228.01	-87.71	131.43
10266.60	-84.01	135.90
10305.34	-80.70	91.00
10344.23	-79.85	59.84
10383.27	-78.96	0.69
10422.45	-82.22	-43.95
10461.78	-84.97	-161.22
10501.26	-85.00	149.49
10540.88	-79.54	116.34
10580.66	-81.55	67.48
10620.59	-80.98	27.64
10660.66	-80.94	-9.96
10700.89	-85.94	107.38
10741.27	-83.85	-156.73
10781.81	-78.15	145.92
10822.49	-78.35	82.12
10863.33	-81.89	39.71
10904.33	-80.96	12.18
10945.47	-85.23	-12.97
10986.78	-85.76	174.09
11028.24	-81.27	-171.58
11069.85	-80.22	115.07
11111.63	-80.70	67.41
11153.56	-82.11	19.83
11195.64	-82.29	-30.65
11237.89	-82.55	-41.97
11280.30	-84.80	-159.66
11322.87	-79.38	139.17
11365.59	-79.03	77.50
11408.48	-79.16	22.34
11451.53	-80.00	-92.70
11494.75	-86.38	-102.63
11538.12	-84.01	122.92
11581.66	-81.96	64.12
11625.37	-83.78	3.79
11669.24	-82.74	38.45
11713.27	-85.78	17.15
11757.47	-88.75	18.35
11801.84	-88.55	139.22
11846.37	-85.18	-104.13
11891.08	-82.90	88.22
11935.95	-83.96	66.84
11980.99	-83.66	24.42
12026.20	-84.71	-10.41
12071.58	-86.59	-69.70
12117.14	-84.73	21.91
12162.86	-81.94	92.57
12208.76	-82.51	-165.98
12254.83	-83.99	14.94
12301.07	-89.19	142.90
12347.49	-87.87	14.73
12394.08	-85.68	120.21
12440.85	-83.01	77.78
12487.80	-82.90	48.73
12534.92	-84.82	-15.38
12582.23	-88.30	130.73
12629.71	-88.29	133.11
12677.37	-84.06	-74.41
12725.20	-84.99	59.12
12773.22	-85.74	46.59
12821.42	-84.39	35.99
12869.81	-85.94	169.77
12918.37	-87.07	135.63
12967.12	-83.92	112.71
13016.05	-82.96	70.97
13065.17	-83.09	33.81
13114.47	-85.16	-10.37
13163.96	-86.03	-112.97
13213.64	-82.65	112.43
13263.50	-82.12	65.47
13313.55	-85.80	47.38
13363.79	-85.55	-0.67
13414.22	-88.40	170.26
13464.84	-85.73	-126.18
13515.65	-84.99	69.08
13566.65	-85.41	61.34
13617.84	-85.72	38.96
13669.23	-85.48	26.60
13720.81	-85.53	-131.83
13772.59	-84.15	148.11
13824.56	-83.62	65.25
13876.73	-83.77	35.66
13929.09	-86.64	164.53
13981.66	-88.09	49.75
14034.42	-85.32	-131.48
14087.38	-82.18	69.46
14140.54	-80.60	49.02
14193.90	-85.34	40.80
14247.46	-88.27	118.18
14301.22	-84.39	128.23
14355.19	-80.43	75.90
14409.36	-81.02	19.70
14463.73	-84.81	18.86
14518.31	-84.76	142.35
14573.10	-83.19	91.74
14628.09	-82.93	44.60
14683.29	-85.93	20.93
14738.70	-87.69	37.81
14794.32	-86.75	132.22
14850.15	-85.91	86.76
14906.18	-82.79	72.79
14962.43	-82.60	36.60
15018.90	-84.95	-55.51
15075.57	-82.89	154.95
15132.46	-80.47	88.07
15189.56	-81.31	22.03
15246.88	-85.54	-33.04
15304.42	-87.16	150.58
15362.17	-82.78	85.71
15420.14	-82.88	38.92
15478.33	-86.84	5.51
15536.74	-86.13	87.30
15595.37	-87.16	62.71
15654.22	-86.63	80.45
15713.29	-83.86	68.95
15772.58	-85.99	37.37
15832.10	-87.75	-122.23
15891.85	-87.63	114.28
15951.81	-83.26	88.15
16012.01	-83.15	39.48
16072.43	-87.65	-132.07
16133.08	-86.53	119.24
16193.96	-83.32	86.55
16255.07	-83.03	37.43
16316.41	-88.91	23.87
16377.98	-88.14	60.29
16439.79	-85.07	74.13
16501.82	-84.32	62.14
16564.09	-86.66	24.81
16626.60	-85.66	47.33
16689.34	-87.17	67.88
16752.32	-84.06	70.71
16815.54	-83.86	56.50
16878.99	-85.73	18.19
16942.69	-87.86	-66.43
17006.62	-84.18	82.44
17070.79	-83.29	36.65
17135.21	-88.33	-98.68
17199.87	-87.17	35.73
17264.78	-83.94	75.49
17329.93	-83.80	33.68
17395.32	-86.64	52.92
17460.97	-85.94	66.55
17526.86	-86.31	73.45
17593.00	-83.90	70.50
17659.38	-84.43	25.30
17726.02	-88.04	113.29
17792.91	-84.80	78.75
17860.06	-83.99	52.60
17927.45	-87.28	38.93
17995.10	-88.77	-122.68
18063.01	-83.31	76.06
18131.17	-85.13	33.44
18199.59	-86.46	-117.86
18268.27	-87.05	69.39
18337.21	-84.87	61.73
18406.40	-88.00	68.07
18475.86	-84.29	52.02
18545.58	-87.92	13.27
18615.56	-85.06	98.47
18685.81	-83.97	50.44
18756.32	-86.78	-6.14
18827.10	-87.53	72.94
18898.15	-83.20	77.30
18969.46	-84.40	38.68
19041.04	-88.50	56.48
19112.90	-86.91	107.07
19185.02	-84.72	66.75
19257.42	-85.49	67.46
19330.09	-87.51	31.89
19403.03	-86.80	26.57
19476.25	-83.46	67.96
19549.74	-85.67	21.98
19623.51	-87.25	76.91
19697.56	-84.00	68.59
19771.89	-84.31	47.57
19846.51	-88.86	76.78
19921.40	-44.38	162.90
19996.57	-84.20	61.86
20072.03	-84.55	24.82
20147.78	-89.45	59.88
20223.80	-83.49	85.21
20300.12	-83.65	45.50
20376.72	-86.36	135.68
20453.62	-85.75	91.02
20530.80	-83.33	54.79
20608.28	-85.56	25.97
20686.04	-88.05	174.97
20764.10	-83.82	71.07
20842.46	-85.20	33.58
20921.11	-88.35	86.65
21000.06	-84.26	77.32
21079.30	-85.00	45.14
21158.85	-87.41	55.11
21238.69	-87.58	-14.23
21318.84	-83.04	58.45
21399.29	-85.55	29.26
21480.04	-86.42	80.08
21561.09	-84.06	64.91
21642.46	-85.02	46.30
21724.12	-86.90	55.39
21806.10	-85.34	66.91
21888.39	-84.41	49.33
21970.99	-87.13	57.53
22053.89	-86.25	64.03
22137.12	-85.48	40.18
22220.65	-85.17	58.29
22304.50	-85.97	55.14
