Freq[Hz]	[dBV]	Phase[Deg]
10.00	-57.11	-134.20
10.04	-57.18	-131.99
10.08	-57.24	-129.74
10.11	-57.31	-127.43
10.15	-57.37	-125.09
10.19	-57.43	-122.70
10.23	-57.49	-120.27
10.27	-57.55	-117.80
10.31	-57.61	-115.29
10.34	-57.67	-112.75
10.38	-57.73	-110.17
10.42	-57.78	-107.55
10.46	-57.84	-104.90
10.50	-57.89	-102.23
10.54	-57.95	-99.52
10.58	-58.00	-96.79
10.62	-58.05	-94.03
10.66	-58.10	-91.25
10.70	-58.15	-88.44
10.74	-58.20	-85.62
10.78	-58.24	-82.78
10.82	-58.29	-79.93
10.86	-58.34	-77.06
10.90	-58.38	-74.18
10.95	-58.42	-71.29
10.99	-58.47	-68.40
11.03	-58.51	-65.50
11.07	-58.55	-62.60
11.11	-58.59	-59.70
11.15	-58.62	-56.80
11.20	-58.66	-53.91
11.24	-58.70	-51.03
11.28	-58.73	-48.16
11.32	-58.76	-45.30
11.37	-58.80	-42.45
11.41	-58.83	-39.63
11.45	-58.86	-36.83
11.50	-58.89	-34.05
11.54	-58.91	-31.31
11.58	-58.94	-28.59
11.63	-58.96	-25.90
11.67	-58.99	-23.26
11.71	-59.01	-20.65
11.76	-59.03	-18.09
11.80	-59.06	-15.57
11.85	-59.07	-13.10
11.89	-59.09	-10.67
11.94	-59.11	-8.28
11.98	-59.13	-5.94
12.03	-59.14	-3.64
12.07	-59.16	-1.38
12.12	-59.17	0.83
12.16	-59.18	3.00
12.21	-59.19	5.13
12.26	-59.21	7.22
12.30	-59.21	9.26
12.35	-59.22	11.27
12.39	-59.23	13.23
12.44	-59.24	15.15
12.49	-59.25	17.04
12.54	-59.25	18.88
12.58	-59.26	20.68
12.63	-59.26	22.45
12.68	-59.27	24.17
12.73	-59.27	25.86
12.77	-59.27	27.51
12.82	-59.27	29.12
12.87	-59.28	30.70
12.92	-59.28	32.24
12.97	-59.28	33.74
13.02	-59.28	35.21
13.07	-59.28	36.64
13.12	-59.28	38.04
13.16	-59.28	39.40
13.21	-59.28	40.73
13.26	-59.28	42.03
13.31	-59.28	43.30
13.36	-59.28	44.54
13.41	-59.28	45.74
13.47	-59.28	46.92
13.52	-59.28	48.07
13.57	-59.28	49.19
13.62	-59.28	50.28
13.67	-59.28	51.35
13.72	-59.28	52.39
13.77	-59.28	53.40
13.83	-59.28	54.39
13.88	-59.28	55.36
13.93	-59.28	56.30
13.98	-59.29	57.23
14.04	-59.29	58.13
14.09	-59.30	59.02
14.14	-59.30	59.88
14.19	-59.31	60.73
14.25	-59.32	61.56
14.30	-59.33	62.38
14.36	-59.34	63.18
14.41	-59.35	63.98
14.46	-59.36	64.75
14.52	-59.37	65.52
14.57	-59.39	66.28
14.63	-59.41	67.03
14.68	-59.42	67.78
14.74	-59.44	68.52
14.80	-59.47	69.25
14.85	-59.49	69.98
14.91	-59.51	70.71
14.96	-59.54	71.43
15.02	-59.57	72.16
15.08	-59.60	72.88
15.13	-59.63	73.60
15.19	-59.67	74.33
15.25	-59.70	75.05
15.31	-59.74	75.78
15.36	-59.78	76.51
15.42	-59.82	77.25
15.48	-59.86	77.99
15.54	-59.90	78.75
15.60	-59.95	79.50
15.66	-59.99	80.27
15.71	-60.04	81.05
15.77	-60.09	81.84
15.83	-60.14	82.65
15.89	-60.19	83.46
15.95	-60.25	84.30
16.01	-60.31	85.15
16.07	-60.36	86.01
16.13	-60.42	86.90
16.19	-60.48	87.80
16.26	-60.55	88.73
16.32	-60.61	89.68
16.38	-60.68	90.66
16.44	-60.74	91.66
16.50	-60.81	92.69
16.56	-60.88	93.75
16.63	-60.96	94.83
16.69	-61.03	95.95
16.75	-61.11	97.11
16.82	-61.18	98.30
16.88	-61.26	99.52
16.94	-61.34	100.79
17.01	-61.42	102.09
17.07	-61.50	103.44
17.14	-61.59	104.83
17.20	-61.67	106.26
17.27	-61.76	107.75
17.33	-61.85	109.28
17.40	-61.94	110.86
17.46	-62.03	112.50
17.53	-62.12	114.19
17.59	-62.22	115.94
17.66	-62.31	117.75
17.73	-62.41	119.61
17.79	-62.51	121.53
17.86	-62.61	123.50
17.93	-62.71	125.53
18.00	-62.81	127.60
18.06	-62.92	129.71
18.13	-63.02	131.87
18.20	-63.13	134.07
18.27	-63.24	136.31
18.34	-63.35	138.58
18.41	-63.46	140.89
18.48	-63.58	143.23
18.55	-63.69	145.60
18.62	-63.81	147.99
18.69	-63.93	150.41
18.76	-64.05	152.85
18.83	-64.18	155.30
18.90	-64.31	157.77
18.97	-64.43	160.25
19.04	-64.56	162.73
19.11	-64.70	165.23
19.19	-64.83	167.72
19.26	-64.97	170.21
19.33	-65.11	172.69
19.40	-65.25	175.17
19.48	-65.39	177.64
19.55	-65.54	-179.92
19.62	-65.69	-177.49
19.70	-65.84	-175.09
19.77	-66.00	-172.71
19.85	-66.15	-170.37
19.92	-66.31	-168.06
20.00	-66.47	-165.79
20.07	-66.64	-163.56
20.15	-66.81	-161.39
20.22	-66.98	-159.27
20.30	-67.15	-157.20
20.38	-67.33	-155.20
20.45	-67.51	-153.26
20.53	-67.70	-151.40
20.61	-67.88	-149.61
20.69	-68.07	-147.89
20.77	-68.26	-146.24
20.84	-68.46	-144.66
20.92	-68.65	-143.14
21.00	-68.85	-141.68
21.08	-69.05	-140.28
21.16	-69.25	-138.93
21.24	-69.45	-137.63
21.32	-69.65	-136.38
21.40	-69.85	-135.18
21.48	-70.05	-134.01
21.56	-70.25	-132.89
21.64	-70.45	-131.80
21.73	-70.64	-130.73
21.81	-70.83	-129.70
21.89	-71.02	-128.68
21.97	-71.21	-127.69
22.06	-71.39	-126.71
22.14	-71.57	-125.74
22.22	-71.74	-124.78
22.31	-71.91	-123.81
22.39	-72.07	-122.85
22.47	-72.23	-121.88
22.56	-72.38	-120.89
22.64	-72.53	-119.89
22.73	-72.66	-118.87
22.82	-72.79	-117.82
22.90	-72.91	-116.74
22.99	-73.02	-115.63
23.07	-73.12	-114.47
23.16	-73.20	-113.26
23.25	-73.28	-112.00
23.34	-73.35	-110.68
23.43	-73.40	-109.30
23.51	-73.44	-107.85
23.60	-73.47	-106.33
23.69	-73.49	-104.74
23.78	-73.49	-103.10
23.87	-73.48	-101.40
23.96	-73.47	-99.64
24.05	-73.44	-97.84
24.14	-73.41	-95.99
24.23	-73.37	-94.10
24.32	-73.32	-92.17
24.42	-73.27	-90.21
24.51	-73.21	-88.23
24.60	-73.14	-86.22
24.69	-73.07	-84.19
24.79	-73.00	-82.15
24.88	-72.93	-80.10
24.97	-72.86	-78.05
25.07	-72.78	-76.00
25.16	-72.71	-73.96
25.26	-72.64	-71.93
25.35	-72.57	-69.92
25.45	-72.51	-67.93
25.54	-72.45	-65.97
25.64	-72.39	-64.05
25.74	-72.35	-62.17
25.84	-72.31	-60.34
25.93	-72.28	-58.56
26.03	-72.26	-56.85
26.13	-72.25	-55.20
26.23	-72.26	-53.62
26.33	-72.28	-52.13
26.43	-72.31	-50.72
26.53	-72.36	-49.40
26.63	-72.43	-48.16
26.73	-72.50	-46.99
26.83	-72.59	-45.88
26.93	-72.69	-44.82
27.03	-72.80	-43.81
27.13	-72.92	-42.83
27.23	-73.05	-41.88
27.34	-73.18	-40.94
27.44	-73.32	-40.01
27.54	-73.46	-39.08
27.65	-73.60	-38.14
27.75	-73.75	-37.17
27.86	-73.90	-36.16
27.96	-74.04	-35.11
28.07	-74.18	-34.01
28.17	-74.32	-32.84
28.28	-74.45	-31.59
28.39	-74.57	-30.24
28.49	-74.69	-28.80
28.60	-74.79	-27.24
28.71	-74.89	-25.55
28.82	-74.97	-23.72
28.93	-75.03	-21.74
29.03	-75.08	-19.59
29.14	-75.11	-17.26
29.25	-75.11	-14.73
29.36	-75.10	-12.00
29.48	-75.06	-9.05
29.59	-75.01	-5.90
29.70	-74.93	-2.56
29.81	-74.84	0.96
29.92	-74.73	4.66
30.04	-74.60	8.52
30.15	-74.46	12.55
30.26	-74.31	16.72
30.38	-74.15	21.03
30.49	-73.97	25.46
30.61	-73.80	30.02
30.72	-73.61	34.68
30.84	-73.42	39.44
30.95	-73.23	44.28
31.07	-73.04	49.19
31.19	-72.86	54.17
31.31	-72.67	59.20
31.42	-72.49	64.26
31.54	-72.32	69.35
31.66	-72.16	74.45
31.78	-72.01	79.55
31.90	-71.87	84.64
32.02	-71.75	89.70
32.14	-71.65	94.72
32.26	-71.57	99.68
32.39	-71.51	104.58
32.51	-71.47	109.40
32.63	-71.45	114.14
32.75	-71.44	118.80
32.88	-71.45	123.35
33.00	-71.47	127.81
33.13	-71.51	132.16
33.25	-71.55	136.39
33.38	-71.59	140.50
33.50	-71.64	144.47
33.63	-71.70	148.31
33.76	-71.75	152.00
33.88	-71.80	155.53
34.01	-71.85	158.90
34.14	-71.89	162.10
34.27	-71.92	165.12
34.40	-71.93	167.95
34.53	-71.94	170.58
34.66	-71.92	173.00
34.79	-71.89	175.20
34.92	-71.84	177.18
35.05	-71.76	178.92
35.18	-71.65	-179.59
35.32	-71.52	-178.34
35.45	-71.35	-177.31
35.58	-71.17	-176.48
35.72	-70.96	-175.81
35.85	-70.74	-175.28
35.99	-70.51	-174.86
36.12	-70.26	-174.52
36.26	-70.01	-174.23
36.40	-69.75	-173.95
36.53	-69.49	-173.66
36.67	-69.24	-173.31
36.81	-69.00	-172.89
36.95	-68.76	-172.35
37.09	-68.55	-171.66
37.23	-68.35	-170.78
37.37	-68.17	-169.68
37.51	-68.03	-168.32
37.65	-67.91	-166.65
37.79	-67.83	-164.65
37.94	-67.79	-162.27
38.08	-67.80	-159.47
38.22	-67.86	-156.21
38.37	-67.97	-152.51
38.51	-68.12	-148.39
38.66	-68.31	-143.86
38.80	-68.54	-138.95
38.95	-68.81	-133.67
39.10	-69.12	-128.06
39.24	-69.46	-122.13
39.39	-69.82	-115.90
39.54	-70.21	-109.40
39.69	-70.63	-102.66
39.84	-71.06	-95.69
39.99	-71.51	-88.53
40.14	-71.97	-81.19
40.29	-72.44	-73.71
40.45	-72.92	-66.12
40.60	-73.40	-58.44
40.75	-73.87	-50.69
40.90	-74.35	-42.92
41.06	-74.81	-35.15
41.21	-75.26	-27.39
41.37	-75.70	-19.67
41.53	-76.11	-11.99
41.68	-76.51	-4.36
41.84	-76.87	3.21
42.00	-77.21	10.72
42.16	-77.52	18.15
42.32	-77.79	25.50
42.47	-78.02	32.75
42.63	-78.21	39.90
42.80	-78.35	46.93
42.96	-78.43	53.84
43.12	-78.47	60.62
43.28	-78.44	67.24
43.45	-78.35	73.71
43.61	-78.19	80.02
43.77	-77.96	86.14
43.94	-77.66	92.07
44.10	-77.28	97.81
44.27	-76.82	103.34
44.44	-76.31	108.67
44.61	-75.75	113.80
44.77	-75.15	118.73
44.94	-74.53	123.47
45.11	-73.90	128.01
45.28	-73.27	132.36
45.45	-72.65	136.52
45.63	-72.06	140.48
45.80	-71.52	144.26
45.97	-71.02	147.84
46.14	-70.60	151.25
46.32	-70.25	154.47
46.49	-70.01	157.50
46.67	-69.87	160.36
46.84	-69.87	163.04
47.02	-70.00	165.54
47.20	-70.27	167.87
47.38	-70.66	170.00
47.56	-71.14	171.94
47.74	-71.71	173.69
47.92	-72.34	175.22
48.10	-73.03	176.54
48.28	-73.74	177.64
48.46	-74.46	178.50
48.64	-75.17	179.13
48.83	-75.85	179.52
49.01	-76.49	179.65
49.20	-77.06	179.53
49.38	-77.54	179.13
49.57	-77.90	178.46
49.75	-78.13	177.51
49.94	-78.22	176.26
50.13	-78.14	174.74
50.32	-77.93	172.97
50.51	-77.59	170.99
50.70	-77.13	168.82
50.89	-76.57	166.51
51.08	-75.92	164.07
51.28	-75.19	161.54
51.47	-74.40	158.96
51.66	-73.56	156.36
51.86	-72.69	153.78
52.05	-71.80	151.25
52.25	-70.90	148.81
52.45	-70.02	146.49
52.65	-69.16	144.35
52.85	-68.35	142.40
53.04	-67.59	140.68
53.24	-66.88	139.18
53.45	-66.23	137.91
53.65	-65.63	136.85
53.85	-65.09	136.01
54.05	-64.61	135.39
54.26	-64.19	134.98
54.46	-63.83	134.80
54.67	-63.53	134.82
54.87	-63.30	135.06
55.08	-63.13	135.51
55.29	-63.03	136.17
55.50	-63.00	137.04
55.71	-63.04	138.11
55.92	-63.15	139.40
56.13	-63.33	140.92
56.34	-63.56	142.68
56.55	-63.85	144.72
56.77	-64.17	147.04
56.98	-64.53	149.68
57.19	-64.92	152.65
57.41	-65.33	155.97
57.63	-65.76	159.67
57.84	-66.18	163.77
58.06	-66.61	168.29
58.28	-67.02	173.27
58.50	-67.41	178.71
58.72	-67.77	-175.36
58.94	-68.10	-169.06
59.17	-68.41	-162.64
59.39	-68.68	-156.34
59.61	-68.94	-150.41
59.84	-69.18	-145.11
60.06	-69.41	-140.72
60.29	-69.63	-137.49
60.52	-69.84	-135.70
60.75	-70.06	-135.65
60.98	-70.27	-137.61
61.21	-70.50	-141.88
61.44	-70.73	-148.76
61.67	-70.98	-158.53
61.90	-71.25	-171.02
62.14	-71.51	174.30
62.37	-71.76	157.92
62.61	-71.99	140.40
62.84	-72.19	122.29
63.08	-72.33	104.14
63.32	-72.42	86.52
63.56	-72.43	70.03
63.80	-72.36	55.27
64.04	-72.19	42.84
64.28	-71.91	33.38
64.52	-71.50	27.53
64.76	-70.96	25.55
65.01	-70.31	27.04
65.25	-69.57	31.51
65.50	-68.75	38.45
65.75	-67.89	47.36
66.00	-67.00	57.70
66.24	-66.10	68.94
66.49	-65.21	80.53
66.75	-64.36	91.90
67.00	-63.58	102.49
67.25	-62.88	111.69
67.50	-62.29	118.93
67.76	-61.82	123.95
68.01	-61.44	126.89
68.27	-61.14	127.89
68.53	-60.90	127.12
68.79	-60.71	124.74
69.05	-60.53	120.90
69.31	-60.35	115.78
69.57	-60.16	109.55
69.83	-59.93	102.39
70.09	-59.63	94.46
70.36	-59.25	85.97
70.62	-58.78	77.09
70.89	-58.26	68.07
71.16	-57.72	59.11
71.43	-57.22	50.46
71.70	-56.79	42.35
71.97	-56.49	35.03
72.24	-56.35	28.75
72.51	-56.42	23.75
72.79	-56.76	20.30
73.06	-57.41	18.67
73.34	-58.43	19.12
73.61	-59.80	21.64
73.89	-61.46	25.80
74.17	-63.32	31.11
74.45	-65.30	37.08
74.73	-67.31	43.18
75.01	-69.26	48.92
75.29	-71.05	53.74
75.58	-72.60	57.12
75.86	-73.80	58.49
76.15	-74.56	57.28
76.44	-74.80	53.08
76.73	-74.55	46.24
77.02	-73.89	37.39
77.31	-72.90	27.17
77.60	-71.65	16.23
77.89	-70.21	5.24
78.18	-68.67	-5.12
78.48	-67.12	-14.16
78.78	-65.63	-21.15
79.07	-64.29	-25.37
79.37	-63.17	-26.23
79.67	-62.29	-24.06
79.97	-61.62	-19.45
80.27	-61.16	-13.05
80.58	-60.89	-5.49
80.88	-60.78	2.56
81.19	-60.83	10.43
81.49	-61.02	17.43
81.80	-61.32	22.86
82.11	-61.73	25.99
82.42	-62.21	26.45
82.73	-62.75	24.57
83.04	-63.31	20.76
83.35	-63.87	15.45
83.67	-64.38	9.06
83.99	-64.83	2.04
84.30	-65.18	-5.16
84.62	-65.39	-12.07
84.94	-65.43	-18.22
85.26	-65.29	-23.21
85.58	-64.98	-27.05
85.90	-64.55	-29.87
86.23	-64.05	-31.83
86.55	-63.52	-33.06
86.88	-63.01	-33.72
87.21	-62.57	-33.96
87.54	-62.24	-33.94
87.87	-62.08	-33.81
88.20	-62.13	-33.72
88.53	-62.37	-33.72
88.87	-62.76	-33.85
89.20	-63.26	-34.12
89.54	-63.84	-34.57
89.88	-64.46	-35.22
90.22	-65.07	-36.11
90.56	-65.63	-37.25
90.90	-66.11	-38.69
91.24	-66.48	-40.43
91.59	-66.73	-42.46
91.93	-66.88	-44.77
92.28	-66.93	-47.33
92.63	-66.90	-50.13
92.98	-66.78	-53.14
93.33	-66.59	-56.34
93.68	-66.34	-59.71
94.03	-66.03	-63.22
94.39	-65.70	-66.68
94.74	-65.37	-69.86
95.10	-65.06	-72.50
95.46	-64.82	-74.35
95.82	-64.68	-75.15
96.18	-64.66	-74.63
96.54	-64.80	-72.52
96.91	-65.14	-68.59
97.27	-65.66	-63.08
97.64	-66.36	-56.62
98.01	-67.21	-49.85
98.38	-68.17	-43.43
98.75	-69.23	-38.03
99.12	-70.36	-34.34
99.50	-71.53	-33.07
99.87	-72.71	-34.85
100.25	-73.86	-39.44
100.63	-74.89	-46.10
101.01	-75.75	-54.02
101.39	-76.35	-62.41
101.77	-76.64	-70.45
102.16	-76.52	-77.30
102.54	-75.94	-82.09
102.93	-74.84	-84.19
103.32	-73.35	-83.86
103.71	-71.61	-81.62
104.10	-69.79	-78.00
104.49	-68.04	-73.53
104.88	-66.54	-68.75
105.28	-65.45	-64.24
105.68	-64.93	-60.55
106.08	-65.01	-57.98
106.48	-65.53	-56.56
106.88	-66.35	-56.34
107.28	-67.32	-57.34
107.69	-68.29	-59.59
108.09	-69.09	-63.14
108.50	-69.56	-68.01
108.91	-69.62	-74.02
109.32	-69.35	-80.55
109.73	-68.85	-86.91
110.15	-68.22	-92.42
110.56	-67.56	-96.35
110.98	-66.97	-97.98
111.40	-66.57	-96.57
111.82	-66.42	-91.89
112.24	-66.48	-85.01
112.67	-66.72	-77.20
113.09	-67.06	-69.80
113.52	-67.47	-64.14
113.95	-67.89	-61.60
114.38	-68.25	-63.57
114.81	-68.53	-70.62
115.24	-68.74	-81.67
115.68	-68.88	-95.47
116.11	-68.98	-110.75
116.55	-69.04	-126.19
116.99	-69.08	-140.44
117.43	-69.11	-152.17
117.87	-69.21	-160.49
118.32	-69.49	-164.96
118.77	-70.07	-165.10
119.21	-71.09	-160.46
119.66	-72.66	-150.56
120.12	-74.93	-134.93
120.57	-77.93	-113.54
121.02	-81.38	-88.33
121.48	-84.87	-61.80
121.94	-88.02	-36.46
122.40	-90.41	-14.94
122.86	-91.63	0.13
123.32	-91.27	6.21
123.79	-89.39	3.44
124.26	-86.36	-5.90
124.73	-82.60	-19.41
125.20	-78.53	-34.66
125.67	-74.58	-49.14
126.14	-71.19	-60.33
126.62	-68.59	-67.16
127.10	-66.73	-70.83
127.58	-65.54	-72.72
128.06	-64.94	-74.28
128.54	-64.84	-76.96
129.03	-65.17	-82.26
129.51	-65.83	-90.81
130.00	-66.69	-101.54
130.49	-67.63	-113.14
130.98	-68.51	-124.28
131.48	-69.21	-133.59
131.98	-69.58	-139.68
132.47	-69.58	-141.79
132.97	-69.34	-140.30
133.48	-69.00	-135.74
133.98	-68.73	-128.65
134.48	-68.66	-119.57
134.99	-68.97	-109.07
135.50	-69.64	-98.01
136.01	-70.53	-87.61
136.53	-71.46	-79.13
137.04	-72.26	-73.85
137.56	-72.73	-73.09
138.08	-72.72	-77.95
138.60	-72.27	-87.49
139.12	-71.54	-99.58
139.65	-70.69	-112.05
140.17	-69.89	-122.67
140.70	-69.31	-129.16
141.23	-69.08	-130.10
141.77	-69.24	-126.34
142.30	-69.82	-119.17
142.84	-70.83	-109.87
143.38	-72.28	-99.77
143.92	-74.20	-90.22
144.46	-76.35	-82.35
145.01	-78.36	-77.21
145.55	-79.87	-75.85
146.10	-80.48	-79.35
146.65	-79.81	-88.79
147.21	-77.83	-103.38
147.76	-75.17	-119.17
148.32	-72.50	-131.81
148.88	-70.55	-136.88
149.44	-70.03	-129.83
150.01	-71.37	-108.30
150.57	-74.02	-77.84
151.14	-77.17	-45.83
151.71	-80.00	-19.82
152.28	-81.67	-7.54
152.86	-81.49	-15.01
153.43	-79.77	-38.00
154.01	-77.14	-68.57
154.59	-74.28	-98.64
155.18	-71.85	-119.92
155.76	-70.45	-125.39
156.35	-70.04	-117.58
156.94	-70.33	-102.97
157.53	-71.01	-88.25
158.13	-71.78	-80.22
158.72	-72.36	-84.49
159.32	-72.67	-98.70
159.93	-72.74	-117.50
160.53	-72.59	-135.43
161.13	-72.23	-146.86
161.74	-71.70	-147.76
162.35	-71.20	-140.68
162.97	-70.95	-129.92
163.58	-71.17	-119.88
164.20	-72.10	-115.04
164.82	-73.74	-117.66
165.44	-75.60	-125.06
166.06	-77.13	-133.85
166.69	-77.76	-140.59
167.32	-76.94	-141.88
167.95	-74.81	-137.39
168.58	-72.15	-129.78
169.22	-69.81	-121.87
169.86	-68.65	-116.55
170.50	-69.33	-116.24
171.14	-71.34	-120.49
171.79	-73.72	-127.83
172.44	-75.52	-136.75
173.09	-75.77	-145.74
173.74	-74.26	-153.54
174.40	-71.86	-159.34
175.06	-69.58	-162.31
175.72	-68.42	-161.63
176.38	-69.18	-156.87
177.04	-71.40	-149.78
177.71	-74.19	-142.93
178.38	-76.61	-138.92
179.06	-77.76	-140.31
179.73	-77.43	-146.71
180.41	-76.12	-154.86
181.09	-74.36	-161.29
181.77	-72.71	-162.48
182.46	-71.58	-156.92
183.15	-71.03	-147.94
183.84	-71.11	-139.56
184.53	-71.85	-135.94
185.23	-73.20	-140.15
185.93	-74.69	-149.82
186.63	-75.73	-160.91
187.33	-75.74	-169.30
188.04	-74.23	-171.08
188.75	-71.89	-164.94
189.46	-69.97	-150.88
190.18	-69.80	-128.90
190.90	-72.56	-99.38
191.62	-77.52	-67.56
192.34	-82.66	-42.09
193.07	-85.86	-31.86
193.79	-85.13	-45.21
194.53	-80.74	-78.95
195.26	-74.75	-120.65
196.00	-69.33	-157.35
196.74	-66.59	-176.59
197.48	-66.69	-177.42
198.22	-68.32	-167.91
198.97	-70.07	-156.56
199.72	-70.63	-151.45
200.48	-69.93	-153.92
201.23	-68.69	-160.86
201.99	-67.66	-169.05
202.75	-67.52	-175.50
203.52	-68.20	-179.84
204.29	-69.24	177.12
205.06	-70.20	174.55
205.83	-70.74	171.83
206.61	-71.03	169.55
207.39	-71.39	168.62
208.17	-72.15	169.94
208.96	-73.39	173.54
209.74	-74.62	177.38
210.54	-75.28	179.12
211.33	-74.82	176.51
212.13	-73.36	170.80
212.93	-71.75	166.91
213.73	-70.88	170.04
214.54	-71.49	-176.06
215.35	-73.14	-158.04
216.16	-74.90	-146.99
216.98	-75.81	-154.22
217.80	-75.38	177.42
218.62	-74.15	143.48
219.44	-72.82	122.25
220.27	-72.02	130.54
221.10	-71.84	162.80
221.94	-71.99	-161.82
222.77	-72.15	-144.92
223.61	-72.10	-158.72
224.46	-71.95	170.51
225.30	-71.86	141.13
226.15	-71.96	130.35
227.01	-72.52	137.16
227.86	-73.82	148.57
228.72	-76.16	151.14
229.59	-79.37	139.61
230.45	-82.34	125.51
231.32	-83.79	122.61
232.20	-82.75	141.72
233.07	-79.92	173.75
233.95	-76.74	-158.24
234.84	-74.60	-150.86
235.72	-73.77	-165.32
236.61	-73.41	172.10
237.50	-72.66	155.99
238.40	-71.26	153.96
239.30	-70.30	158.37
240.20	-71.09	159.44
241.11	-74.37	149.89
242.02	-78.42	134.44
242.93	-80.77	121.27
243.85	-79.30	117.85
244.77	-75.58	123.71
245.69	-73.18	134.16
246.62	-75.49	144.47
247.55	-81.54	152.21
248.48	-86.62	156.90
249.42	-85.91	158.10
250.36	-79.35	155.17
251.31	-72.78	147.23
252.26	-72.49	133.42
253.21	-80.05	115.88
254.16	-89.21	101.68
255.12	-92.92	98.47
256.09	-88.09	108.97
257.05	-79.67	126.07
258.02	-73.66	141.33
259.00	-73.27	148.99
259.97	-75.63	149.23
260.95	-77.01	143.06
261.94	-75.48	133.74
262.93	-73.14	129.45
263.92	-72.66	139.11
264.92	-74.96	163.68
265.92	-77.49	-171.87
266.92	-77.25	-164.59
267.93	-73.62	-179.77
268.94	-69.94	156.99
269.95	-69.91	141.94
270.97	-74.01	139.74
271.99	-78.61	140.16
273.02	-79.93	132.43
274.05	-77.69	117.80
275.08	-74.87	108.59
276.12	-74.30	116.06
277.16	-75.34	133.85
278.21	-75.33	144.97
279.26	-72.31	135.73
280.31	-68.83	113.08
281.37	-69.06	91.33
282.43	-74.96	80.45
283.50	-81.89	77.16
284.57	-84.03	75.79
285.64	-80.10	74.67
286.72	-75.48	78.00
287.80	-75.74	89.86
288.89	-79.97	105.78
289.98	-82.73	115.19
291.07	-79.92	109.24
292.17	-74.92	88.84
293.27	-73.36	57.87
294.38	-77.38	16.85
295.49	-82.57	-39.86
296.61	-84.09	-117.00
297.73	-82.22	163.02
298.85	-80.96	114.03
299.98	-83.01	117.84
301.11	-85.65	146.65
302.25	-84.90	160.98
303.39	-80.36	148.58
304.53	-76.08	130.99
305.68	-75.57	128.00
306.83	-77.07	133.47
307.99	-76.78	131.34
309.15	-74.05	115.66
310.32	-73.36	97.12
311.49	-78.69	86.88
312.67	-86.20	87.01
313.85	-88.53	95.42
315.03	-83.39	108.52
316.22	-77.08	120.24
317.41	-75.61	125.02
318.61	-77.13	123.02
319.81	-76.68	116.69
321.02	-73.25	108.55
322.23	-71.16	101.11
323.45	-73.64	96.20
324.67	-77.18	92.43
325.89	-76.64	87.45
327.12	-72.49	78.42
328.36	-70.05	62.11
329.60	-72.21	40.70
330.84	-75.62	29.25
332.09	-76.56	40.55
333.34	-75.32	57.80
334.60	-73.87	52.49
335.86	-73.52	25.31
337.13	-74.79	7.83
338.40	-77.50	14.84
339.68	-79.71	15.13
340.96	-79.72	-18.02
342.25	-78.96	-39.68
343.54	-79.88	16.03
344.83	-82.51	111.78
346.14	-84.87	128.10
347.44	-85.80	42.23
348.75	-85.48	-10.14
350.07	-84.30	58.54
351.39	-82.86	138.47
352.72	-81.87	110.43
354.05	-82.22	38.43
355.38	-84.63	44.30
356.72	-86.44	107.84
358.07	-83.06	118.46
359.42	-76.71	65.86
360.78	-76.99	48.95
362.14	-86.04	113.33
363.51	-92.97	-154.16
364.88	-90.66	-73.58
366.25	-84.93	12.76
367.64	-81.65	115.03
369.02	-79.37	-178.02
370.42	-75.85	165.01
371.81	-73.90	107.49
373.22	-76.89	75.20
374.63	-80.38	74.68
376.04	-77.82	85.31
377.46	-75.06	74.88
378.88	-83.26	11.48
380.31	-95.26	-56.73
381.75	-93.20	-36.53
383.19	-80.42	52.89
384.63	-75.25	111.69
386.09	-78.82	115.17
387.54	-78.45	100.60
389.00	-73.06	79.86
390.47	-71.53	43.12
391.95	-75.39	11.95
393.43	-79.61	31.82
394.91	-81.24	76.60
396.40	-79.54	65.54
397.90	-77.29	23.97
399.40	-79.37	52.42
400.90	-82.67	116.88
402.42	-79.49	100.41
403.94	-75.17	41.43
405.46	-80.88	57.02
406.99	-88.50	111.42
408.53	-83.62	108.01
410.07	-75.08	65.56
411.61	-77.00	39.40
413.17	-83.22	35.54
414.73	-84.46	45.46
416.29	-82.35	62.26
417.86	-79.64	77.32
419.44	-76.10	77.26
421.02	-72.50	56.35
422.61	-71.93	23.47
424.21	-74.68	1.13
425.81	-77.78	21.35
427.41	-79.09	56.06
429.03	-77.68	44.47
430.65	-76.04	15.50
432.27	-76.90	20.67
433.90	-77.59	32.21
435.54	-76.20	23.20
437.18	-75.89	17.64
438.83	-76.88	24.00
440.49	-75.04	21.03
442.15	-71.51	-6.62
443.82	-71.09	-58.52
445.49	-75.84	-73.11
447.18	-84.17	-12.66
448.86	-87.08	22.31
450.56	-82.41	-5.49
452.26	-79.15	-11.59
453.96	-77.18	6.27
455.68	-72.47	-7.56
457.40	-77.45	-70.59
459.12	-94.48	-173.69
460.85	-93.61	82.05
462.59	-78.28	1.56
464.34	-81.87	-47.57
466.09	-90.28	-55.82
467.85	-83.54	-33.92
469.62	-79.09	-46.16
471.39	-82.74	-123.65
473.17	-83.85	115.21
474.95	-84.93	32.36
476.74	-88.79	39.31
478.54	-86.22	62.53
480.35	-78.13	51.46
482.16	-74.24	4.39
483.98	-76.77	-15.78
485.81	-81.43	12.00
487.64	-78.81	14.88
489.48	-74.03	-17.41
491.33	-75.87	-51.61
493.18	-79.17	-51.09
495.04	-80.98	-46.17
496.91	-82.47	-87.98
498.79	-83.51	-41.95
500.67	-83.07	80.89
502.56	-80.19	54.69
504.45	-78.67	-3.39
506.36	-79.41	22.81
508.27	-76.01	2.57
510.19	-74.53	-52.42
512.11	-80.15	-96.35
514.04	-82.17	169.92
515.98	-77.84	57.53
517.93	-72.15	-6.71
519.89	-72.97	-26.07
521.85	-77.77	-40.21
523.82	-79.98	-60.50
525.79	-79.72	-8.44
527.78	-76.81	37.98
529.77	-72.08	-11.33
531.77	-69.94	-61.00
533.78	-73.33	-83.13
535.79	-79.81	-87.38
537.81	-80.99	-66.72
539.84	-79.51	-33.57
541.88	-77.62	-14.31
543.92	-72.68	-33.90
545.98	-72.52	-76.78
548.04	-76.27	-95.16
550.10	-75.13	-63.77
552.18	-72.31	-76.37
554.26	-74.97	-115.88
556.35	-82.05	-120.98
558.45	-79.11	-110.44
560.56	-74.84	-106.37
562.68	-74.98	-118.95
564.80	-74.59	-148.31
566.93	-77.21	165.03
569.07	-80.30	115.23
571.22	-82.21	61.81
573.37	-87.85	-0.59
575.54	-92.32	45.97
577.71	-88.28	97.08
579.89	-78.75	30.95
582.08	-79.70	22.89
584.27	-77.68	24.12
586.48	-71.57	-2.96
588.69	-71.13	-29.08
590.91	-71.19	-52.84
593.14	-71.10	-71.62
595.38	-73.91	-84.97
597.63	-77.53	-85.91
599.88	-73.33	-69.88
602.15	-71.03	-98.57
604.42	-75.04	-129.28
606.70	-78.66	-112.82
608.99	-75.01	-108.37
611.29	-73.15	-178.94
613.59	-76.93	-112.04
615.91	-78.85	-29.62
618.23	-75.45	-111.34
620.57	-76.33	-83.46
622.91	-72.69	-96.43
625.26	-69.74	-145.62
627.62	-72.87	170.03
629.99	-78.47	133.17
632.36	-81.98	144.02
634.75	-79.44	77.73
637.15	-78.48	-20.55
639.55	-83.12	-125.47
641.96	-85.26	-161.50
644.39	-79.08	-53.27
646.82	-78.91	-114.56
649.26	-82.71	-125.52
651.71	-81.04	-98.84
654.17	-81.97	-175.16
656.64	-85.40	42.78
659.11	-74.92	-51.14
661.60	-76.78	-94.50
664.10	-80.56	-81.11
666.60	-76.23	-68.11
669.12	-73.12	-83.08
671.64	-74.67	-98.22
674.18	-72.49	-106.67
676.72	-70.36	-131.15
679.28	-73.81	-140.59
681.84	-71.87	-140.00
684.41	-72.32	-176.61
687.00	-74.73	-151.97
689.59	-73.44	-120.96
692.19	-70.82	-163.04
694.80	-71.14	-176.89
697.42	-72.65	-173.39
700.06	-71.23	163.51
702.70	-73.94	155.43
705.35	-72.67	145.52
708.01	-72.03	123.39
710.68	-74.99	95.86
713.36	-76.66	72.79
716.06	-82.30	10.35
718.76	-84.61	-88.46
721.47	-79.82	-167.25
724.19	-83.99	175.69
726.93	-80.55	-127.87
729.67	-73.77	-173.06
732.42	-76.69	157.05
735.19	-77.07	-152.46
737.96	-76.14	178.97
740.75	-79.83	149.46
743.54	-76.15	156.14
746.35	-73.89	108.71
749.16	-80.21	24.34
751.99	-85.71	-62.49
754.83	-82.17	-73.76
757.68	-74.22	-111.61
760.54	-73.20	-153.69
763.41	-74.54	-166.84
766.29	-73.11	-178.32
769.18	-71.71	162.69
772.08	-72.34	137.70
774.99	-75.97	115.79
777.92	-81.57	161.17
780.85	-86.76	155.55
783.80	-85.60	-129.63
786.76	-77.05	-150.83
789.73	-79.58	-114.89
792.71	-70.26	-158.92
795.70	-72.05	172.39
798.70	-74.79	170.15
801.71	-71.97	159.30
804.74	-73.21	150.38
807.78	-74.26	165.46
810.83	-68.64	155.42
813.88	-69.76	125.23
816.96	-72.00	126.20
820.04	-70.09	117.68
823.13	-72.62	105.82
826.24	-73.60	106.50
829.36	-72.96	102.55
832.49	-77.08	81.93
835.63	-76.61	139.46
838.78	-73.93	116.57
841.95	-73.30	132.41
845.12	-70.15	106.07
848.31	-71.06	81.11
851.51	-71.90	77.02
854.73	-73.91	57.47
857.95	-75.48	87.52
861.19	-73.13	77.70
864.44	-73.54	78.12
867.70	-75.75	90.91
870.98	-73.31	82.09
874.26	-72.41	97.84
877.56	-70.04	84.43
880.87	-72.03	79.56
884.20	-69.26	83.21
887.53	-67.86	66.69
890.88	-69.02	58.79
894.25	-67.80	55.33
897.62	-69.28	31.41
901.01	-71.12	45.30
904.41	-71.41	41.51
907.82	-71.47	55.60
911.25	-68.03	53.20
914.68	-66.66	26.63
918.14	-69.58	22.02
921.60	-70.10	16.38
925.08	-70.03	26.01
928.57	-67.20	21.18
932.07	-67.58	3.37
935.59	-68.44	-8.35
939.12	-72.03	-25.98
942.67	-74.05	-4.75
946.22	-71.90	-4.83
949.79	-73.24	0.84
953.38	-69.97	-0.92
956.97	-70.14	-12.08
960.59	-69.73	-1.46
964.21	-68.07	-16.68
967.85	-68.61	-33.48
971.50	-69.19	-49.80
975.17	-73.64	-55.53
978.85	-73.36	-12.12
982.54	-71.55	-35.26
986.25	-71.84	-26.75
989.97	-72.70	-31.73
993.71	-69.20	-18.48
997.46	-65.71	-41.46
1001.22	-68.00	-49.20
1005.00	-67.20	-55.90
1008.79	-67.79	-69.17
1012.60	-67.58	-82.03
1016.42	-68.16	-88.47
1020.25	-71.60	-77.75
1024.10	-69.47	-80.82
1027.97	-70.95	-84.30
1031.85	-71.66	-81.19
1035.74	-69.51	-63.03
1039.65	-66.70	-76.79
1043.57	-67.41	-91.47
1047.51	-66.07	-92.39
1051.46	-64.46	-105.46
1055.43	-66.02	-132.79
1059.41	-67.87	-140.57
1063.41	-70.31	-138.70
1067.43	-69.66	-131.10
1071.45	-68.98	-126.00
1075.50	-67.91	-140.74
1079.55	-67.66	-156.79
1083.63	-69.79	-161.81
1087.72	-69.33	-166.01
1091.82	-69.75	-174.22
1095.94	-71.14	161.98
1100.08	-79.45	143.92
1104.23	-76.17	-154.83
1108.40	-72.69	-145.38
1112.58	-70.59	-167.45
1116.78	-73.36	-175.83
1120.99	-73.38	-170.17
1125.22	-74.60	-163.76
1129.47	-70.08	-160.92
1133.73	-71.50	172.88
1138.01	-71.33	177.01
1142.30	-71.10	150.41
1146.61	-76.59	154.48
1150.94	-76.90	162.08
1155.28	-73.18	-170.13
1159.64	-72.72	166.50
1164.02	-73.40	172.43
1168.41	-73.06	160.43
1172.82	-73.05	164.13
1177.25	-73.70	161.08
1181.69	-73.62	170.19
1186.15	-70.32	159.83
1190.62	-71.15	161.30
1195.12	-68.42	144.57
1199.63	-70.49	138.48
1204.15	-68.12	131.61
1208.70	-69.52	144.54
1213.26	-65.62	125.77
1217.84	-67.72	108.89
1222.43	-67.25	101.42
1227.04	-67.83	94.19
1231.67	-66.95	84.58
1236.32	-67.82	72.59
1240.99	-69.71	59.59
1245.67	-71.76	58.91
1250.37	-71.31	87.86
1255.09	-71.08	85.65
1259.83	-67.63	74.81
1264.58	-69.91	50.65
1269.35	-69.61	59.19
1274.14	-69.17	43.71
1278.95	-69.71	37.81
1283.78	-70.48	35.61
1288.62	-69.73	44.94
1293.48	-71.19	32.66
1298.36	-69.47	41.25
1303.26	-69.14	18.46
1308.18	-67.82	8.89
1313.12	-69.83	-6.47
1318.07	-68.71	-7.68
1323.05	-70.61	-23.08
1328.04	-72.97	-28.56
1333.05	-75.12	-33.70
1338.08	-74.79	-16.18
1343.13	-74.07	-9.46
1348.20	-72.34	-22.90
1353.29	-73.89	-21.20
1358.39	-71.68	-37.98
1363.52	-75.32	-44.01
1368.67	-77.14	-42.19
1373.83	-77.13	-16.57
1379.01	-73.59	-20.93
1384.22	-71.31	-23.35
1389.44	-70.01	-45.68
1394.68	-71.43	-53.13
1399.95	-74.06	-68.10
1405.23	-72.19	-56.02
1410.53	-74.18	-70.02
1415.86	-73.66	-65.10
1421.20	-76.15	-62.21
1426.56	-72.08	-47.25
1431.94	-73.41	-74.03
1437.35	-69.52	-79.00
1442.77	-69.18	-102.42
1448.22	-71.92	-128.50
1453.68	-78.24	-88.79
1459.17	-73.24	-105.92
1464.67	-72.75	-109.77
1470.20	-72.06	-132.97
1475.75	-71.55	-124.40
1481.32	-74.69	-144.16
1486.91	-73.38	-142.36
1492.52	-74.88	-144.57
1498.15	-71.94	-162.41
1503.80	-74.66	176.29
1509.48	-78.15	166.41
1515.17	-78.06	-177.40
1520.89	-88.32	171.38
1526.63	-85.01	-122.11
1532.39	-82.85	-101.41
1538.17	-72.22	-104.97
1543.98	-70.00	-142.29
1549.81	-68.40	-179.89
1555.65	-72.48	167.63
1561.52	-71.43	150.99
1567.42	-72.79	141.26
1573.33	-77.85	125.44
1579.27	-80.06	163.83
1585.23	-75.08	172.16
1591.21	-71.91	156.47
1597.21	-70.49	139.17
1603.24	-71.97	113.57
1609.29	-73.32	104.25
1615.36	-71.92	85.27
1621.46	-73.43	83.11
1627.58	-74.86	54.14
1633.72	-77.72	45.04
1639.89	-81.00	-1.74
1646.07	-88.17	-16.57
1652.29	-81.41	-130.23
1658.52	-75.12	142.85
1664.78	-74.67	99.60
1671.06	-76.10	84.73
1677.37	-77.14	58.63
1683.70	-82.31	73.41
1690.05	-78.89	76.46
1696.43	-78.42	86.55
1702.83	-76.71	84.19
1709.26	-79.09	58.52
1715.70	-77.09	64.93
1722.18	-77.36	46.70
1728.68	-77.75	32.79
1735.20	-82.38	26.01
1741.75	-85.33	61.77
1748.32	-78.73	35.98
1754.92	-81.00	102.87
1761.54	-79.18	71.09
1768.19	-73.74	70.04
1774.86	-74.79	17.81
1781.56	-79.48	13.50
1788.28	-80.18	37.74
1795.03	-77.96	34.00
1801.80	-76.62	46.72
1808.60	-73.45	40.54
1815.43	-71.84	18.18
1822.28	-71.09	-12.41
1829.15	-73.92	-29.42
1836.06	-76.96	-35.70
1842.99	-75.83	-18.97
1849.94	-77.23	-38.79
1856.92	-76.04	-19.20
1863.93	-74.82	-33.17
1870.96	-76.00	-55.38
1878.02	-78.48	-72.92
1885.11	-75.35	-8.89
1892.22	-74.30	-36.89
1899.36	-70.86	-45.21
1906.53	-70.76	-62.52
1913.72	-69.91	-99.10
1920.95	-75.47	-102.18
1928.19	-76.01	-93.27
1935.47	-74.58	-96.52
1942.77	-71.88	-79.40
1950.11	-72.19	-115.96
1957.46	-72.57	-126.83
1964.85	-73.52	-115.66
1972.27	-72.93	-139.14
1979.71	-71.82	-144.47
1987.18	-75.60	-170.94
1994.68	-79.01	-159.75
2002.20	-74.57	-142.62
2009.76	-74.63	-153.92
2017.34	-73.85	-168.23
2024.96	-73.12	-171.31
2032.60	-72.34	-166.44
2040.27	-69.99	164.12
2047.97	-71.69	152.58
2055.70	-72.65	145.47
2063.45	-72.05	130.59
2071.24	-74.94	114.81
2079.06	-76.65	128.16
2086.90	-75.72	124.99
2094.78	-74.90	139.91
2102.68	-74.47	113.89
2110.62	-73.15	116.33
2118.58	-74.17	108.71
2126.57	-75.58	86.80
2134.60	-73.41	96.59
2142.65	-74.64	90.78
2150.74	-73.68	78.02
2158.86	-73.91	75.77
2167.00	-72.33	85.04
2175.18	-71.94	58.52
2183.39	-71.89	51.95
2191.63	-72.70	45.98
2199.90	-74.39	45.93
2208.20	-71.98	53.46
2216.53	-70.91	37.59
2224.90	-70.88	22.78
2233.29	-69.49	9.24
2241.72	-70.13	-8.07
2250.18	-71.51	-17.09
2258.67	-71.75	-27.82
2267.19	-72.12	-30.60
2275.75	-72.03	-30.46
2284.34	-70.72	-43.41
2292.96	-71.49	-58.41
2301.61	-71.99	-63.94
2310.29	-71.52	-73.72
2319.01	-71.95	-81.28
2327.76	-71.35	-100.40
2336.55	-74.85	-108.48
2345.36	-73.43	-104.10
2354.21	-74.69	-122.80
2363.10	-74.05	-129.87
2372.02	-75.69	-132.40
2380.97	-75.14	-114.67
2389.95	-71.93	-151.48
2398.97	-72.69	-170.26
2408.02	-77.12	-176.10
2417.11	-77.90	-171.15
2426.23	-76.28	179.08
2435.39	-78.58	-154.37
2444.58	-74.99	177.69
2453.80	-75.88	152.19
2463.06	-77.49	154.18
2472.35	-78.48	145.04
2481.68	-78.64	123.75
2491.05	-78.32	136.14
2500.45	-76.76	152.07
2509.88	-79.74	144.17
2519.36	-76.71	114.58
2528.86	-76.89	117.64
2538.41	-77.36	108.35
2547.98	-81.96	82.62
2557.60	-81.18	110.56
2567.25	-79.71	126.14
2576.94	-75.24	114.52
2586.66	-76.38	87.11
2596.42	-75.09	89.74
2606.22	-75.32	79.29
2616.06	-75.57	52.89
2625.93	-78.21	60.32
2635.84	-73.31	62.45
2645.78	-74.84	32.58
2655.77	-75.46	25.70
2665.79	-76.16	26.32
2675.85	-74.71	15.48
2685.95	-76.94	-0.21
2696.08	-75.72	-11.36
2706.26	-75.50	-24.53
2716.47	-78.95	-26.24
2726.72	-79.57	-28.39
2737.01	-78.13	-21.46
2747.34	-74.74	-16.93
2757.70	-76.37	-49.67
2768.11	-77.41	-71.01
2778.56	-82.10	-48.94
2789.04	-76.51	-54.26
2799.57	-79.59	-64.95
2810.13	-76.53	-93.74
2820.73	-81.27	-100.99
2831.38	-76.87	-86.41
2842.06	-77.83	-82.59
2852.79	-76.17	-98.91
2863.55	-75.47	-130.22
2874.36	-78.73	-111.95
2885.21	-76.26	-122.03
2896.09	-75.93	-143.23
2907.02	-74.78	-151.83
2917.99	-74.65	-162.86
2929.00	-77.00	-170.54
2940.06	-75.97	-170.55
2951.15	-73.85	172.68
2962.29	-73.32	157.49
2973.47	-74.43	155.34
2984.69	-74.20	141.95
2995.95	-73.64	131.21
3007.25	-74.67	114.49
3018.60	-75.06	112.03
3029.99	-76.66	124.32
3041.43	-73.57	99.63
3052.90	-74.54	93.58
3064.42	-73.42	88.88
3075.99	-72.32	79.77
3087.60	-73.28	69.83
3099.25	-71.99	52.81
3110.94	-72.04	43.08
3122.68	-71.80	44.46
3134.47	-70.74	20.62
3146.29	-71.75	10.08
3158.17	-71.27	5.86
3170.08	-70.93	-8.69
3182.05	-70.90	-31.49
3194.05	-72.67	-33.54
3206.11	-71.25	-43.01
3218.21	-71.50	-63.55
3230.35	-72.52	-75.28
3242.54	-73.61	-83.79
3254.77	-73.46	-85.23
3267.06	-72.35	-99.31
3279.39	-72.56	-102.21
3291.76	-71.88	-117.43
3304.18	-71.32	-137.59
3316.65	-72.96	-161.26
3329.17	-72.93	-158.55
3341.73	-72.57	-177.61
3354.34	-73.91	178.95
3367.00	-73.38	173.05
3379.70	-73.36	166.53
3392.46	-71.51	156.81
3405.26	-71.04	135.61
3418.11	-72.97	124.58
3431.01	-73.75	115.80
3443.95	-74.51	107.54
3456.95	-73.48	101.36
3469.99	-73.05	97.44
3483.09	-70.95	89.65
3496.23	-70.88	64.52
3509.43	-71.91	46.04
3522.67	-73.22	36.99
3535.96	-74.41	28.81
3549.31	-73.05	26.75
3562.70	-73.53	11.29
3576.14	-74.90	3.50
3589.64	-71.50	2.57
3603.18	-70.26	-29.92
3616.78	-71.55	-50.25
3630.43	-74.93	-66.82
3644.13	-76.69	-68.73
3657.88	-74.95	-88.87
3671.68	-77.47	-103.75
3685.54	-77.08	-112.37
3699.45	-75.86	-109.98
3713.41	-77.68	-164.96
3727.42	-81.54	-175.74
3741.49	-87.61	-154.79
3755.60	-82.26	-115.90
3769.78	-79.28	-147.04
3784.00	-83.79	-145.85
3798.28	-82.25	-139.50
3812.61	-79.48	-158.01
3827.00	-78.86	-167.66
3841.44	-79.49	169.62
3855.94	-75.44	-168.98
3870.49	-76.71	155.43
3885.09	-78.25	145.64
3899.75	-76.12	154.27
3914.47	-73.75	130.88
3929.24	-73.65	119.84
3944.07	-72.95	113.64
3958.95	-73.09	105.83
3973.89	-73.05	79.59
3988.89	-74.15	69.72
4003.94	-72.57	64.20
4019.05	-71.72	48.61
4034.22	-72.90	37.85
4049.44	-72.03	34.26
4064.72	-71.61	11.50
4080.06	-71.34	-2.02
4095.46	-70.86	-16.55
4110.91	-72.03	-22.31
4126.42	-71.78	-39.51
4141.99	-71.73	-48.61
4157.62	-69.84	-69.62
4173.31	-70.78	-89.49
4189.06	-69.78	-92.90
4204.87	-69.48	-120.11
4220.74	-71.73	-132.47
4236.66	-71.18	-139.41
4252.65	-71.29	-155.37
4268.70	-71.30	-162.09
4284.81	-69.81	-177.64
4300.98	-69.73	169.08
4317.21	-69.10	156.03
4333.50	-69.82	143.18
4349.85	-67.98	132.40
4366.26	-67.10	106.74
4382.74	-68.19	88.39
4399.28	-67.28	75.01
4415.88	-68.26	56.29
4432.54	-69.07	44.27
4449.27	-69.03	30.17
4466.06	-69.61	16.27
4482.91	-69.42	-2.57
4499.83	-71.06	-10.39
4516.81	-69.99	-9.21
4533.85	-69.34	-30.21
4550.96	-69.65	-47.95
4568.14	-69.50	-66.62
4585.37	-71.01	-85.37
4602.68	-71.43	-84.60
4620.05	-70.43	-94.47
4637.48	-69.85	-123.54
4654.98	-71.02	-121.19
4672.55	-67.45	-143.10
4690.18	-69.79	178.95
4707.88	-71.55	-179.05
4725.64	-71.07	-179.28
4743.48	-69.37	160.57
4761.38	-70.13	147.15
4779.34	-69.04	134.29
4797.38	-68.65	117.43
4815.48	-68.41	109.19
4833.65	-67.28	92.56
4851.89	-66.61	66.45
4870.20	-67.72	58.34
4888.58	-66.34	33.84
4907.03	-68.56	22.95
4925.54	-66.85	11.70
4944.13	-66.08	-7.11
4962.79	-67.34	-28.27
4981.52	-66.87	-37.06
5000.31	-65.99	-57.68
5019.18	-66.41	-75.17
5038.12	-66.02	-94.00
5057.14	-65.18	-117.06
5076.22	-66.80	-143.33
5095.37	-66.79	-152.41
5114.60	-66.99	179.86
5133.90	-69.24	168.95
5153.27	-67.86	154.92
5172.72	-68.49	141.34
5192.24	-68.91	129.62
5211.83	-67.51	110.51
5231.50	-68.70	86.34
5251.24	-69.36	79.32
5271.06	-68.30	64.82
5290.95	-70.20	47.27
5310.91	-68.85	48.74
5330.96	-68.24	8.60
5351.07	-71.26	16.24
5371.27	-68.33	-9.05
5391.53	-70.89	-22.58
5411.88	-68.25	-33.37
5432.30	-70.84	-57.72
5452.80	-70.14	-57.94
5473.38	-69.36	-74.96
5494.03	-67.52	-107.03
5514.76	-68.95	-123.22
5535.57	-67.38	-144.36
5556.46	-68.98	-160.15
5577.43	-67.40	-178.31
5598.48	-68.88	149.74
5619.60	-69.25	153.02
5640.81	-68.81	121.44
5662.10	-69.88	120.60
5683.46	-68.47	110.71
5704.91	-67.18	82.52
5726.44	-69.14	71.65
5748.05	-67.15	59.79
5769.74	-68.05	31.03
5791.51	-66.95	28.53
5813.36	-67.15	1.03
5835.30	-65.97	-10.18
5857.32	-65.60	-40.52
5879.42	-67.06	-59.45
5901.61	-66.05	-78.05
5923.88	-66.37	-104.80
5946.23	-66.67	-119.41
5968.67	-66.35	-139.56
5991.20	-67.21	-161.33
6013.80	-65.49	176.83
6036.50	-67.25	156.44
6059.28	-64.88	143.73
6082.14	-67.30	115.68
6105.09	-65.96	99.91
6128.13	-67.62	70.30
6151.26	-68.07	60.40
6174.47	-67.89	51.23
6197.77	-68.28	21.75
6221.16	-67.86	19.28
6244.63	-68.26	-10.74
6268.20	-67.22	-26.38
6291.85	-69.96	-61.01
6315.59	-70.51	-54.12
6339.42	-69.59	-74.57
6363.35	-70.10	-98.24
6387.36	-67.98	-102.76
6411.46	-67.37	-142.84
6435.66	-67.96	-160.40
6459.94	-68.66	162.80
6484.32	-70.95	154.74
6508.79	-71.56	144.76
6533.35	-70.06	144.00
6558.00	-68.06	121.41
6582.75	-66.91	101.10
6607.59	-66.41	66.96
6632.53	-69.24	59.13
6657.55	-67.58	34.53
6682.68	-68.40	29.58
6707.90	-66.35	2.91
6733.21	-68.48	-16.71
6758.62	-66.43	-25.10
6784.12	-66.16	-54.44
6809.72	-65.57	-78.84
6835.42	-65.99	-94.90
6861.21	-65.52	-113.51
6887.10	-64.36	-139.24
6913.09	-63.91	-155.96
6939.18	-63.61	167.06
6965.36	-64.26	163.65
6991.65	-62.32	133.52
7018.03	-62.35	118.85
7044.51	-62.39	96.43
7071.10	-59.89	78.45
7097.78	-59.43	41.58
7124.56	-59.86	33.34
7151.45	-58.47	-3.09
7178.44	-58.36	-16.14
7205.52	-56.86	-45.30
7232.71	-55.59	-76.05
7260.01	-55.99	-105.39
7287.40	-54.66	-134.62
7314.90	-54.43	-170.00
7342.51	-55.27	161.77
7370.21	-55.27	125.61
7398.03	-55.84	109.51
7425.94	-56.27	74.93
7453.97	-56.29	50.13
7482.09	-58.07	22.09
7510.33	-57.74	1.46
7538.67	-58.55	-28.79
7567.12	-58.91	-52.91
7595.67	-60.84	-74.61
7624.33	-59.03	-97.46
7653.10	-60.59	-128.12
7681.98	-61.46	-150.24
7710.97	-60.95	-167.11
7740.07	-60.76	160.28
7769.28	-61.64	137.25
7798.60	-61.69	114.65
7828.02	-61.73	96.86
7857.56	-61.67	67.39
7887.21	-61.34	36.13
7916.98	-62.29	21.47
7946.85	-61.83	-11.81
7976.84	-64.04	-37.32
8006.94	-63.97	-51.50
8037.16	-63.61	-74.39
8067.49	-63.59	-112.51
8097.93	-65.10	-127.01
8128.49	-64.10	-147.88
8159.16	-63.07	-178.56
8189.95	-63.66	146.02
8220.86	-64.59	122.29
8251.88	-64.34	104.39
8283.02	-64.42	67.20
8314.27	-66.35	51.59
8345.65	-67.28	40.60
8377.14	-65.39	15.88
8408.75	-65.42	-2.52
8440.48	-66.66	-35.04
8472.33	-64.84	-47.16
8504.30	-64.93	-72.13
8536.40	-63.34	-101.22
8568.61	-63.52	-130.45
8600.94	-62.88	-159.50
8633.40	-62.53	170.30
8665.98	-62.43	144.92
8698.68	-61.24	117.20
8731.51	-60.93	94.25
8764.46	-60.55	63.98
8797.53	-59.29	29.51
8830.73	-59.60	-0.64
8864.05	-59.76	-32.96
8897.50	-60.49	-60.10
8931.07	-60.16	-92.94
8964.78	-59.73	-121.36
8998.61	-59.63	-153.72
9032.56	-59.95	170.52
9066.65	-60.32	138.68
9100.86	-60.47	111.26
9135.20	-59.88	77.67
9169.68	-60.41	45.06
9204.28	-62.25	12.03
9239.01	-63.80	-10.17
9273.88	-64.16	-33.55
9308.87	-63.82	-61.30
9344.00	-63.29	-86.09
9379.26	-63.85	-121.74
9414.65	-63.88	-148.97
9450.18	-63.31	-176.97
9485.84	-62.86	149.65
9521.64	-61.94	117.55
9557.57	-62.55	86.38
9593.64	-62.88	50.58
9629.84	-63.71	21.93
9666.18	-64.42	-8.72
9702.65	-64.78	-33.58
9739.27	-65.17	-68.86
9776.02	-65.00	-99.62
9812.91	-66.67	-132.48
9849.94	-66.27	-168.93
9887.11	-67.52	164.49
9924.42	-66.75	136.27
9961.87	-68.87	111.75
9999.46	-67.62	85.20
10037.19	-67.17	62.38
10075.07	-68.03	35.07
10113.09	-67.21	9.29
10151.25	-67.12	-25.05
10189.55	-66.96	-49.55
10228.01	-67.54	-87.47
10266.60	-66.71	-115.24
10305.34	-66.45	-156.09
10344.23	-66.28	171.43
10383.27	-67.26	139.77
10422.45	-65.53	114.13
10461.78	-65.48	81.59
10501.26	-65.23	53.08
10540.88	-64.78	18.12
10580.66	-64.79	-15.38
10620.59	-64.58	-52.44
10660.66	-65.53	-85.52
10700.89	-64.74	-119.71
10741.27	-64.61	-152.80
10781.81	-63.37	168.87
10822.49	-63.47	129.97
10863.33	-62.73	90.90
10904.33	-63.36	55.23
10945.47	-63.53	18.49
10986.78	-63.95	-18.04
11028.24	-65.64	-58.64
11069.85	-65.79	-94.26
11111.63	-67.42	-131.47
11153.56	-67.40	-161.59
11195.64	-67.94	157.45
11237.89	-68.02	130.60
11280.30	-67.65	100.48
11322.87	-67.14	67.77
11365.59	-67.11	29.54
11408.48	-68.46	-5.91
11451.53	-69.84	-33.78
11494.75	-69.78	-65.52
11538.12	-69.24	-107.20
11581.66	-70.61	-145.53
11625.37	-69.76	-167.14
11669.24	-68.06	149.60
11713.27	-67.49	112.37
11757.47	-67.00	79.49
11801.84	-66.84	38.54
11846.37	-67.35	3.50
11891.08	-68.06	-33.96
11935.95	-68.49	-77.04
11980.99	-68.83	-120.52
12026.20	-70.32	-159.49
12071.58	-70.18	167.89
12117.14	-69.07	130.80
12162.86	-68.91	93.65
12208.76	-69.02	58.43
12254.83	-69.44	21.05
12301.07	-70.75	-14.30
12347.49	-72.06	-51.31
12394.08	-73.07	-83.65
12440.85	-72.05	-113.41
12487.80	-70.81	-157.65
12534.92	-69.22	155.42
12582.23	-69.71	115.25
12629.71	-69.69	79.14
12677.37	-69.90	47.97
12725.20	-69.11	14.11
12773.22	-69.68	-29.36
12821.42	-69.59	-73.96
12869.81	-70.51	-120.02
12918.37	-70.78	-166.84
12967.12	-71.74	154.31
13016.05	-71.46	124.51
13065.17	-69.86	88.03
13114.47	-69.27	59.13
13163.96	-67.98	15.53
13213.64	-68.02	-30.85
13263.50	-68.38	-81.19
13313.55	-69.27	-131.46
13363.79	-68.93	177.70
13414.22	-70.07	131.00
13464.84	-70.57	92.03
13515.65	-71.64	58.34
13566.65	-72.70	26.19
13617.84	-74.05	-7.30
13669.23	-76.17	-39.75
13720.81	-76.31	-69.28
13772.59	-78.02	-110.54
13824.56	-77.43	-140.48
13876.73	-75.01	-168.68
13929.09	-72.67	152.81
13981.66	-70.45	123.87
14034.42	-69.93	83.38
14087.38	-68.63	51.78
14140.54	-67.58	18.97
14193.90	-67.29	-22.19
14247.46	-67.32	-62.42
14301.22	-67.46	-109.91
14355.19	-68.00	-153.64
14409.36	-67.22	157.98
14463.73	-67.44	106.32
14518.31	-67.34	55.20
14573.10	-67.42	13.62
14628.09	-67.25	-34.52
14683.29	-68.66	-79.18
14738.70	-70.18	-128.91
14794.32	-71.88	-172.20
14850.15	-71.59	139.91
14906.18	-70.82	96.65
14962.43	-70.89	62.77
15018.90	-70.88	35.00
15075.57	-71.42	-3.90
15132.46	-73.06	-51.40
15189.56	-72.56	-92.01
15246.88	-69.98	-141.61
15304.42	-69.34	165.19
15362.17	-69.24	116.07
15420.14	-68.08	68.42
15478.33	-68.27	28.13
15536.74	-68.98	-17.51
15595.37	-68.91	-73.08
15654.22	-69.28	-127.31
15713.29	-70.09	174.99
15772.58	-70.07	121.92
15832.10	-70.02	82.27
15891.85	-72.08	38.48
15951.81	-72.29	0.82
16012.01	-73.26	-34.17
16072.43	-74.28	-84.77
16133.08	-73.80	-133.37
16193.96	-73.38	175.88
16255.07	-70.97	129.17
16316.41	-69.86	86.44
16377.98	-68.98	38.47
16439.79	-69.31	-11.91
16501.82	-70.44	-66.68
16564.09	-70.67	-122.39
16626.60	-70.48	175.77
16689.34	-70.23	125.26
16752.32	-70.16	80.63
16815.54	-70.47	37.62
16878.99	-70.96	-10.24
16942.69	-72.40	-60.84
17006.62	-72.73	-114.65
17070.79	-71.91	-174.83
17135.21	-72.01	133.33
17199.87	-70.63	92.13
17264.78	-70.64	45.66
17329.93	-70.50	-1.13
17395.32	-71.39	-54.58
17460.97	-72.16	-107.53
17526.86	-70.89	-170.65
17593.00	-69.68	134.78
17659.38	-68.30	81.54
17726.02	-68.25	26.81
17792.91	-69.56	-29.08
17860.06	-71.01	-89.20
17927.45	-71.23	-146.44
17995.10	-70.93	154.40
18063.01	-70.07	102.75
18131.17	-70.03	52.20
18199.59	-70.87	2.57
18268.27	-71.52	-49.16
18337.21	-72.13	-116.39
18406.40	-72.01	-178.48
18475.86	-71.07	122.75
18545.58	-70.78	71.87
18615.56	-71.23	26.33
18685.81	-71.91	-33.03
18756.32	-73.48	-92.07
18827.10	-73.59	-159.85
18898.15	-72.67	138.04
18969.46	-71.55	85.36
19041.04	-71.50	34.33
19112.90	-73.04	-24.32
19185.02	-74.60	-83.02
19257.42	-75.70	-155.43
19330.09	-74.29	137.94
19403.03	-73.18	86.26
19476.25	-73.26	39.25
19549.74	-74.32	-13.50
19623.51	-76.68	-72.39
19697.56	-77.41	-124.16
19771.89	-74.51	-135.81
19846.51	-67.31	-133.82
19921.40	-48.92	131.25
19996.57	-70.70	87.25
20072.03	-75.76	111.72
20147.78	-79.77	138.27
20223.80	-79.88	142.40
20300.12	-77.28	93.85
20376.72	-76.56	54.81
20453.62	-78.83	7.17
20530.80	-80.60	-58.99
20608.28	-81.82	-152.83
20686.04	-81.53	128.71
20764.10	-77.95	86.70
20842.46	-77.91	45.95
20921.11	-79.12	-8.44
21000.06	-82.07	-71.51
21079.30	-84.32	-32.65
21158.85	-79.91	119.42
21238.69	-78.52	68.48
21318.84	-79.29	29.46
21399.29	-82.49	-12.58
21480.04	-87.16	-107.28
21561.09	-82.71	146.05
21642.46	-79.68	86.74
21724.12	-78.60	48.10
21806.10	-81.79	-6.66
21888.39	-86.60	-98.39
21970.99	-85.26	131.88
22053.89	-80.54	83.74
22137.12	-81.97	35.68
22220.65	-86.40	27.93
22304.50	-86.88	100.13
