Freq[Hz]	[dBV]	Phase[Deg]
10.00	-58.37	47.97
10.04	-58.43	50.35
10.08	-58.49	52.74
10.11	-58.56	55.14
10.15	-58.63	57.54
10.19	-58.70	59.95
10.23	-58.78	62.38
10.27	-58.85	64.81
10.31	-58.93	67.24
10.34	-59.01	69.68
10.38	-59.09	72.13
10.42	-59.18	74.58
10.46	-59.26	77.03
10.50	-59.35	79.48
10.54	-59.44	81.94
10.58	-59.53	84.40
10.62	-59.62	86.86
10.66	-59.71	89.32
10.70	-59.81	91.78
10.74	-59.90	94.23
10.78	-60.00	96.69
10.82	-60.10	99.13
10.86	-60.20	101.58
10.90	-60.30	104.02
10.95	-60.40	106.45
10.99	-60.50	108.87
11.03	-60.60	111.29
11.07	-60.70	113.69
11.11	-60.80	116.09
11.15	-60.91	118.47
11.20	-61.01	120.84
11.24	-61.11	123.20
11.28	-61.22	125.54
11.32	-61.32	127.87
11.37	-61.42	130.18
11.41	-61.53	132.47
11.45	-61.63	134.74
11.50	-61.73	136.99
11.54	-61.83	139.22
11.58	-61.93	141.43
11.63	-62.03	143.61
11.67	-62.13	145.76
11.71	-62.23	147.89
11.76	-62.32	149.99
11.80	-62.42	152.06
11.85	-62.51	154.10
11.89	-62.60	156.11
11.94	-62.69	158.10
11.98	-62.78	160.05
12.03	-62.87	161.98
12.07	-62.96	163.88
12.12	-63.04	165.75
12.16	-63.13	167.60
12.21	-63.21	169.42
12.26	-63.29	171.21
12.30	-63.37	172.97
12.35	-63.45	174.71
12.39	-63.53	176.42
12.44	-63.60	178.10
12.49	-63.68	179.76
12.54	-63.75	-178.61
12.58	-63.83	-177.01
12.63	-63.90	-175.43
12.68	-63.97	-173.87
12.73	-64.03	-172.34
12.77	-64.10	-170.83
12.82	-64.17	-169.35
12.87	-64.23	-167.90
12.92	-64.29	-166.46
12.97	-64.36	-165.05
13.02	-64.42	-163.67
13.07	-64.48	-162.30
13.12	-64.53	-160.96
13.16	-64.59	-159.64
13.21	-64.65	-158.34
13.26	-64.70	-157.06
13.31	-64.75	-155.80
13.36	-64.80	-154.57
13.41	-64.86	-153.35
13.47	-64.90	-152.15
13.52	-64.95	-150.97
13.57	-65.00	-149.81
13.62	-65.05	-148.66
13.67	-65.09	-147.54
13.72	-65.13	-146.43
13.77	-65.17	-145.33
13.83	-65.22	-144.26
13.88	-65.26	-143.19
13.93	-65.29	-142.14
13.98	-65.33	-141.11
14.04	-65.37	-140.09
14.09	-65.40	-139.08
14.14	-65.44	-138.08
14.19	-65.47	-137.09
14.25	-65.50	-136.12
14.30	-65.53	-135.15
14.36	-65.56	-134.19
14.41	-65.59	-133.24
14.46	-65.62	-132.30
14.52	-65.65	-131.36
14.57	-65.67	-130.43
14.63	-65.70	-129.51
14.68	-65.72	-128.59
14.74	-65.75	-127.67
14.80	-65.77	-126.76
14.85	-65.79	-125.84
14.91	-65.81	-124.94
14.96	-65.83	-124.03
15.02	-65.85	-123.12
15.08	-65.87	-122.22
15.13	-65.89	-121.32
15.19	-65.91	-120.42
15.25	-65.92	-119.51
15.31	-65.94	-118.61
15.36	-65.95	-117.71
15.42	-65.97	-116.80
15.48	-65.98	-115.90
15.54	-66.00	-114.99
15.60	-66.01	-114.08
15.66	-66.02	-113.17
15.71	-66.03	-112.25
15.77	-66.05	-111.33
15.83	-66.06	-110.40
15.89	-66.07	-109.47
15.95	-66.08	-108.54
16.01	-66.09	-107.60
16.07	-66.10	-106.65
16.13	-66.11	-105.69
16.19	-66.12	-104.73
16.26	-66.13	-103.75
16.32	-66.15	-102.77
16.38	-66.16	-101.78
16.44	-66.17	-100.78
16.50	-66.18	-99.77
16.56	-66.19	-98.74
16.63	-66.20	-97.71
16.69	-66.21	-96.66
16.75	-66.22	-95.59
16.82	-66.24	-94.51
16.88	-66.25	-93.42
16.94	-66.26	-92.31
17.01	-66.28	-91.18
17.07	-66.29	-90.04
17.14	-66.31	-88.88
17.20	-66.32	-87.70
17.27	-66.34	-86.50
17.33	-66.36	-85.28
17.40	-66.38	-84.03
17.46	-66.40	-82.77
17.53	-66.42	-81.48
17.59	-66.44	-80.16
17.66	-66.46	-78.82
17.73	-66.49	-77.46
17.79	-66.51	-76.09
17.86	-66.54	-74.70
17.93	-66.57	-73.29
18.00	-66.60	-71.88
18.06	-66.63	-70.47
18.13	-66.66	-69.05
18.20	-66.69	-67.63
18.27	-66.72	-66.23
18.34	-66.76	-64.83
18.41	-66.79	-63.45
18.48	-66.83	-62.08
18.55	-66.86	-60.74
18.62	-66.90	-59.42
18.69	-66.94	-58.14
18.76	-66.98	-56.89
18.83	-67.02	-55.68
18.90	-67.06	-54.51
18.97	-67.11	-53.39
19.04	-67.15	-52.33
19.11	-67.19	-51.32
19.19	-67.24	-50.38
19.26	-67.28	-49.51
19.33	-67.33	-48.71
19.40	-67.37	-47.98
19.48	-67.42	-47.35
19.55	-67.47	-46.80
19.62	-67.51	-46.35
19.70	-67.56	-45.99
19.77	-67.61	-45.75
19.85	-67.66	-45.62
19.92	-67.71	-45.60
20.00	-67.76	-45.71
20.07	-67.81	-45.95
20.15	-67.86	-46.33
20.22	-67.91	-46.86
20.30	-67.96	-47.53
20.38	-68.01	-48.36
20.45	-68.06	-49.36
20.53	-68.11	-50.53
20.61	-68.16	-51.87
20.69	-68.21	-53.37
20.77	-68.26	-55.04
20.84	-68.31	-56.85
20.92	-68.36	-58.80
21.00	-68.41	-60.89
21.08	-68.47	-63.10
21.16	-68.52	-65.42
21.24	-68.58	-67.84
21.32	-68.64	-70.36
21.40	-68.70	-72.96
21.48	-68.76	-75.64
21.56	-68.82	-78.38
21.64	-68.89	-81.17
21.73	-68.96	-84.00
21.81	-69.03	-86.86
21.89	-69.11	-89.73
21.97	-69.19	-92.62
22.06	-69.27	-95.50
22.14	-69.35	-98.36
22.22	-69.45	-101.19
22.31	-69.54	-103.97
22.39	-69.64	-106.70
22.47	-69.75	-109.36
22.56	-69.86	-111.93
22.64	-69.97	-114.41
22.73	-70.10	-116.77
22.82	-70.22	-119.01
22.90	-70.36	-121.10
22.99	-70.50	-123.03
23.07	-70.65	-124.79
23.16	-70.80	-126.36
23.25	-70.97	-127.72
23.34	-71.14	-128.86
23.43	-71.32	-129.76
23.51	-71.51	-130.41
23.60	-71.70	-130.80
23.69	-71.91	-130.94
23.78	-72.12	-130.83
23.87	-72.34	-130.48
23.96	-72.56	-129.89
24.05	-72.79	-129.07
24.14	-73.02	-128.03
24.23	-73.25	-126.76
24.32	-73.49	-125.28
24.42	-73.72	-123.59
24.51	-73.96	-121.70
24.60	-74.20	-119.61
24.69	-74.43	-117.34
24.79	-74.67	-114.87
24.88	-74.90	-112.23
24.97	-75.12	-109.43
25.07	-75.34	-106.45
25.16	-75.56	-103.33
25.26	-75.77	-100.05
25.35	-75.96	-96.63
25.45	-76.15	-93.08
25.54	-76.33	-89.41
25.64	-76.50	-85.62
25.74	-76.65	-81.72
25.84	-76.80	-77.73
25.93	-76.92	-73.64
26.03	-77.03	-69.47
26.13	-77.12	-65.23
26.23	-77.19	-60.93
26.33	-77.25	-56.57
26.43	-77.28	-52.17
26.53	-77.29	-47.74
26.63	-77.28	-43.29
26.73	-77.25	-38.81
26.83	-77.21	-34.34
26.93	-77.15	-29.86
27.03	-77.07	-25.39
27.13	-76.99	-20.95
27.23	-76.90	-16.53
27.34	-76.80	-12.15
27.44	-76.69	-7.83
27.54	-76.58	-3.57
27.65	-76.46	0.63
27.75	-76.35	4.74
27.86	-76.23	8.75
27.96	-76.12	12.67
28.07	-76.02	16.46
28.17	-75.92	20.13
28.28	-75.84	23.66
28.39	-75.76	27.03
28.49	-75.70	30.24
28.60	-75.66	33.27
28.71	-75.64	36.11
28.82	-75.64	38.75
28.93	-75.66	41.17
29.03	-75.71	43.36
29.14	-75.79	45.30
29.25	-75.90	46.98
29.36	-76.05	48.38
29.48	-76.23	49.51
29.59	-76.44	50.34
29.70	-76.68	50.89
29.81	-76.94	51.15
29.92	-77.23	51.11
30.04	-77.54	50.77
30.15	-77.87	50.12
30.26	-78.20	49.18
30.38	-78.55	47.92
30.49	-78.91	46.35
30.61	-79.27	44.46
30.72	-79.63	42.26
30.84	-79.98	39.73
30.95	-80.33	36.87
31.07	-80.67	33.69
31.19	-80.99	30.17
31.31	-81.30	26.31
31.42	-81.58	22.12
31.54	-81.84	17.58
31.66	-82.06	12.69
31.78	-82.25	7.44
31.90	-82.41	1.85
32.02	-82.52	-4.11
32.14	-82.58	-10.43
32.26	-82.58	-17.12
32.39	-82.54	-24.17
32.51	-82.44	-31.54
32.63	-82.29	-39.21
32.75	-82.09	-47.14
32.88	-81.85	-55.30
33.00	-81.57	-63.65
33.13	-81.25	-72.15
33.25	-80.89	-80.77
33.38	-80.50	-89.46
33.50	-80.08	-98.20
33.63	-79.64	-106.93
33.76	-79.17	-115.62
33.88	-78.68	-124.23
34.01	-78.17	-132.72
34.14	-77.66	-141.03
34.27	-77.13	-149.13
34.40	-76.60	-156.97
34.53	-76.06	-164.50
34.66	-75.53	-171.68
34.79	-75.01	-178.46
34.92	-74.49	175.22
35.05	-73.99	169.40
35.18	-73.50	164.13
35.32	-73.04	159.45
35.45	-72.60	155.35
35.58	-72.20	151.82
35.72	-71.82	148.83
35.85	-71.48	146.36
35.99	-71.17	144.41
36.12	-70.91	142.95
36.26	-70.69	141.97
36.40	-70.52	141.45
36.53	-70.40	141.36
36.67	-70.33	141.69
36.81	-70.32	142.41
36.95	-70.38	143.51
37.09	-70.50	144.97
37.23	-70.69	146.76
37.37	-70.96	148.85
37.51	-71.30	151.24
37.65	-71.72	153.89
37.79	-72.24	156.77
37.94	-72.84	159.88
38.08	-73.53	163.17
38.22	-74.33	166.62
38.37	-75.21	170.20
38.51	-76.17	173.88
38.66	-77.20	177.61
38.80	-78.28	-178.63
38.95	-79.41	-174.88
39.10	-80.58	-171.18
39.24	-81.76	-167.57
39.39	-82.95	-164.08
39.54	-84.13	-160.77
39.69	-85.30	-157.66
39.84	-86.44	-154.80
39.99	-87.53	-152.23
40.14	-88.56	-150.00
40.29	-89.53	-148.15
40.45	-90.40	-146.73
40.60	-91.17	-145.77
40.75	-91.83	-145.34
40.90	-92.35	-145.48
41.06	-92.72	-146.24
41.21	-92.94	-147.63
41.37	-93.02	-149.59
41.53	-92.96	-152.06
41.68	-92.79	-154.96
41.84	-92.52	-158.25
42.00	-92.15	-161.83
42.16	-91.72	-165.64
42.32	-91.22	-169.61
42.47	-90.69	-173.66
42.63	-90.12	-177.72
42.80	-89.54	178.30
42.96	-88.97	174.47
43.12	-88.42	170.88
43.28	-87.91	167.61
43.45	-87.45	164.75
43.61	-87.07	162.39
43.77	-86.78	160.60
43.94	-86.61	159.50
44.10	-86.56	159.14
44.27	-86.62	159.50
44.44	-86.78	160.52
44.61	-87.03	162.12
44.77	-87.34	164.26
44.94	-87.70	166.85
45.11	-88.09	169.85
45.28	-88.49	173.16
45.45	-88.89	176.73
45.63	-89.25	-179.51
45.80	-89.57	-175.65
45.97	-89.82	-171.75
46.14	-89.99	-167.90
46.32	-90.04	-164.17
46.49	-89.97	-160.65
46.67	-89.74	-157.42
46.84	-89.34	-154.55
47.02	-88.75	-152.14
47.20	-87.97	-150.19
47.38	-87.03	-148.70
47.56	-85.96	-147.65
47.74	-84.77	-147.03
47.92	-83.49	-146.84
48.10	-82.15	-147.05
48.28	-80.76	-147.67
48.46	-79.37	-148.67
48.64	-77.98	-150.04
48.83	-76.64	-151.77
49.01	-75.37	-153.85
49.20	-74.19	-156.27
49.38	-73.14	-159.00
49.57	-72.24	-162.04
49.75	-71.54	-165.37
49.94	-71.04	-168.97
50.13	-70.75	-172.81
50.32	-70.65	-176.86
50.51	-70.72	178.91
50.70	-70.93	174.56
50.89	-71.25	170.11
51.08	-71.67	165.61
51.28	-72.16	161.10
51.47	-72.68	156.62
51.66	-73.23	152.21
51.86	-73.77	147.93
52.05	-74.26	143.80
52.25	-74.70	139.88
52.45	-75.04	136.22
52.65	-75.25	132.87
52.85	-75.32	129.86
53.04	-75.23	127.23
53.24	-74.99	124.99
53.45	-74.62	123.14
53.65	-74.13	121.69
53.85	-73.54	120.66
54.05	-72.85	120.03
54.26	-72.10	119.84
54.46	-71.28	120.07
54.67	-70.43	120.75
54.87	-69.54	121.87
55.08	-68.65	123.45
55.29	-67.76	125.50
55.50	-66.89	128.02
55.71	-66.07	131.03
55.92	-65.30	134.47
56.13	-64.59	138.21
56.34	-63.94	142.06
56.55	-63.37	145.85
56.77	-62.86	149.41
56.98	-62.44	152.54
57.19	-62.09	155.07
57.41	-61.83	156.80
57.63	-61.67	157.53
57.84	-61.60	157.07
58.06	-61.63	155.20
58.28	-61.77	151.72
58.50	-62.02	146.42
58.72	-62.39	139.10
58.94	-62.87	129.90
59.17	-63.45	119.22
59.39	-64.11	107.50
59.61	-64.86	95.18
59.84	-65.67	82.72
60.06	-66.52	70.56
60.29	-67.42	59.18
60.52	-68.34	49.08
60.75	-69.26	40.73
60.98	-70.19	34.64
61.21	-71.09	31.33
61.44	-71.96	31.32
61.67	-72.78	35.11
61.90	-73.54	42.58
62.14	-74.24	53.20
62.37	-74.87	66.37
62.61	-75.42	81.52
62.84	-75.88	98.04
63.08	-76.26	115.31
63.32	-76.53	132.72
63.56	-76.70	149.61
63.80	-76.76	165.33
64.04	-76.70	179.19
64.28	-76.51	-169.47
64.52	-76.19	-161.37
64.76	-75.73	-156.85
65.01	-75.16	-155.60
65.25	-74.48	-157.22
65.50	-73.72	-161.30
65.75	-72.89	-167.45
66.00	-72.01	-175.22
66.24	-71.09	175.80
66.49	-70.17	166.07
66.75	-69.25	156.02
67.00	-68.35	146.13
67.25	-67.51	136.88
67.50	-66.72	128.72
67.76	-66.01	121.84
68.01	-65.37	116.06
68.27	-64.77	111.22
68.53	-64.22	107.12
68.79	-63.70	103.57
69.05	-63.21	100.39
69.31	-62.73	97.36
69.57	-62.25	94.30
69.83	-61.76	90.98
70.09	-61.26	87.21
70.36	-60.72	82.76
70.62	-60.14	77.49
70.89	-59.55	71.48
71.16	-58.97	64.81
71.43	-58.41	57.61
71.70	-57.91	49.97
71.97	-57.48	41.99
72.24	-57.15	33.79
72.51	-56.95	25.48
72.79	-56.90	17.17
73.06	-57.03	8.98
73.34	-57.36	1.03
73.61	-57.90	-6.59
73.89	-58.61	-13.89
74.17	-59.47	-20.83
74.45	-60.42	-27.42
74.73	-61.43	-33.63
75.01	-62.48	-39.46
75.29	-63.50	-44.90
75.58	-64.48	-49.92
75.86	-65.35	-54.53
76.15	-66.09	-58.70
76.44	-66.65	-62.44
76.73	-67.05	-65.73
77.02	-67.29	-68.60
77.31	-67.40	-71.06
77.60	-67.41	-73.11
77.89	-67.32	-74.78
78.18	-67.16	-76.07
78.48	-66.94	-77.00
78.78	-66.70	-77.59
79.07	-66.45	-77.84
79.37	-66.21	-77.76
79.67	-65.99	-77.32
79.97	-65.76	-76.47
80.27	-65.54	-75.14
80.58	-65.32	-73.28
80.88	-65.08	-70.85
81.19	-64.82	-67.77
81.49	-64.54	-63.99
81.80	-64.23	-59.45
82.11	-63.88	-54.09
82.42	-63.50	-47.96
82.73	-63.12	-41.32
83.04	-62.76	-34.46
83.35	-62.46	-27.67
83.67	-62.24	-21.26
83.99	-62.14	-15.55
84.30	-62.19	-10.84
84.62	-62.42	-7.47
84.94	-62.88	-5.78
85.26	-63.57	-6.00
85.58	-64.46	-8.00
85.90	-65.49	-11.47
86.23	-66.58	-16.13
86.55	-67.68	-21.68
86.88	-68.71	-27.79
87.21	-69.61	-34.17
87.54	-70.29	-40.48
87.87	-70.70	-46.40
88.20	-70.77	-51.63
88.53	-70.54	-56.10
88.87	-70.08	-59.82
89.20	-69.46	-62.78
89.54	-68.74	-64.99
89.88	-67.99	-66.44
90.22	-67.30	-67.14
90.56	-66.73	-67.08
90.90	-66.36	-66.28
91.24	-66.23	-64.82
91.59	-66.29	-63.02
91.93	-66.49	-61.23
92.28	-66.77	-59.80
92.63	-67.06	-59.08
92.98	-67.32	-59.45
93.33	-67.46	-61.29
93.68	-67.44	-64.96
94.03	-67.20	-70.80
94.39	-66.77	-78.43
94.74	-66.23	-87.21
95.10	-65.66	-96.46
95.46	-65.15	-105.49
95.82	-64.77	-113.60
96.18	-64.61	-120.05
96.54	-64.76	-124.12
96.91	-65.29	-125.10
97.27	-66.22	-122.93
97.64	-67.47	-118.05
98.01	-68.97	-110.90
98.38	-70.67	-101.95
98.75	-72.49	-91.66
99.12	-74.36	-80.51
99.50	-76.21	-69.01
99.87	-77.96	-57.65
100.25	-79.55	-46.95
100.63	-80.92	-37.47
101.01	-82.00	-29.74
101.39	-82.74	-24.32
101.77	-83.06	-21.81
102.16	-82.90	-22.77
102.54	-82.19	-27.82
102.93	-80.91	-37.23
103.32	-79.17	-49.96
103.71	-77.16	-64.64
104.10	-75.05	-79.84
104.49	-73.01	-94.11
104.88	-71.23	-105.96
105.28	-69.90	-113.88
105.68	-69.20	-116.38
106.08	-69.14	-113.45
106.48	-69.57	-106.48
106.88	-70.34	-96.93
107.28	-71.28	-86.32
107.69	-72.22	-76.19
108.09	-72.99	-68.11
108.50	-73.41	-63.71
108.91	-73.41	-63.75
109.32	-73.07	-67.40
109.73	-72.51	-73.57
110.15	-71.85	-81.17
110.56	-71.21	-89.09
110.98	-70.72	-96.18
111.40	-70.49	-101.27
111.82	-70.61	-103.67
112.24	-71.02	-103.91
112.67	-71.64	-102.73
113.09	-72.38	-100.87
113.52	-73.18	-99.09
113.95	-73.93	-98.18
114.38	-74.56	-98.93
114.81	-75.02	-101.77
115.24	-75.36	-106.46
115.68	-75.64	-112.67
116.11	-75.89	-120.07
116.55	-76.19	-128.30
116.99	-76.59	-137.03
117.43	-77.14	-145.87
117.87	-77.81	-154.25
118.32	-78.53	-161.40
118.77	-79.20	-166.51
119.21	-79.71	-168.79
119.66	-79.97	-167.40
120.12	-79.89	-161.49
120.57	-79.39	-150.67
121.02	-78.62	-136.53
121.48	-77.77	-121.16
121.94	-77.02	-106.74
122.40	-76.57	-95.46
122.86	-76.61	-89.60
123.32	-77.35	-91.27
123.79	-78.71	-100.05
124.26	-80.44	-113.44
124.73	-82.28	-128.84
125.20	-83.93	-143.57
125.67	-85.14	-154.93
126.14	-85.60	-160.16
126.62	-85.23	-158.31
127.10	-84.22	-151.23
127.58	-82.80	-141.00
128.06	-81.19	-129.77
128.54	-79.63	-119.74
129.03	-78.35	-113.14
129.51	-77.50	-111.30
130.00	-77.01	-113.68
130.49	-76.82	-119.52
130.98	-76.84	-128.02
131.48	-76.98	-138.39
131.98	-77.16	-149.79
132.47	-77.32	-161.28
132.97	-77.48	-171.76
133.48	-77.63	179.94
133.98	-77.80	175.00
134.48	-77.99	174.65
134.99	-78.21	-179.94
135.50	-78.48	-169.07
136.01	-78.78	-154.82
136.53	-79.12	-139.44
137.04	-79.48	-125.22
137.56	-79.86	-114.48
138.08	-80.26	-109.42
138.60	-80.64	-110.39
139.12	-80.93	-116.71
139.65	-81.09	-127.69
140.17	-81.06	-142.62
140.70	-80.77	-160.77
141.23	-80.24	179.24
141.77	-79.68	160.49
142.30	-79.33	146.40
142.84	-79.43	140.45
143.38	-80.23	146.21
143.92	-81.96	166.83
144.46	-84.37	-160.55
145.01	-86.94	-122.67
145.55	-89.10	-86.52
146.10	-90.29	-59.23
146.65	-89.94	-48.05
147.21	-87.92	-55.50
147.76	-84.83	-75.99
148.32	-81.38	-103.06
148.88	-78.29	-130.08
149.44	-76.29	-150.29
150.01	-75.90	-158.99
150.57	-76.81	-159.21
151.14	-78.57	-155.74
151.71	-80.68	-153.45
152.28	-82.66	-157.36
152.86	-84.05	-171.60
153.43	-84.78	164.97
154.01	-84.91	135.38
154.59	-84.49	102.70
155.18	-83.56	70.12
155.76	-82.19	40.50
156.35	-80.58	14.33
156.94	-78.97	-8.86
157.53	-77.58	-29.59
158.13	-76.68	-48.35
158.72	-76.46	-65.60
159.32	-76.76	-81.40
159.93	-77.32	-95.66
160.53	-77.85	-108.28
161.13	-78.06	-119.16
161.74	-77.75	-128.12
162.35	-77.11	-134.61
162.97	-76.42	-137.96
163.58	-75.98	-137.52
164.20	-76.06	-132.59
164.82	-76.78	-123.40
165.44	-77.76	-112.14
166.06	-78.60	-101.30
166.69	-78.84	-93.43
167.32	-78.09	-91.03
167.95	-76.34	-94.57
168.58	-74.03	-102.56
169.22	-71.62	-113.36
169.86	-69.59	-125.31
170.50	-68.33	-136.92
171.14	-67.78	-147.71
171.79	-67.72	-157.58
172.44	-67.93	-166.43
173.09	-68.18	-174.13
173.74	-68.41	179.58
174.40	-68.79	175.21
175.06	-69.55	173.26
175.72	-70.89	174.28
176.38	-72.94	178.49
177.04	-75.34	-175.69
177.71	-77.56	-170.48
178.38	-79.05	-168.14
179.06	-79.28	-170.87
179.73	-78.26	-178.63
180.41	-76.53	170.90
181.09	-74.66	160.17
181.77	-73.24	151.69
182.46	-72.66	147.04
183.15	-72.77	145.57
183.84	-73.37	146.30
184.53	-74.24	148.23
185.23	-75.19	150.56
185.93	-76.14	153.50
186.63	-77.04	157.56
187.33	-77.85	163.25
188.04	-78.51	171.13
188.75	-78.92	-178.13
189.46	-78.93	-163.77
190.18	-78.40	-145.05
190.90	-77.21	-121.53
191.62	-75.64	-97.09
192.34	-74.24	-78.66
193.07	-73.57	-73.36
193.79	-74.17	-87.86
194.53	-75.82	-119.53
195.26	-77.73	-158.22
196.00	-79.07	166.60
196.74	-79.05	145.09
197.48	-77.65	138.21
198.22	-75.53	139.68
198.97	-73.34	142.91
199.72	-71.74	141.71
200.48	-71.01	136.09
201.23	-71.19	130.17
201.99	-72.33	128.21
202.75	-74.42	133.67
203.52	-76.97	143.17
204.29	-79.27	150.07
205.06	-80.61	147.58
205.83	-80.50	131.15
206.61	-79.67	106.69
207.39	-79.14	83.11
208.17	-79.99	69.51
208.96	-82.59	70.65
209.74	-85.80	81.55
210.54	-88.24	95.75
211.33	-88.55	106.85
212.13	-86.53	112.79
212.93	-83.22	116.00
213.73	-79.75	119.20
214.54	-77.12	124.29
215.35	-75.59	127.54
216.16	-75.08	122.73
216.98	-75.49	103.56
217.80	-76.72	69.81
218.62	-78.65	34.44
219.44	-81.11	12.43
220.27	-83.93	17.69
221.10	-86.59	47.94
221.94	-88.34	89.77
222.77	-88.42	129.28
223.61	-86.47	156.47
224.46	-83.29	172.32
225.30	-79.90	179.71
226.15	-77.29	-178.71
227.01	-76.15	176.70
227.86	-76.93	163.55
228.72	-80.09	139.41
229.59	-85.27	106.43
230.45	-90.39	76.03
231.32	-93.15	60.96
232.20	-91.68	71.39
233.07	-87.21	99.92
233.95	-82.13	132.24
234.84	-78.84	154.18
235.72	-77.96	160.99
236.61	-78.46	157.15
237.50	-79.17	147.59
238.40	-79.47	136.90
239.30	-79.88	128.87
240.20	-81.07	127.22
241.11	-83.41	134.10
242.02	-85.84	144.12
242.93	-86.90	149.68
243.85	-85.31	144.14
244.77	-81.85	130.70
245.69	-78.41	117.88
246.62	-76.83	113.95
247.55	-77.26	119.13
248.48	-78.41	126.71
249.42	-78.96	129.75
250.36	-78.54	125.71
251.31	-78.04	117.57
252.26	-78.45	108.69
253.21	-80.01	100.77
254.16	-81.83	92.62
255.12	-82.87	82.83
256.09	-82.69	72.62
257.05	-82.02	68.48
258.02	-81.72	77.60
259.00	-82.20	100.31
259.97	-82.83	121.87
260.95	-82.85	125.29
261.94	-82.08	105.09
262.93	-81.66	81.13
263.92	-82.92	76.88
264.92	-86.17	100.30
265.92	-89.62	128.10
266.92	-91.25	133.14
267.93	-90.14	108.38
268.94	-87.20	80.47
269.95	-83.55	79.00
270.97	-80.44	105.48
271.99	-79.19	125.24
273.02	-81.09	102.88
274.05	-85.21	46.62
275.08	-88.61	4.80
276.12	-88.55	22.23
277.16	-85.56	83.11
278.21	-82.17	135.13
279.26	-80.49	134.91
280.31	-80.07	96.77
281.37	-79.54	55.48
282.43	-78.44	35.35
283.50	-79.04	29.00
284.57	-84.08	23.33
285.64	-92.91	15.90
286.72	-99.87	20.00
287.80	-99.35	48.56
288.89	-92.49	90.57
289.98	-85.27	117.87
291.07	-82.65	109.32
292.17	-83.73	81.14
293.27	-85.86	60.99
294.38	-87.20	59.58
295.49	-87.57	55.93
296.61	-87.00	26.96
297.73	-86.61	-27.40
298.85	-88.28	-90.60
299.98	-92.91	-147.01
301.11	-97.40	173.08
302.25	-97.77	157.74
303.39	-93.34	162.04
304.53	-87.62	165.03
305.68	-83.94	149.00
306.83	-82.54	124.52
307.99	-82.52	112.95
309.15	-82.94	121.21
310.32	-82.85	132.41
311.49	-81.48	129.76
312.67	-79.46	115.59
313.85	-78.07	100.86
315.03	-77.89	91.48
316.22	-78.36	84.76
317.41	-78.92	77.58
318.61	-79.60	69.76
319.81	-80.68	62.37
321.02	-82.08	57.16
322.23	-83.27	56.78
323.45	-83.76	62.72
324.67	-83.62	70.77
325.89	-83.08	75.30
327.12	-82.31	75.27
328.36	-81.47	73.57
329.60	-80.85	68.63
330.84	-80.92	48.15
332.09	-82.06	2.66
333.34	-83.71	-45.87
334.60	-84.91	-63.41
335.86	-86.30	-54.92
337.13	-90.10	-66.65
338.40	-96.32	-121.09
339.68	-99.09	-175.72
340.96	-93.28	170.88
342.25	-84.02	170.49
343.54	-79.87	132.27
344.83	-81.14	67.14
346.14	-81.53	35.44
347.44	-79.20	62.37
348.75	-79.77	114.30
350.07	-86.17	156.15
351.39	-90.83	165.54
352.72	-86.26	128.91
354.05	-78.34	72.55
355.38	-77.17	35.03
356.72	-82.42	18.00
358.07	-86.98	-0.29
359.42	-87.68	-16.22
360.78	-85.68	1.33
362.14	-82.46	56.71
363.51	-79.52	107.18
364.88	-78.17	122.15
366.25	-79.00	113.80
367.64	-81.74	98.57
369.02	-83.11	83.55
370.42	-80.23	73.65
371.81	-75.87	73.31
373.22	-74.14	85.94
374.63	-75.04	108.51
376.04	-76.93	133.89
377.46	-79.39	143.84
378.88	-82.55	117.36
380.31	-85.32	74.59
381.75	-85.96	59.60
383.19	-84.31	69.27
384.63	-81.34	67.12
386.09	-77.45	56.18
387.54	-72.70	70.22
389.00	-69.87	99.87
390.47	-73.68	100.28
391.95	-81.19	74.18
393.43	-83.22	64.25
394.91	-79.86	69.19
396.40	-78.76	52.00
397.90	-80.09	19.57
399.40	-78.43	11.22
400.90	-75.03	23.53
402.42	-75.38	25.12
403.94	-78.23	17.13
405.46	-78.80	18.58
406.99	-78.00	27.29
408.53	-78.91	31.28
410.07	-80.19	25.64
411.61	-79.45	10.67
413.17	-78.27	-2.02
414.73	-78.90	-3.64
416.29	-81.68	-7.50
417.86	-85.38	-19.97
419.44	-85.89	-18.98
421.02	-82.44	2.52
422.61	-80.27	20.01
424.21	-80.64	25.60
425.81	-79.94	32.42
427.41	-77.75	38.27
429.03	-75.98	31.47
430.65	-75.01	19.89
432.27	-74.43	15.37
433.90	-73.79	8.41
435.54	-73.00	-7.83
437.18	-72.85	-20.70
438.83	-73.34	-25.27
440.49	-73.35	-30.27
442.15	-73.14	-42.48
443.82	-73.91	-64.57
445.49	-76.39	-86.97
447.18	-80.37	-109.50
448.86	-83.53	-172.40
450.56	-84.21	89.36
452.26	-82.40	31.47
453.96	-79.83	19.64
455.68	-78.89	12.56
457.40	-79.15	3.69
459.12	-79.19	-3.03
460.85	-77.65	-6.33
462.59	-75.01	-8.77
464.34	-73.43	-16.01
466.09	-73.43	-31.40
467.85	-74.76	-51.04
469.62	-76.99	-55.85
471.39	-78.83	-44.49
473.17	-78.57	-35.37
474.95	-77.61	-38.18
476.74	-77.59	-50.51
478.54	-77.68	-52.20
480.35	-77.10	-40.80
482.16	-75.60	-30.89
483.98	-73.74	-33.42
485.81	-72.39	-48.74
487.64	-72.38	-62.86
489.48	-72.89	-69.04
491.33	-72.83	-69.22
493.18	-73.03	-75.33
495.04	-73.60	-87.57
496.91	-73.95	-95.95
498.79	-74.71	-101.26
500.67	-75.08	-107.78
502.56	-73.22	-119.26
504.45	-76.38	-132.70
506.36	-84.82	-131.32
508.27	-82.65	-88.18
510.19	-78.84	-56.95
512.11	-82.90	-70.82
514.04	-77.91	-41.58
515.98	-68.42	-26.17
517.93	-66.90	-93.49
519.89	-68.95	-123.20
521.85	-70.60	-115.10
523.82	-71.12	-128.86
525.79	-72.78	-146.21
527.78	-75.36	-159.25
529.77	-77.92	-167.68
531.77	-81.25	-159.71
533.78	-81.64	-127.07
535.79	-78.11	-96.25
537.81	-78.01	-127.82
539.84	-81.42	-131.61
541.88	-83.44	-78.01
543.92	-79.22	-79.42
545.98	-74.69	-104.53
548.04	-74.67	-125.35
550.10	-78.21	-144.87
552.18	-79.79	-118.41
554.26	-77.05	-87.07
556.35	-72.39	-103.86
558.45	-71.21	-131.13
560.56	-72.04	-146.31
562.68	-72.25	-143.91
564.80	-71.65	-134.62
566.93	-72.11	-149.07
569.07	-72.63	-167.74
571.22	-72.22	-169.74
573.37	-72.37	-176.72
575.54	-72.40	174.40
577.71	-73.20	169.73
579.89	-74.52	169.32
582.08	-72.65	167.42
584.27	-73.16	150.98
586.48	-76.03	133.50
588.69	-77.45	133.29
590.91	-80.21	138.33
593.14	-84.57	169.33
595.38	-85.05	-163.80
597.63	-79.64	-171.37
599.88	-76.81	-172.34
602.15	-77.18	-178.25
604.42	-79.22	143.34
606.70	-81.88	143.51
608.99	-82.67	-97.46
611.29	-75.71	-80.71
613.59	-67.81	-133.95
615.91	-65.12	-174.01
618.23	-66.59	159.91
620.57	-68.83	136.05
622.91	-70.72	131.71
625.26	-72.01	135.55
627.62	-73.13	130.65
629.99	-74.76	125.38
632.36	-76.41	138.61
634.75	-75.34	145.23
637.15	-74.09	142.80
639.55	-73.78	142.63
641.96	-72.30	147.32
644.39	-68.97	144.18
646.82	-66.55	118.45
649.26	-68.36	94.18
651.71	-71.27	84.59
654.17	-72.89	82.97
656.64	-74.59	87.66
659.11	-75.32	101.79
661.60	-71.72	103.15
664.10	-71.29	93.56
666.60	-73.05	87.64
669.12	-73.07	95.93
671.64	-70.54	102.64
674.18	-67.79	86.15
676.72	-68.57	61.42
679.28	-71.60	52.38
681.84	-72.65	56.78
684.41	-71.99	52.06
687.00	-73.51	45.11
689.59	-73.74	44.91
692.19	-71.20	46.28
694.80	-71.51	37.47
697.42	-73.24	16.84
700.06	-74.24	19.95
702.70	-74.08	16.76
705.35	-78.38	17.70
708.01	-76.23	30.77
710.68	-75.26	36.22
713.36	-76.88	39.51
716.06	-74.79	49.35
718.76	-71.98	47.22
721.47	-71.22	31.48
724.19	-70.84	21.09
726.93	-70.40	7.48
729.67	-71.39	-9.77
732.42	-72.35	-8.67
735.19	-72.66	-19.65
737.96	-75.07	-45.09
740.75	-78.08	-51.52
743.54	-78.30	-7.06
746.35	-75.61	0.72
749.16	-76.65	-25.97
751.99	-76.99	-15.74
754.83	-75.17	-25.46
757.68	-78.13	-40.86
760.54	-79.06	-18.18
763.41	-76.67	-18.26
766.29	-76.40	-33.64
769.18	-77.54	-44.40
772.08	-79.87	-42.45
774.99	-78.59	-37.30
777.92	-81.98	-32.81
780.85	-78.24	-12.51
783.80	-78.40	-17.57
786.76	-78.51	-15.93
789.73	-76.69	7.98
792.71	-68.34	7.27
795.70	-66.27	-53.15
798.70	-69.45	-80.21
801.71	-73.28	-104.26
804.74	-73.30	-84.11
807.78	-74.82	-121.39
810.83	-80.12	-118.19
813.88	-79.83	-131.04
816.96	-82.11	4.05
820.04	-75.02	-32.03
823.13	-73.25	-61.97
826.24	-73.19	-80.11
829.36	-73.71	-109.77
832.49	-77.98	-115.26
835.63	-78.57	-118.59
838.78	-77.85	-69.55
841.95	-73.38	-95.79
845.12	-72.12	-146.34
848.31	-75.84	-176.09
851.51	-77.04	162.11
854.73	-80.50	120.96
857.95	-89.38	48.21
861.19	-82.89	-10.55
864.44	-82.82	-106.99
867.70	-82.61	167.47
870.98	-81.88	56.49
874.26	-76.55	-14.41
877.56	-72.72	-59.89
880.87	-73.01	-91.92
884.20	-73.57	-101.77
887.53	-72.89	-121.37
890.88	-75.66	-142.28
894.25	-77.49	-126.11
897.62	-77.55	-151.78
901.01	-82.16	-149.17
904.41	-84.96	-147.84
907.82	-82.09	-162.27
911.25	-89.78	148.12
914.68	-91.39	-40.00
918.14	-78.85	-93.07
921.60	-79.59	-134.60
925.08	-76.33	-98.59
928.57	-74.08	-120.79
932.07	-74.45	-134.26
935.59	-73.27	-152.61
939.12	-75.16	176.95
942.67	-77.11	177.54
946.22	-79.05	164.55
949.79	-80.67	-166.42
953.38	-79.06	-174.71
956.97	-79.18	-157.93
960.59	-74.35	-140.37
964.21	-71.35	-160.03
967.85	-73.31	175.55
971.50	-72.44	165.14
975.17	-70.62	162.33
978.85	-71.65	128.05
982.54	-75.49	136.98
986.25	-75.99	139.99
989.97	-73.39	149.27
993.71	-74.12	110.86
997.46	-83.26	87.04
1001.22	-85.00	136.56
1005.00	-77.98	163.27
1008.79	-74.83	142.96
1012.60	-75.76	113.21
1016.42	-78.23	137.99
1020.25	-75.18	154.41
1024.10	-71.72	127.86
1027.97	-75.58	109.57
1031.85	-76.48	124.62
1035.74	-72.31	120.21
1039.65	-72.14	117.81
1043.57	-72.67	117.93
1047.51	-70.34	117.12
1051.46	-68.64	107.33
1055.43	-68.30	94.43
1059.41	-67.30	78.69
1063.41	-68.68	70.96
1067.43	-67.05	73.99
1071.45	-66.89	51.86
1075.50	-66.97	41.20
1079.55	-66.97	26.93
1083.63	-68.59	15.61
1087.72	-70.25	15.59
1091.82	-70.00	14.84
1095.94	-70.59	1.53
1100.08	-73.39	0.12
1104.23	-71.61	-2.71
1108.40	-72.64	-13.08
1112.58	-74.82	-9.70
1116.78	-72.33	-12.28
1120.99	-74.71	-18.65
1125.22	-70.91	-10.06
1129.47	-71.23	-37.52
1133.73	-75.95	-49.57
1138.01	-77.55	-19.44
1142.30	-73.60	-22.30
1146.61	-73.64	-31.68
1150.94	-72.39	-32.94
1155.28	-73.20	-43.75
1159.64	-72.46	-59.15
1164.02	-72.98	-73.10
1168.41	-73.02	-77.96
1172.82	-74.50	-104.15
1177.25	-80.15	-79.42
1181.69	-76.00	-53.16
1186.15	-74.69	-67.36
1190.62	-73.80	-84.48
1195.12	-79.52	-69.09
1199.63	-74.54	-61.20
1204.15	-74.31	-57.74
1208.70	-72.38	-69.93
1213.26	-71.32	-64.86
1217.84	-67.51	-91.55
1222.43	-68.70	-110.26
1227.04	-70.77	-130.04
1231.67	-72.34	-122.98
1236.32	-71.75	-129.25
1240.99	-72.14	-127.20
1245.67	-70.76	-140.95
1250.37	-72.77	-154.64
1255.09	-72.03	-143.03
1259.83	-71.55	-156.79
1264.58	-73.49	-172.80
1269.35	-73.53	-171.53
1274.14	-74.54	-175.55
1278.95	-74.42	-150.67
1283.78	-71.35	-172.29
1288.62	-70.78	174.96
1293.48	-69.33	173.74
1298.36	-68.94	145.94
1303.26	-71.19	131.15
1308.18	-75.26	132.80
1313.12	-73.15	143.43
1318.07	-71.59	131.67
1323.05	-72.90	117.14
1328.04	-72.50	116.53
1333.05	-72.18	99.77
1338.08	-75.57	94.86
1343.13	-75.14	98.50
1348.20	-74.33	82.80
1353.29	-78.39	67.32
1358.39	-76.38	87.38
1363.52	-73.13	73.89
1368.67	-75.42	35.37
1373.83	-82.10	86.80
1379.01	-73.96	133.95
1384.22	-72.79	86.38
1389.44	-72.58	77.59
1394.68	-72.18	62.45
1399.95	-72.22	50.83
1405.23	-73.22	33.95
1410.53	-74.86	15.17
1415.86	-80.62	37.17
1421.20	-73.62	34.84
1426.56	-73.21	4.34
1431.94	-75.62	8.19
1437.35	-74.89	-11.56
1442.77	-73.87	-29.85
1448.22	-79.04	-37.12
1453.68	-86.94	-39.17
1459.17	-85.68	5.33
1464.67	-83.09	40.65
1470.20	-79.80	0.38
1475.75	-76.63	-4.72
1481.32	-80.64	-27.73
1486.91	-79.71	-2.07
1492.52	-77.55	-27.00
1498.15	-80.10	-19.24
1503.80	-79.60	-33.34
1509.48	-76.31	-60.76
1515.17	-77.36	-55.16
1520.89	-81.31	-76.24
1526.63	-85.37	-115.78
1532.39	-82.36	-58.86
1538.17	-81.93	-74.20
1543.98	-81.93	-48.92
1549.81	-83.56	-89.25
1555.65	-88.25	-85.14
1561.52	-84.19	-30.30
1567.42	-87.77	-164.01
1573.33	-79.81	-8.71
1579.27	-77.82	-35.00
1585.23	-75.51	-55.82
1591.21	-73.23	-77.47
1597.21	-73.80	-106.19
1603.24	-77.70	-121.52
1609.29	-76.63	-115.49
1615.36	-77.12	-157.92
1621.46	-81.76	116.16
1627.58	-83.67	-69.51
1633.72	-79.08	-67.15
1639.89	-76.33	-79.59
1646.07	-72.62	-86.39
1652.29	-69.35	-122.91
1658.52	-69.89	-155.76
1664.78	-72.24	170.61
1671.06	-73.68	-170.16
1677.37	-74.16	177.06
1683.70	-71.66	171.05
1690.05	-74.19	162.01
1696.43	-72.54	151.92
1702.83	-74.54	150.08
1709.26	-72.40	151.52
1715.70	-73.25	133.83
1722.18	-73.32	143.61
1728.68	-71.22	127.25
1735.20	-70.85	120.54
1741.75	-71.01	103.24
1748.32	-71.12	93.60
1754.92	-71.09	82.40
1761.54	-71.18	72.61
1768.19	-71.96	62.65
1774.86	-72.83	65.56
1781.56	-73.01	61.14
1788.28	-71.66	58.62
1795.03	-70.36	38.36
1801.80	-71.18	15.31
1808.60	-74.32	18.92
1815.43	-72.02	32.54
1822.28	-69.86	14.36
1829.15	-69.08	-9.27
1836.06	-73.84	-25.67
1842.99	-73.70	-20.10
1849.94	-72.69	-21.92
1856.92	-71.86	-28.68
1863.93	-71.30	-44.41
1870.96	-72.60	-59.34
1878.02	-73.86	-69.97
1885.11	-73.68	-72.00
1892.22	-71.72	-77.72
1899.36	-73.15	-91.30
1906.53	-73.70	-107.43
1913.72	-75.70	-117.77
1920.95	-77.01	-111.26
1928.19	-72.51	-112.58
1935.47	-71.84	-158.23
1942.77	-75.21	-169.95
1950.11	-74.97	159.88
1957.46	-81.43	139.76
1964.85	-81.08	141.17
1972.27	-85.71	109.44
1979.71	-85.77	-163.08
1987.18	-81.62	174.72
1994.68	-85.59	-4.78
2002.20	-83.56	-172.72
2009.76	-85.63	55.69
2017.34	-84.94	-117.68
2024.96	-85.30	-80.96
2032.60	-76.61	-97.14
2040.27	-73.64	-177.43
2047.97	-76.73	160.84
2055.70	-74.98	159.37
2063.45	-74.76	119.40
2071.24	-75.92	92.34
2079.06	-77.79	38.86
2086.90	-80.10	-65.82
2094.78	-77.53	160.68
2102.68	-79.74	111.32
2110.62	-85.10	153.38
2118.58	-81.48	123.56
2126.57	-83.31	-173.66
2134.60	-75.13	142.72
2142.65	-77.10	96.59
2150.74	-79.07	117.57
2158.86	-77.45	107.34
2167.00	-74.69	121.63
2175.18	-72.49	74.52
2183.39	-72.43	66.50
2191.63	-72.75	36.41
2199.90	-76.00	23.10
2208.20	-74.96	40.02
2216.53	-73.49	27.88
2224.90	-73.25	18.82
2233.29	-74.28	-1.26
2241.72	-73.63	-0.38
2250.18	-73.00	-12.11
2258.67	-71.34	-35.97
2267.19	-73.71	-58.99
2275.75	-75.66	-48.71
2284.34	-74.26	-58.65
2292.96	-73.05	-64.15
2301.61	-74.45	-85.07
2310.29	-75.30	-90.65
2319.01	-73.58	-81.61
2327.76	-71.30	-104.96
2336.55	-72.73	-130.27
2345.36	-72.14	-149.16
2354.21	-74.96	-151.10
2363.10	-73.56	-160.40
2372.02	-75.25	-165.69
2380.97	-72.90	172.54
2389.95	-75.03	170.18
2398.97	-75.26	151.56
2408.02	-76.19	145.32
2417.11	-77.96	143.37
2426.23	-74.44	140.03
2435.39	-75.21	117.60
2444.58	-76.09	96.44
2453.80	-78.08	100.78
2463.06	-77.20	84.67
2472.35	-78.82	67.17
2481.68	-79.57	90.15
2491.05	-77.60	72.65
2500.45	-77.69	27.31
2509.88	-88.70	24.71
2519.36	-83.84	78.48
2528.86	-78.41	55.71
2538.41	-81.59	42.97
2547.98	-81.84	28.35
2557.60	-81.66	62.26
2567.25	-80.18	41.73
2576.94	-77.33	38.03
2586.66	-79.04	9.12
2596.42	-81.51	-3.20
2606.22	-84.46	1.93
2616.06	-83.49	26.95
2625.93	-75.38	16.06
2635.84	-74.31	-21.75
2645.78	-76.40	-41.04
2655.77	-75.51	-46.41
2665.79	-76.88	-61.14
2675.85	-76.72	-47.45
2685.95	-73.19	-77.07
2696.08	-74.97	-101.91
2706.26	-76.21	-116.12
2716.47	-74.35	-130.29
2726.72	-80.24	-140.51
2737.01	-78.85	-135.78
2747.34	-75.11	-144.76
2757.70	-76.09	-158.72
2768.11	-75.97	-173.55
2778.56	-76.04	165.37
2789.04	-79.62	162.75
2799.57	-78.26	170.77
2810.13	-76.65	153.89
2820.73	-75.68	145.59
2831.38	-75.28	134.96
2842.06	-76.50	138.30
2852.79	-74.05	112.29
2863.55	-74.15	94.70
2874.36	-72.71	94.92
2885.21	-73.33	71.96
2896.09	-73.09	60.30
2907.02	-74.73	42.05
2917.99	-72.92	47.18
2929.00	-72.52	20.94
2940.06	-73.70	11.43
2951.15	-72.15	3.68
2962.29	-74.23	-17.28
2973.47	-74.08	-15.50
2984.69	-74.67	-36.98
2995.95	-74.00	-47.23
3007.25	-72.72	-72.16
3018.60	-77.01	-83.12
3029.99	-76.95	-84.00
3041.43	-76.11	-95.91
3052.90	-78.55	-99.98
3064.42	-76.35	-122.55
3075.99	-76.65	-129.46
3087.60	-75.37	-154.75
3099.25	-76.64	-169.28
3110.94	-77.83	179.91
3122.68	-80.65	162.83
3134.47	-80.62	-174.21
3146.29	-81.56	175.08
3158.17	-76.59	166.44
3170.08	-78.23	131.37
3182.05	-81.93	122.88
3194.05	-81.38	136.50
3206.11	-77.76	139.75
3218.21	-74.74	122.48
3230.35	-79.21	86.36
3242.54	-76.79	101.13
3254.77	-75.51	94.02
3267.06	-74.45	65.11
3279.39	-76.56	62.47
3291.76	-72.86	57.25
3304.18	-73.48	25.89
3316.65	-73.18	16.22
3329.17	-73.43	-15.25
3341.73	-76.91	-9.37
3354.34	-74.93	-32.01
3367.00	-77.67	-35.54
3379.70	-76.64	-39.04
3392.46	-74.80	-69.74
3405.26	-78.52	-58.38
3418.11	-75.78	-74.85
3431.01	-74.86	-93.98
3443.95	-75.31	-123.30
3456.95	-76.23	-130.41
3469.99	-76.76	-144.18
3483.09	-74.74	-151.04
3496.23	-75.47	179.18
3509.43	-78.21	169.09
3522.67	-75.89	172.85
3535.96	-76.20	147.41
3549.31	-76.99	133.78
3562.70	-76.20	130.12
3576.14	-75.64	114.73
3589.64	-75.30	96.48
3603.18	-74.80	76.85
3616.78	-75.43	65.86
3630.43	-76.36	54.85
3644.13	-78.26	44.16
3657.88	-75.30	32.81
3671.68	-76.16	9.03
3685.54	-80.00	-21.49
3699.45	-80.76	9.67
3713.41	-77.98	1.27
3727.42	-77.40	-41.20
3741.49	-81.80	-52.13
3755.60	-81.76	-30.63
3769.78	-79.97	-48.54
3784.00	-78.86	-74.45
3798.28	-81.86	-78.42
3812.61	-77.08	-86.05
3827.00	-77.97	-102.08
3841.44	-79.13	-133.37
3855.94	-78.87	-122.48
3870.49	-78.59	-138.90
3885.09	-75.52	-152.82
3899.75	-74.52	168.91
3914.47	-77.73	165.96
3929.24	-76.06	168.47
3944.07	-75.11	142.32
3958.95	-74.87	124.90
3973.89	-73.93	124.54
3988.89	-72.52	92.05
4003.94	-74.45	65.12
4019.05	-73.47	68.25
4034.22	-75.11	54.93
4049.44	-72.74	43.84
4064.72	-72.75	18.09
4080.06	-74.14	-6.22
4095.46	-75.81	-17.67
4110.91	-75.97	-28.47
4126.42	-75.05	-37.78
4141.99	-74.11	-23.52
4157.62	-71.59	-69.97
4173.31	-76.22	-95.26
4189.06	-74.42	-75.00
4204.87	-71.85	-105.97
4220.74	-73.01	-140.90
4236.66	-74.25	-144.15
4252.65	-72.42	-165.13
4268.70	-74.14	179.56
4284.81	-71.84	164.80
4300.98	-73.22	148.48
4317.21	-71.42	143.38
4333.50	-70.86	113.82
4349.85	-72.28	102.23
4366.26	-70.56	93.21
4382.74	-70.32	55.16
4399.28	-73.64	53.29
4415.88	-71.11	44.88
4432.54	-70.55	21.54
4449.27	-70.54	3.22
4466.06	-69.61	-16.59
4482.91	-71.39	-31.67
4499.83	-71.93	-51.37
4516.81	-71.79	-56.63
4533.85	-70.07	-76.63
4550.96	-69.28	-106.89
4568.14	-71.11	-125.03
4585.37	-69.69	-134.78
4602.68	-69.40	-167.93
4620.05	-71.73	176.93
4637.48	-70.02	164.27
4654.98	-70.07	149.40
4672.55	-70.99	121.55
4690.18	-72.28	113.91
4707.88	-69.81	101.36
4725.64	-69.98	80.36
4743.48	-70.09	65.13
4761.38	-69.86	39.24
4779.34	-71.66	26.34
4797.38	-70.05	15.44
4815.48	-71.50	-4.76
4833.65	-71.24	-10.78
4851.89	-70.15	-29.77
4870.20	-69.37	-40.77
4888.58	-67.10	-66.02
4907.03	-67.47	-97.49
4925.54	-68.62	-124.28
4944.13	-69.50	-127.62
4962.79	-67.17	-157.24
4981.52	-68.35	-178.62
5000.31	-66.89	159.42
5019.18	-68.93	138.25
5038.12	-68.58	122.67
5057.14	-69.25	101.23
5076.22	-68.09	92.56
5095.37	-66.71	63.67
5114.60	-68.22	45.03
5133.90	-68.04	30.33
5153.27	-68.76	1.68
5172.72	-69.02	-14.06
5192.24	-70.17	-21.64
5211.83	-67.75	-48.67
5231.50	-69.61	-71.90
5251.24	-68.90	-99.49
5271.06	-69.80	-118.22
5290.95	-70.38	-129.76
5310.91	-69.80	-153.80
5330.96	-68.81	-166.48
5351.07	-68.99	170.79
5371.27	-68.03	153.83
5391.53	-67.51	115.97
5411.88	-69.49	106.88
5432.30	-67.90	93.96
5452.80	-68.57	63.60
5473.38	-67.08	47.99
5494.03	-68.23	17.95
5514.76	-67.93	5.11
5535.57	-69.04	-26.29
5556.46	-70.44	-42.20
5577.43	-68.83	-53.95
5598.48	-68.21	-88.56
5619.60	-70.84	-114.51
5640.81	-69.68	-127.56
5662.10	-70.52	-155.34
5683.46	-69.94	-173.03
5704.91	-69.31	160.46
5726.44	-71.05	132.47
5748.05	-70.86	116.08
5769.74	-72.56	92.29
5791.51	-72.32	96.00
5813.36	-71.66	73.51
5835.30	-71.63	58.95
5857.32	-70.36	28.20
5879.42	-73.53	1.51
5901.61	-73.83	0.06
5923.88	-73.07	-20.06
5946.23	-74.21	-33.52
5968.67	-69.47	-50.37
5991.20	-71.83	-87.41
6013.80	-71.75	-98.28
6036.50	-71.14	-128.31
6059.28	-70.93	-144.62
6082.14	-68.36	-168.49
6105.09	-68.52	156.27
6128.13	-68.22	137.89
6151.26	-68.76	104.65
6174.47	-68.03	94.35
6197.77	-67.32	58.78
6221.16	-68.14	37.50
6244.63	-69.08	17.17
6268.20	-68.86	-10.31
6291.85	-69.78	-16.46
6315.59	-67.84	-50.96
6339.42	-69.94	-75.39
6363.35	-69.55	-95.92
6387.36	-69.05	-118.86
6411.46	-68.92	-144.75
6435.66	-68.27	-173.21
6459.94	-69.75	167.79
6484.32	-67.72	152.42
6508.79	-68.11	124.52
6533.35	-66.55	96.46
6558.00	-67.47	71.74
6582.75	-67.82	47.24
6607.59	-68.69	35.29
6632.53	-66.82	17.63
6657.55	-66.31	-20.72
6682.68	-66.90	-44.07
6707.90	-66.43	-68.85
6733.21	-66.05	-95.92
6758.62	-65.14	-122.54
6784.12	-65.04	-157.21
6809.72	-66.30	172.96
6835.42	-67.36	147.46
6861.21	-66.17	136.61
6887.10	-66.89	104.84
6913.09	-65.63	82.64
6939.18	-67.01	52.34
6965.36	-67.97	38.32
6991.65	-65.90	23.74
7018.03	-66.24	0.66
7044.51	-65.59	-25.63
7071.10	-63.36	-46.92
7097.78	-63.04	-84.89
7124.56	-62.43	-114.29
7151.45	-62.13	-146.14
7178.44	-62.67	-165.40
7205.52	-60.62	158.64
7232.71	-60.39	138.65
7260.01	-59.11	94.93
7287.40	-60.18	68.37
7314.90	-60.00	45.22
7342.51	-59.02	15.76
7370.21	-57.91	-20.40
7398.03	-58.16	-55.41
7425.94	-59.26	-88.77
7453.97	-58.96	-114.22
7482.09	-58.09	-151.36
7510.33	-58.84	172.52
7538.67	-59.11	142.83
7567.12	-59.73	116.86
7595.67	-59.23	80.89
7624.33	-59.36	56.09
7653.10	-59.97	19.10
7681.98	-60.93	-8.00
7710.97	-60.83	-34.89
7740.07	-61.14	-75.25
7769.28	-62.62	-103.37
7798.60	-63.03	-125.93
7828.02	-62.79	-164.95
7857.56	-63.19	173.35
7887.21	-64.07	138.79
7916.98	-63.31	114.88
7946.85	-63.69	83.17
7976.84	-64.56	51.11
8006.94	-65.23	29.86
8037.16	-65.15	-1.72
8067.49	-65.55	-21.75
8097.93	-65.90	-61.10
8128.49	-67.34	-76.68
8159.16	-65.43	-98.80
8189.95	-63.90	-144.91
8220.86	-65.13	-176.49
8251.88	-65.70	157.02
8283.02	-64.00	133.61
8314.27	-63.49	93.46
8345.65	-64.79	67.37
8377.14	-63.71	43.26
8408.75	-62.83	5.37
8440.48	-63.56	-33.46
8472.33	-63.97	-59.79
8504.30	-63.50	-85.20
8536.40	-62.66	-128.77
8568.61	-63.07	-163.03
8600.94	-63.68	165.17
8633.40	-62.47	133.32
8665.98	-62.54	99.63
8698.68	-62.66	59.47
8731.51	-64.01	38.02
8764.46	-62.80	3.57
8797.53	-63.35	-34.06
8830.73	-64.42	-65.86
8864.05	-64.35	-98.13
8897.50	-64.32	-126.45
8931.07	-64.79	-164.40
8964.78	-63.51	170.92
8998.61	-62.71	139.59
9032.56	-61.42	97.91
9066.65	-61.88	65.48
9100.86	-61.15	28.96
9135.20	-60.50	-11.14
9169.68	-62.09	-55.44
9204.28	-62.40	-89.10
9239.01	-62.10	-122.09
9273.88	-62.91	-163.81
9308.87	-62.61	161.40
9344.00	-62.89	128.39
9379.26	-62.47	89.89
9414.65	-63.00	55.28
9450.18	-62.46	27.04
9485.84	-63.01	-20.77
9521.64	-63.74	-51.52
9557.57	-64.74	-88.28
9593.64	-64.45	-123.07
9629.84	-63.80	-160.97
9666.18	-63.76	163.90
9702.65	-63.28	120.44
9739.27	-63.05	82.02
9776.02	-63.98	44.01
9812.91	-64.81	5.82
9849.94	-65.72	-36.65
9887.11	-68.38	-66.89
9924.42	-68.20	-95.32
9961.87	-68.04	-138.37
9999.46	-68.42	-169.01
10037.19	-67.84	158.90
10075.07	-65.91	118.97
10113.09	-66.62	81.84
10151.25	-67.77	41.90
10189.55	-67.10	14.84
10228.01	-68.18	-23.55
10266.60	-68.81	-52.46
10305.34	-67.49	-94.26
10344.23	-67.28	-138.78
10383.27	-67.45	-174.81
10422.45	-65.14	149.30
10461.78	-64.90	98.71
10501.26	-66.40	64.60
10540.88	-65.48	34.76
10580.66	-65.66	-13.91
10620.59	-66.28	-52.91
10660.66	-66.45	-88.17
10700.89	-66.09	-133.00
10741.27	-65.22	-176.59
10781.81	-64.88	137.33
10822.49	-65.07	94.09
10863.33	-65.61	56.92
10904.33	-65.28	22.47
10945.47	-64.86	-25.91
10986.78	-66.19	-61.53
11028.24	-65.08	-113.12
11069.85	-65.74	-161.79
11111.63	-65.80	154.65
11153.56	-65.31	109.61
11195.64	-66.77	60.37
11237.89	-68.45	30.25
11280.30	-68.37	-7.19
11322.87	-69.50	-43.44
11365.59	-68.65	-85.12
11408.48	-68.71	-138.54
11451.53	-69.37	176.53
11494.75	-68.63	138.53
11538.12	-68.64	94.83
11581.66	-68.71	53.09
11625.37	-68.91	13.99
11669.24	-69.55	-28.93
11713.27	-70.12	-73.75
11757.47	-70.32	-124.54
11801.84	-71.29	-168.82
11846.37	-70.78	144.62
11891.08	-72.21	103.34
11935.95	-71.03	80.58
11980.99	-69.80	33.51
12026.20	-70.55	-6.30
12071.58	-70.08	-53.93
12117.14	-70.94	-110.76
12162.86	-71.29	-159.04
12208.76	-71.20	154.02
12254.83	-71.27	104.77
12301.07	-71.04	77.38
12347.49	-70.46	32.41
12394.08	-71.27	-11.30
12440.85	-70.83	-58.56
12487.80	-72.30	-119.43
12534.92	-73.74	-161.78
12582.23	-73.57	154.83
12629.71	-71.37	120.05
12677.37	-70.42	76.14
12725.20	-69.69	28.91
12773.22	-70.32	-19.85
12821.42	-70.58	-74.30
12869.81	-71.33	-130.67
12918.37	-71.56	176.61
12967.12	-71.72	131.23
13016.05	-71.08	87.90
13065.17	-70.25	40.48
13114.47	-71.44	0.30
13163.96	-71.93	-53.86
13213.64	-74.56	-111.89
13263.50	-73.82	-149.41
13313.55	-71.68	157.03
13363.79	-71.28	105.02
13414.22	-70.96	60.71
13464.84	-71.82	13.98
13515.65	-72.89	-31.08
13566.65	-74.11	-75.58
13617.84	-72.53	-130.07
13669.23	-71.43	170.81
13720.81	-69.85	118.88
13772.59	-69.88	64.38
13824.56	-71.01	19.91
13876.73	-71.42	-27.75
13929.09	-72.50	-79.11
13981.66	-71.17	-139.79
14034.42	-70.58	157.25
14087.38	-70.83	100.66
14140.54	-70.70	56.71
14193.90	-72.42	15.44
14247.46	-71.84	-35.94
14301.22	-73.62	-93.81
14355.19	-71.98	-149.38
14409.36	-71.59	146.42
14463.73	-70.95	100.31
14518.31	-71.15	52.71
14573.10	-70.97	8.63
14628.09	-70.64	-44.58
14683.29	-70.63	-109.84
14738.70	-70.70	179.89
14794.32	-70.72	124.84
14850.15	-70.45	74.93
14906.18	-70.69	28.43
14962.43	-69.55	-22.76
15018.90	-70.49	-85.28
15075.57	-70.38	-154.93
15132.46	-70.35	141.73
15189.56	-69.93	91.85
15246.88	-70.08	39.74
15304.42	-70.48	-15.56
15362.17	-72.34	-75.89
15420.14	-73.10	-143.91
15478.33	-72.96	157.67
15536.74	-71.36	107.98
15595.37	-71.16	57.02
15654.22	-70.74	4.24
15713.29	-71.93	-58.70
15772.58	-73.29	-125.77
15832.10	-72.60	164.32
15891.85	-71.31	107.61
15951.81	-71.02	56.83
16012.01	-71.47	3.38
16072.43	-72.63	-57.68
16133.08	-73.66	-121.67
16193.96	-73.06	167.72
16255.07	-71.16	108.04
16316.41	-70.97	52.95
16377.98	-71.91	-5.81
16439.79	-73.61	-63.97
16501.82	-74.29	-134.40
16564.09	-74.41	158.56
16626.60	-72.56	98.54
16689.34	-72.60	49.61
16752.32	-73.05	-6.23
16815.54	-74.12	-63.54
16878.99	-73.26	-140.60
16942.69	-72.35	151.00
17006.62	-70.94	87.92
17070.79	-70.98	29.27
17135.21	-72.46	-29.88
17199.87	-73.55	-99.84
17264.78	-72.86	-167.06
17329.93	-70.93	120.49
17395.32	-70.70	61.61
17460.97	-70.53	1.84
17526.86	-72.24	-66.27
17593.00	-72.55	-146.13
17659.38	-71.52	139.54
17726.02	-71.23	79.24
17792.91	-71.74	20.04
17860.06	-73.36	-38.57
17927.45	-73.08	-116.18
17995.10	-72.29	168.76
18063.01	-70.61	99.77
18131.17	-70.68	36.11
18199.59	-71.84	-27.88
18268.27	-73.13	-108.48
18337.21	-73.22	174.79
18406.40	-71.97	108.52
18475.86	-71.51	45.92
18545.58	-72.65	-17.15
18615.56	-74.12	-97.37
18685.81	-73.94	-176.55
18756.32	-72.15	109.69
18827.10	-72.35	43.79
18898.15	-73.80	-20.71
18969.46	-76.27	-97.29
19041.04	-75.70	176.53
19112.90	-74.56	104.55
19185.02	-73.87	48.11
19257.42	-75.44	-21.49
19330.09	-78.16	-99.76
19403.03	-77.54	165.92
19476.25	-75.50	99.17
19549.74	-75.93	41.96
19623.51	-78.71	-24.94
19697.56	-82.12	-100.20
19771.89	-79.34	160.06
19846.51	-75.48	96.75
19921.40	-44.10	87.53
19996.57	-78.37	-23.05
20072.03	-82.64	-122.77
20147.78	-80.01	135.81
20223.80	-76.97	79.71
20300.12	-78.25	24.71
20376.72	-81.60	-34.28
20453.62	-83.30	-142.06
20530.80	-78.60	123.75
20608.28	-77.22	56.25
20686.04	-79.13	-4.42
20764.10	-84.93	-79.34
20842.46	-83.60	171.37
20921.11	-78.86	89.06
21000.06	-78.94	36.71
21079.30	-82.79	-28.09
21158.85	-84.45	-165.46
21238.69	-80.92	104.27
21318.84	-79.94	47.94
21399.29	-83.22	12.61
21480.04	-85.21	152.96
21561.09	-82.33	123.60
21642.46	-80.04	61.29
21724.12	-82.43	28.16
21806.10	-86.53	55.72
21888.39	-84.35	109.36
21970.99	-82.45	66.46
22053.89	-83.72	22.15
22137.12	-88.26	-65.26
22220.65	-84.28	89.88
22304.50	-83.58	63.27
