Freq[Hz]	[dBV]	Phase[Deg]
10.00	-68.17	32.48
10.04	-68.32	30.03
10.08	-68.48	27.60
10.11	-68.63	25.17
10.15	-68.79	22.75
10.19	-68.94	20.35
10.23	-69.09	17.96
10.27	-69.24	15.58
10.31	-69.38	13.23
10.34	-69.53	10.89
10.38	-69.67	8.56
10.42	-69.81	6.26
10.46	-69.95	3.99
10.50	-70.09	1.73
10.54	-70.22	-0.50
10.58	-70.35	-2.70
10.62	-70.48	-4.87
10.66	-70.60	-7.02
10.70	-70.72	-9.13
10.74	-70.84	-11.21
10.78	-70.95	-13.25
10.82	-71.06	-15.26
10.86	-71.17	-17.23
10.90	-71.27	-19.15
10.95	-71.37	-21.04
10.99	-71.46	-22.88
11.03	-71.55	-24.68
11.07	-71.63	-26.42
11.11	-71.71	-28.12
11.15	-71.79	-29.77
11.20	-71.85	-31.36
11.24	-71.92	-32.90
11.28	-71.97	-34.37
11.32	-72.02	-35.79
11.37	-72.07	-37.14
11.41	-72.10	-38.43
11.45	-72.13	-39.66
11.50	-72.16	-40.81
11.54	-72.17	-41.89
11.58	-72.18	-42.89
11.63	-72.18	-43.82
11.67	-72.17	-44.67
11.71	-72.16	-45.44
11.76	-72.13	-46.12
11.80	-72.10	-46.72
11.85	-72.06	-47.24
11.89	-72.01	-47.68
11.94	-71.95	-48.03
11.98	-71.89	-48.31
12.03	-71.82	-48.50
12.07	-71.74	-48.62
12.12	-71.65	-48.67
12.16	-71.56	-48.64
12.21	-71.46	-48.53
12.26	-71.36	-48.36
12.30	-71.25	-48.11
12.35	-71.13	-47.80
12.39	-71.01	-47.42
12.44	-70.89	-46.97
12.49	-70.76	-46.46
12.54	-70.62	-45.89
12.58	-70.48	-45.26
12.63	-70.34	-44.57
12.68	-70.19	-43.82
12.73	-70.04	-43.02
12.77	-69.89	-42.17
12.82	-69.73	-41.26
12.87	-69.57	-40.31
12.92	-69.41	-39.30
12.97	-69.25	-38.26
13.02	-69.09	-37.17
13.07	-68.93	-36.04
13.12	-68.77	-34.88
13.16	-68.60	-33.68
13.21	-68.44	-32.44
13.26	-68.28	-31.18
13.31	-68.12	-29.89
13.36	-67.96	-28.57
13.41	-67.80	-27.23
13.47	-67.65	-25.87
13.52	-67.50	-24.50
13.57	-67.35	-23.11
13.62	-67.21	-21.71
13.67	-67.07	-20.30
13.72	-66.94	-18.89
13.77	-66.81	-17.47
13.83	-66.69	-16.06
13.88	-66.58	-14.65
13.93	-66.47	-13.26
13.98	-66.37	-11.87
14.04	-66.28	-10.50
14.09	-66.20	-9.14
14.14	-66.13	-7.81
14.19	-66.07	-6.51
14.25	-66.02	-5.24
14.30	-65.98	-4.00
14.36	-65.95	-2.80
14.41	-65.94	-1.64
14.46	-65.94	-0.53
14.52	-65.95	0.53
14.57	-65.98	1.53
14.63	-66.03	2.48
14.68	-66.09	3.36
14.74	-66.16	4.17
14.80	-66.26	4.92
14.85	-66.37	5.61
14.91	-66.49	6.24
14.96	-66.63	6.80
15.02	-66.78	7.31
15.08	-66.94	7.76
15.13	-67.12	8.15
15.19	-67.31	8.49
15.25	-67.52	8.78
15.31	-67.73	9.02
15.36	-67.95	9.21
15.42	-68.19	9.35
15.48	-68.43	9.44
15.54	-68.69	9.50
15.60	-68.95	9.51
15.66	-69.22	9.48
15.71	-69.50	9.41
15.77	-69.78	9.31
15.83	-70.07	9.17
15.89	-70.36	9.00
15.95	-70.66	8.80
16.01	-70.96	8.58
16.07	-71.27	8.33
16.13	-71.57	8.05
16.19	-71.88	7.76
16.26	-72.18	7.45
16.32	-72.49	7.13
16.38	-72.80	6.79
16.44	-73.10	6.44
16.50	-73.40	6.09
16.56	-73.69	5.73
16.63	-73.98	5.37
16.69	-74.27	5.02
16.75	-74.55	4.66
16.82	-74.82	4.32
16.88	-75.08	3.98
16.94	-75.33	3.66
17.01	-75.56	3.36
17.07	-75.79	3.08
17.14	-76.00	2.82
17.20	-76.20	2.59
17.27	-76.39	2.39
17.33	-76.55	2.23
17.40	-76.70	2.10
17.46	-76.83	2.02
17.53	-76.94	1.98
17.59	-77.02	1.99
17.66	-77.09	2.06
17.73	-77.13	2.18
17.79	-77.15	2.34
17.86	-77.15	2.55
17.93	-77.13	2.80
18.00	-77.09	3.09
18.06	-77.04	3.42
18.13	-76.97	3.79
18.20	-76.88	4.19
18.27	-76.78	4.62
18.34	-76.66	5.07
18.41	-76.53	5.55
18.48	-76.39	6.05
18.55	-76.23	6.56
18.62	-76.07	7.10
18.69	-75.90	7.64
18.76	-75.72	8.19
18.83	-75.53	8.74
18.90	-75.34	9.30
18.97	-75.14	9.85
19.04	-74.94	10.40
19.11	-74.74	10.94
19.19	-74.54	11.46
19.26	-74.33	11.96
19.33	-74.14	12.45
19.40	-73.94	12.91
19.48	-73.75	13.33
19.55	-73.56	13.73
19.62	-73.39	14.08
19.70	-73.22	14.40
19.77	-73.06	14.66
19.85	-72.92	14.88
19.92	-72.79	15.03
20.00	-72.67	15.13
20.07	-72.57	15.16
20.15	-72.49	15.11
20.22	-72.43	14.99
20.30	-72.40	14.79
20.38	-72.38	14.50
20.45	-72.40	14.12
20.53	-72.44	13.64
20.61	-72.51	13.06
20.69	-72.61	12.38
20.77	-72.74	11.62
20.84	-72.89	10.76
20.92	-73.07	9.82
21.00	-73.27	8.81
21.08	-73.50	7.72
21.16	-73.75	6.57
21.24	-74.02	5.36
21.32	-74.31	4.08
21.40	-74.62	2.76
21.48	-74.96	1.40
21.56	-75.31	-0.01
21.64	-75.68	-1.45
21.73	-76.06	-2.91
21.81	-76.46	-4.40
21.89	-76.87	-5.90
21.97	-77.29	-7.41
22.06	-77.73	-8.91
22.14	-78.17	-10.42
22.22	-78.63	-11.90
22.31	-79.09	-13.37
22.39	-79.56	-14.81
22.47	-80.03	-16.22
22.56	-80.51	-17.58
22.64	-80.98	-18.89
22.73	-81.46	-20.14
22.82	-81.94	-21.33
22.90	-82.41	-22.44
22.99	-82.88	-23.46
23.07	-83.35	-24.40
23.16	-83.81	-25.23
23.25	-84.26	-25.95
23.34	-84.69	-26.55
23.43	-85.12	-27.02
23.51	-85.53	-27.35
23.60	-85.93	-27.54
23.69	-86.31	-27.59
23.78	-86.68	-27.49
23.87	-87.03	-27.25
23.96	-87.37	-26.85
24.05	-87.70	-26.31
24.14	-88.02	-25.62
24.23	-88.32	-24.78
24.32	-88.61	-23.78
24.42	-88.89	-22.63
24.51	-89.15	-21.32
24.60	-89.40	-19.85
24.69	-89.64	-18.23
24.79	-89.87	-16.44
24.88	-90.09	-14.49
24.97	-90.30	-12.38
25.07	-90.49	-10.10
25.16	-90.68	-7.65
25.26	-90.85	-5.04
25.35	-91.02	-2.25
25.45	-91.17	0.70
25.54	-91.32	3.83
25.64	-91.46	7.14
25.74	-91.59	10.62
25.84	-91.71	14.28
25.93	-91.82	18.12
26.03	-91.93	22.14
26.13	-92.03	26.35
26.23	-92.12	30.73
26.33	-92.21	35.31
26.43	-92.29	40.07
26.53	-92.36	45.02
26.63	-92.43	50.12
26.73	-92.49	55.36
26.83	-92.55	60.72
26.93	-92.59	66.18
27.03	-92.64	71.73
27.13	-92.67	77.33
27.23	-92.69	82.97
27.34	-92.71	88.63
27.44	-92.72	94.28
27.54	-92.72	99.90
27.65	-92.72	105.47
27.75	-92.70	110.96
27.86	-92.67	116.35
27.96	-92.63	121.61
28.07	-92.59	126.72
28.17	-92.53	131.65
28.28	-92.46	136.38
28.39	-92.38	140.88
28.49	-92.29	145.11
28.60	-92.19	149.06
28.71	-92.07	152.68
28.82	-91.94	155.96
28.93	-91.80	158.87
29.03	-91.65	161.36
29.14	-91.48	163.41
29.25	-91.29	164.99
29.36	-91.09	166.06
29.48	-90.88	166.63
29.59	-90.66	166.73
29.70	-90.42	166.38
29.81	-90.18	165.61
29.92	-89.93	164.45
30.04	-89.68	162.92
30.15	-89.42	161.07
30.26	-89.16	158.91
30.38	-88.90	156.49
30.49	-88.64	153.83
30.61	-88.39	150.97
30.72	-88.15	147.95
30.84	-87.92	144.79
30.95	-87.69	141.53
31.07	-87.49	138.22
31.19	-87.29	134.89
31.31	-87.12	131.57
31.42	-86.97	128.30
31.54	-86.84	125.14
31.66	-86.73	122.11
31.78	-86.66	119.26
31.90	-86.61	116.63
32.02	-86.60	114.27
32.14	-86.63	112.22
32.26	-86.69	110.52
32.39	-86.80	109.21
32.51	-86.94	108.27
32.63	-87.12	107.68
32.75	-87.32	107.44
32.88	-87.54	107.52
33.00	-87.79	107.91
33.13	-88.05	108.59
33.25	-88.32	109.55
33.38	-88.60	110.76
33.50	-88.87	112.22
33.63	-89.15	113.90
33.76	-89.41	115.78
33.88	-89.66	117.85
34.01	-89.89	120.09
34.14	-90.09	122.47
34.27	-90.27	124.98
34.40	-90.41	127.59
34.53	-90.51	130.29
34.66	-90.56	133.05
34.79	-90.55	135.84
34.92	-90.49	138.66
35.05	-90.36	141.46
35.18	-90.16	144.24
35.32	-89.89	146.97
35.45	-89.55	149.67
35.58	-89.14	152.35
35.72	-88.68	155.03
35.85	-88.16	157.72
35.99	-87.61	160.44
36.12	-87.02	163.22
36.26	-86.40	166.05
36.40	-85.77	168.97
36.53	-85.12	171.99
36.67	-84.46	175.12
36.81	-83.81	178.40
36.95	-83.18	-178.18
37.09	-82.56	-174.57
37.23	-81.97	-170.77
37.37	-81.42	-166.76
37.51	-80.92	-162.51
37.65	-80.47	-158.00
37.79	-80.09	-153.21
37.94	-79.78	-148.13
38.08	-79.56	-142.71
38.22	-79.43	-136.96
38.37	-79.39	-130.88
38.51	-79.44	-124.50
38.66	-79.56	-117.82
38.80	-79.76	-110.89
38.95	-80.02	-103.72
39.10	-80.33	-96.33
39.24	-80.70	-88.74
39.39	-81.12	-80.99
39.54	-81.57	-73.10
39.69	-82.05	-65.09
39.84	-82.55	-56.99
39.99	-83.07	-48.82
40.14	-83.59	-40.62
40.29	-84.12	-32.41
40.45	-84.63	-24.22
40.60	-85.13	-16.08
40.75	-85.60	-8.01
40.90	-86.03	-0.06
41.06	-86.42	7.75
41.21	-86.76	15.39
41.37	-87.05	22.88
41.53	-87.30	30.21
41.68	-87.50	37.39
41.84	-87.66	44.42
42.00	-87.78	51.31
42.16	-87.86	58.06
42.32	-87.90	64.68
42.47	-87.92	71.17
42.63	-87.90	77.54
42.80	-87.85	83.79
42.96	-87.78	89.93
43.12	-87.68	95.96
43.28	-87.56	101.88
43.45	-87.43	107.72
43.61	-87.28	113.46
43.77	-87.11	119.12
43.94	-86.94	124.70
44.10	-86.76	130.21
44.27	-86.57	135.69
44.44	-86.38	141.15
44.61	-86.19	146.65
44.77	-86.00	152.20
44.94	-85.80	157.84
45.11	-85.61	163.61
45.28	-85.41	169.56
45.45	-85.23	175.70
45.63	-85.04	-177.92
45.80	-84.86	-171.25
45.97	-84.69	-164.27
46.14	-84.53	-156.93
46.32	-84.38	-149.19
46.49	-84.25	-141.00
46.67	-84.12	-132.33
46.84	-84.02	-123.12
47.02	-83.93	-113.35
47.20	-83.85	-103.06
47.38	-83.79	-92.32
47.56	-83.73	-81.21
47.74	-83.68	-69.80
47.92	-83.62	-58.17
48.10	-83.57	-46.40
48.28	-83.50	-34.58
48.46	-83.42	-22.79
48.64	-83.33	-11.12
48.83	-83.22	0.35
49.01	-83.08	11.52
49.20	-82.91	22.30
49.38	-82.71	32.60
49.57	-82.47	42.32
49.75	-82.19	51.35
49.94	-81.86	59.63
50.13	-81.48	67.15
50.32	-81.06	73.99
50.51	-80.60	80.25
50.70	-80.11	85.99
50.89	-79.59	91.31
51.08	-79.04	96.28
51.28	-78.47	101.00
51.47	-77.88	105.56
51.66	-77.28	110.04
51.86	-76.68	114.54
52.05	-76.07	119.16
52.25	-75.46	124.00
52.45	-74.86	129.15
52.65	-74.27	134.72
52.85	-73.70	140.81
53.04	-73.15	147.40
53.24	-72.61	154.35
53.45	-72.10	161.54
53.65	-71.60	168.84
53.85	-71.12	176.10
54.05	-70.65	-176.82
54.26	-70.19	-170.06
54.46	-69.75	-163.77
54.67	-69.32	-158.10
54.87	-68.90	-153.21
55.08	-68.49	-149.25
55.29	-68.08	-146.40
55.50	-67.68	-144.80
55.71	-67.29	-144.64
55.92	-66.91	-146.01
56.13	-66.52	-148.85
56.34	-66.15	-153.07
56.55	-65.77	-158.59
56.77	-65.41	-165.32
56.98	-65.05	-173.18
57.19	-64.69	177.94
57.41	-64.34	168.13
57.63	-64.00	157.48
57.84	-63.66	146.10
58.06	-63.33	134.09
58.28	-63.01	121.55
58.50	-62.70	108.60
58.72	-62.39	95.33
58.94	-62.10	81.90
59.17	-61.84	68.46
59.39	-61.62	55.20
59.61	-61.45	42.27
59.84	-61.35	29.87
60.06	-61.32	18.17
60.29	-61.40	7.35
60.52	-61.58	-2.38
60.75	-61.88	-10.85
60.98	-62.32	-17.84
61.21	-62.91	-23.16
61.44	-63.68	-26.60
61.67	-64.62	-27.97
61.90	-65.73	-27.30
62.14	-66.97	-24.81
62.37	-68.31	-20.70
62.61	-69.70	-15.21
62.84	-71.10	-8.55
63.08	-72.49	-0.97
63.32	-73.80	7.31
63.56	-75.01	16.03
63.80	-76.07	24.95
64.04	-76.93	33.81
64.28	-77.55	42.36
64.52	-77.89	50.32
64.76	-77.93	57.52
65.01	-77.69	63.99
65.25	-77.21	69.74
65.50	-76.53	74.83
65.75	-75.69	79.27
66.00	-74.72	83.12
66.24	-73.66	86.39
66.49	-72.56	89.14
66.75	-71.44	91.40
67.00	-70.37	93.20
67.25	-69.37	94.60
67.50	-68.50	95.62
67.76	-67.75	96.28
68.01	-67.12	96.56
68.27	-66.59	96.42
68.53	-66.11	95.85
68.79	-65.69	94.81
69.05	-65.28	93.28
69.31	-64.86	91.23
69.57	-64.42	88.62
69.83	-63.92	85.44
70.09	-63.33	81.65
70.36	-62.64	77.23
70.62	-61.82	72.15
70.89	-60.92	66.48
71.16	-59.97	60.27
71.43	-59.00	53.58
71.70	-58.07	46.48
71.97	-57.20	39.03
72.24	-56.46	31.29
72.51	-55.86	23.33
72.79	-55.47	15.22
73.06	-55.33	7.03
73.34	-55.48	-1.17
73.61	-55.93	-9.29
73.89	-56.66	-17.22
74.17	-57.61	-24.85
74.45	-58.74	-32.07
74.73	-60.02	-38.74
75.01	-61.40	-44.76
75.29	-62.82	-50.00
75.58	-64.25	-54.32
75.86	-65.64	-57.61
76.15	-66.93	-59.72
76.44	-68.09	-60.57
76.73	-69.10	-60.24
77.02	-69.99	-58.90
77.31	-70.75	-56.72
77.60	-71.40	-53.87
77.89	-71.95	-50.51
78.18	-72.39	-46.83
78.48	-72.75	-43.01
78.78	-73.04	-39.24
79.07	-73.25	-35.70
79.37	-73.41	-32.57
79.67	-73.51	-29.90
79.97	-73.57	-27.73
80.27	-73.60	-26.08
80.58	-73.59	-24.97
80.88	-73.56	-24.43
81.19	-73.52	-24.49
81.49	-73.47	-25.16
81.80	-73.43	-26.49
82.11	-73.39	-28.49
82.42	-73.36	-31.13
82.73	-73.34	-34.29
83.04	-73.30	-37.81
83.35	-73.24	-41.53
83.67	-73.14	-45.29
83.99	-73.00	-48.93
84.30	-72.79	-52.29
84.62	-72.50	-55.18
84.94	-72.13	-57.44
85.26	-71.66	-58.93
85.58	-71.11	-59.72
85.90	-70.53	-59.93
86.23	-69.96	-59.70
86.55	-69.43	-59.17
86.88	-68.98	-58.46
87.21	-68.66	-57.74
87.54	-68.50	-57.13
87.87	-68.55	-56.80
88.20	-68.84	-56.86
88.53	-69.32	-57.33
88.87	-69.92	-58.18
89.20	-70.58	-59.39
89.54	-71.22	-60.93
89.88	-71.77	-62.76
90.22	-72.15	-64.86
90.56	-72.29	-67.21
90.90	-72.10	-69.76
91.24	-71.57	-72.51
91.59	-70.77	-75.51
91.93	-69.78	-78.79
92.28	-68.71	-82.42
92.63	-67.65	-86.43
92.98	-66.71	-90.89
93.33	-65.97	-95.83
93.68	-65.55	-101.32
94.03	-65.53	-107.38
94.39	-65.89	-113.82
94.74	-66.54	-120.34
95.10	-67.41	-126.65
95.46	-68.40	-132.43
95.82	-69.43	-137.36
96.18	-70.40	-141.12
96.54	-71.23	-143.39
96.91	-71.82	-143.85
97.27	-72.18	-142.66
97.64	-72.35	-140.30
98.01	-72.39	-137.26
98.38	-72.36	-134.07
98.75	-72.33	-131.24
99.12	-72.35	-129.31
99.50	-72.49	-128.82
99.87	-72.80	-130.27
100.25	-73.27	-133.44
100.63	-73.85	-137.66
101.01	-74.47	-142.25
101.39	-75.08	-146.53
101.77	-75.61	-149.78
102.16	-76.00	-151.27
102.54	-76.18	-150.26
102.93	-76.12	-146.28
103.32	-75.87	-139.94
103.71	-75.52	-132.16
104.10	-75.17	-123.86
104.49	-74.90	-115.99
104.88	-74.82	-109.53
105.28	-75.01	-105.48
105.68	-75.57	-104.81
106.08	-76.49	-107.58
106.48	-77.65	-112.99
106.88	-78.91	-120.17
107.28	-80.15	-128.25
107.69	-81.25	-136.32
108.09	-82.05	-143.46
108.50	-82.43	-148.74
108.91	-82.32	-151.55
109.32	-81.83	-152.02
109.73	-81.06	-150.34
110.15	-80.13	-146.72
110.56	-79.18	-141.36
110.98	-78.31	-134.48
111.40	-77.67	-126.30
111.82	-77.33	-117.14
112.24	-77.22	-107.61
112.67	-77.29	-98.35
113.09	-77.45	-90.04
113.52	-77.62	-83.36
113.95	-77.73	-78.99
114.38	-77.70	-77.66
114.81	-77.48	-79.69
115.24	-77.08	-84.70
115.68	-76.52	-92.22
116.11	-75.83	-101.79
116.55	-75.02	-112.90
116.99	-74.12	-125.07
117.43	-73.15	-137.78
117.87	-72.17	-150.43
118.32	-71.28	-162.35
118.77	-70.57	-172.86
119.21	-70.13	178.75
119.66	-70.05	173.19
120.12	-70.45	171.20
120.57	-71.38	173.25
121.02	-72.71	178.66
121.48	-74.27	-173.57
121.94	-75.87	-164.42
122.40	-77.33	-154.95
122.86	-78.46	-146.20
123.32	-79.08	-139.21
123.79	-79.17	-134.25
124.26	-78.85	-131.04
124.73	-78.26	-129.23
125.20	-77.50	-128.50
125.67	-76.72	-128.51
126.14	-76.04	-128.91
126.62	-75.55	-129.69
127.10	-75.22	-131.33
127.58	-75.02	-134.37
128.06	-74.94	-139.36
128.54	-74.96	-146.86
129.03	-75.03	-157.43
129.51	-75.16	-170.90
130.00	-75.35	174.38
130.49	-75.62	160.28
130.98	-75.98	148.72
131.48	-76.45	141.64
131.98	-77.04	141.03
132.47	-77.73	147.29
132.97	-78.47	157.91
133.48	-79.16	170.03
133.98	-79.72	-179.27
134.48	-80.08	-173.00
134.99	-80.15	-174.12
135.50	-79.95	177.04
136.01	-79.63	163.37
136.53	-79.33	147.95
137.04	-79.23	133.98
137.56	-79.47	124.68
138.08	-80.19	123.10
138.60	-81.38	129.60
139.12	-82.90	143.08
139.65	-84.61	162.41
140.17	-86.39	-173.56
140.70	-88.08	-146.02
141.23	-89.55	-116.17
141.77	-90.62	-85.17
142.30	-91.11	-54.20
142.84	-90.83	-24.45
143.38	-89.60	2.82
143.92	-87.26	26.38
144.46	-84.08	45.02
145.01	-80.65	57.59
145.55	-77.55	62.88
146.10	-75.37	59.68
146.65	-74.73	46.78
147.21	-75.82	25.16
147.76	-78.14	-0.51
148.32	-81.12	-25.07
148.88	-84.16	-43.26
149.44	-86.66	-49.69
150.01	-88.15	-41.17
150.57	-88.70	-22.44
151.14	-88.49	-0.08
151.71	-87.73	19.17
152.28	-86.60	28.42
152.86	-85.29	22.17
153.43	-83.93	3.40
154.01	-82.64	-21.92
154.59	-81.52	-47.66
155.18	-80.68	-67.55
155.76	-80.23	-76.28
156.35	-80.10	-75.68
156.94	-80.19	-70.60
157.53	-80.38	-65.98
158.13	-80.55	-66.90
158.72	-80.60	-77.45
159.32	-80.55	-95.37
159.93	-80.45	-116.03
160.53	-80.39	-134.66
161.13	-80.42	-146.41
161.74	-80.60	-147.84
162.35	-80.91	-141.62
162.97	-81.29	-132.01
163.58	-81.71	-123.39
164.20	-82.11	-120.20
164.82	-82.45	-124.61
165.44	-82.60	-133.80
166.06	-82.48	-144.20
166.69	-81.95	-152.19
167.32	-80.93	-154.21
167.95	-79.51	-150.22
168.58	-78.00	-143.59
169.22	-76.71	-137.91
169.86	-75.96	-136.86
170.50	-75.99	-143.29
171.14	-76.50	-155.22
171.79	-77.01	-168.98
172.44	-77.04	179.17
173.09	-76.09	173.01
173.74	-74.15	172.97
174.40	-71.93	174.62
175.06	-70.21	173.01
175.72	-69.80	163.10
176.38	-71.31	141.39
177.04	-74.30	113.13
177.71	-77.95	86.75
178.38	-81.45	70.84
179.06	-83.94	73.78
179.73	-85.21	95.22
180.41	-85.58	126.12
181.09	-85.43	156.86
181.77	-85.12	177.62
182.46	-84.94	-177.17
183.15	-84.85	176.99
183.84	-84.80	166.09
184.53	-84.74	156.29
185.23	-84.60	152.64
185.93	-84.24	154.62
186.63	-83.52	160.00
187.33	-82.29	166.51
188.04	-80.42	171.82
188.75	-78.25	173.75
189.46	-76.29	170.15
190.18	-75.08	158.80
190.90	-75.13	137.94
191.62	-76.37	111.86
192.34	-78.30	89.06
193.07	-80.43	78.32
193.79	-82.24	87.84
194.53	-83.43	114.23
195.26	-83.84	144.79
196.00	-83.31	166.30
196.74	-81.69	166.09
197.48	-79.44	144.49
198.22	-77.41	111.95
198.97	-76.51	79.45
199.72	-77.57	57.29
200.48	-80.30	45.43
201.23	-83.67	37.01
201.99	-86.62	24.91
202.75	-88.20	3.39
203.52	-88.41	-21.51
204.29	-87.69	-38.18
205.06	-86.51	-34.70
205.83	-85.36	-3.23
206.61	-84.78	45.52
207.39	-85.32	95.48
208.17	-87.57	130.24
208.96	-91.47	141.50
209.74	-95.62	139.27
210.54	-98.36	136.29
211.33	-98.11	145.00
212.13	-94.97	164.58
212.93	-90.82	-179.67
213.73	-87.67	176.61
214.54	-87.23	140.90
215.35	-88.87	83.79
216.16	-91.00	25.71
216.98	-91.97	-12.44
217.80	-90.89	-17.60
218.62	-88.52	6.00
219.44	-85.87	51.77
220.27	-83.88	112.58
221.10	-82.73	176.35
221.94	-82.06	-132.50
222.77	-81.49	-109.93
223.61	-80.74	-123.45
224.46	-79.74	-157.25
225.30	-78.48	168.72
226.15	-76.96	153.30
227.01	-75.48	156.49
227.86	-74.53	165.82
228.72	-74.61	168.42
229.59	-75.93	156.20
230.45	-78.21	131.08
231.32	-81.05	96.22
232.20	-84.07	55.45
233.07	-86.80	16.18
233.95	-88.77	-12.68
234.84	-89.52	-22.30
235.72	-89.02	-9.80
236.61	-87.72	21.90
237.50	-86.06	69.58
238.40	-84.49	126.25
239.30	-83.32	177.06
240.20	-82.88	-154.14
241.11	-83.31	-158.81
242.02	-83.80	174.01
242.93	-83.28	141.86
243.85	-80.90	120.86
244.77	-77.99	111.56
245.69	-77.01	106.18
246.62	-80.32	97.21
247.55	-86.80	85.88
248.48	-92.31	81.03
249.42	-92.66	91.57
250.36	-87.21	115.78
251.31	-79.80	138.61
252.26	-74.61	143.99
253.21	-73.88	125.68
254.16	-76.68	93.73
255.12	-81.76	59.86
256.09	-87.57	33.30
257.05	-92.07	17.98
258.02	-93.12	17.28
259.00	-90.15	31.65
259.97	-86.14	55.14
260.95	-84.56	80.85
261.94	-86.93	102.18
262.93	-90.44	113.42
263.92	-91.67	108.89
264.92	-89.40	87.82
265.92	-86.84	59.22
266.92	-87.76	33.34
267.93	-92.82	13.07
268.94	-97.48	-11.07
269.95	-96.76	-49.63
270.97	-89.91	-102.86
271.99	-81.64	-157.77
273.02	-76.88	159.26
274.05	-76.67	132.63
275.08	-78.39	118.25
276.12	-79.45	111.71
277.16	-79.15	109.12
278.21	-77.90	106.84
279.26	-76.21	101.67
280.31	-74.93	93.12
281.37	-75.09	81.64
282.43	-77.07	68.80
283.50	-79.54	59.29
284.57	-80.82	58.35
285.64	-80.37	65.62
286.72	-79.27	72.44
287.80	-78.71	70.17
288.89	-78.87	60.70
289.98	-79.22	53.48
291.07	-79.33	55.62
292.17	-79.28	61.39
293.27	-79.31	61.20
294.38	-79.60	51.32
295.49	-80.16	39.13
296.61	-80.94	32.68
297.73	-81.47	32.09
298.85	-80.94	31.69
299.98	-79.17	26.95
301.11	-78.28	18.68
302.25	-80.93	9.02
303.39	-86.52	2.25
304.53	-90.42	5.28
305.68	-88.74	23.33
306.83	-84.16	49.50
307.99	-81.86	72.22
309.15	-83.71	84.93
310.32	-86.07	89.38
311.49	-85.32	88.04
312.67	-81.93	82.48
313.85	-78.29	73.91
315.03	-75.85	63.08
316.22	-74.57	49.99
317.41	-74.25	35.40
318.61	-74.74	25.39
319.81	-75.92	28.08
321.02	-77.34	42.09
322.23	-78.09	53.23
323.45	-77.54	50.10
324.67	-76.53	38.56
325.89	-76.24	28.92
327.12	-76.40	23.62
328.36	-75.54	18.33
329.60	-73.40	9.31
330.84	-72.76	-5.15
332.09	-76.14	-25.29
333.34	-81.00	-42.95
334.60	-82.73	-46.67
335.86	-80.65	-35.08
337.13	-78.20	-17.49
338.40	-77.85	-2.94
339.68	-78.99	1.75
340.96	-80.72	-7.21
342.25	-82.90	-16.58
343.54	-85.64	-7.92
344.83	-87.62	15.49
346.14	-86.41	32.97
347.44	-82.05	33.45
348.75	-78.61	22.13
350.07	-78.75	6.84
351.39	-79.52	-0.96
352.72	-77.69	7.56
354.05	-74.76	20.44
355.38	-73.83	19.14
356.72	-75.15	2.14
358.07	-77.08	-20.87
359.42	-78.64	-42.32
360.78	-79.56	-57.08
362.14	-79.90	-61.00
363.51	-80.18	-51.42
364.88	-80.87	-31.36
366.25	-82.24	-17.87
367.64	-84.06	-22.29
369.02	-84.40	-26.21
370.42	-81.80	-11.41
371.81	-79.41	1.90
373.22	-81.01	-12.72
374.63	-83.86	-34.94
376.04	-82.98	-28.87
377.46	-79.30	-6.03
378.88	-76.73	-1.41
380.31	-75.94	-17.39
381.75	-75.52	-35.28
383.19	-75.46	-44.72
384.63	-76.74	-42.37
386.09	-78.88	-33.83
387.54	-80.27	-31.37
389.00	-80.13	-37.18
390.47	-78.50	-44.89
391.95	-76.76	-54.26
393.43	-77.22	-70.00
394.91	-78.99	-85.03
396.40	-78.76	-83.07
397.90	-78.25	-61.64
399.40	-82.60	-30.24
400.90	-88.66	-8.36
402.42	-88.20	-19.03
403.94	-83.09	-48.96
405.46	-80.52	-65.66
406.99	-80.19	-64.38
408.53	-78.52	-55.08
410.07	-76.20	-50.46
411.61	-75.21	-59.79
413.17	-75.58	-70.13
414.73	-76.53	-68.98
416.29	-76.54	-68.95
417.86	-75.10	-79.70
419.44	-74.56	-90.32
421.02	-75.84	-96.32
422.61	-76.83	-108.57
424.21	-76.49	-124.16
425.81	-75.29	-124.84
427.41	-74.86	-116.16
429.03	-76.98	-118.51
430.65	-79.12	-127.19
432.27	-78.51	-130.99
433.90	-79.68	-140.32
435.54	-84.52	-159.11
437.18	-84.52	-163.08
438.83	-78.47	-140.02
440.49	-76.16	-100.76
442.15	-78.07	-79.19
443.82	-78.14	-112.59
445.49	-75.88	-160.73
447.18	-73.69	-173.05
448.86	-75.80	-157.64
450.56	-81.00	-143.51
452.26	-80.61	-168.96
453.96	-78.01	159.29
455.68	-82.40	-175.96
457.40	-86.47	-145.82
459.12	-84.48	-155.60
460.85	-85.49	-157.82
462.59	-88.46	-140.72
464.34	-83.02	-135.65
466.09	-75.57	-147.74
467.85	-74.73	-167.58
469.62	-76.09	-179.43
471.39	-76.62	176.45
473.17	-77.00	165.17
474.95	-78.45	152.95
476.74	-80.55	144.43
478.54	-79.15	122.65
480.35	-78.17	119.30
482.16	-85.23	-173.19
483.98	-88.90	-103.65
485.81	-83.68	-96.03
487.64	-82.08	-140.34
489.48	-82.45	173.60
491.33	-78.69	164.66
493.18	-77.52	147.19
495.04	-81.48	117.52
496.91	-86.70	113.26
498.79	-87.47	120.68
500.67	-83.63	133.73
502.56	-82.12	166.79
504.45	-83.36	167.08
506.36	-84.76	104.96
508.27	-83.96	42.47
510.19	-82.55	48.47
512.11	-82.08	137.54
514.04	-79.75	-145.24
515.98	-75.31	-138.66
517.93	-71.50	154.40
519.89	-72.93	71.70
521.85	-78.12	41.20
523.82	-82.27	51.98
525.79	-82.88	-62.05
527.78	-82.53	-139.98
529.77	-84.33	-44.27
531.77	-86.06	-92.48
533.78	-83.64	158.66
535.79	-79.96	143.20
537.81	-86.85	95.43
539.84	-85.74	76.31
541.88	-80.62	85.33
543.92	-105.47	-16.53
545.98	-106.62	-41.53
548.04	-82.16	46.41
550.10	-82.59	112.07
552.18	-83.23	-121.66
554.26	-79.65	-78.59
556.35	-79.48	165.47
558.45	-74.87	-167.21
560.56	-85.96	-151.54
562.68	-98.85	140.22
564.80	-78.95	134.74
566.93	-75.86	101.37
569.07	-80.72	108.41
571.22	-74.33	156.85
573.37	-80.46	49.04
575.54	-76.08	16.58
577.71	-75.62	142.31
579.89	-93.12	-115.64
582.08	-82.69	135.63
584.27	-77.91	103.61
586.48	-82.61	145.59
588.69	-76.24	84.14
590.91	-79.53	86.29
593.14	-81.22	88.02
595.38	-79.50	-7.80
597.63	-79.16	-122.12
599.88	-72.78	-44.92
602.15	-73.77	48.13
604.42	-83.12	118.32
606.70	-90.67	-121.06
608.99	-88.80	7.03
611.29	-78.42	-37.00
613.59	-73.40	-143.08
615.91	-74.45	157.84
618.23	-71.90	125.03
620.57	-69.19	88.83
622.91	-79.15	68.29
625.26	-79.09	76.81
627.62	-75.27	68.29
629.99	-83.87	29.45
632.36	-76.32	51.31
634.75	-77.94	86.56
637.15	-79.47	53.98
639.55	-74.38	42.69
641.96	-72.33	96.27
644.39	-73.71	85.40
646.82	-71.31	78.87
649.26	-70.56	43.43
651.71	-72.02	22.56
654.17	-72.83	34.77
656.64	-72.81	35.86
659.11	-72.93	15.63
661.60	-72.23	-13.59
664.10	-70.46	8.89
666.60	-81.80	32.16
669.12	-83.61	0.34
671.64	-70.23	-7.23
674.18	-72.04	37.30
676.72	-79.57	1.40
679.28	-75.16	-12.19
681.84	-79.19	-49.78
684.41	-74.27	-33.87
687.00	-71.62	-13.90
689.59	-78.14	-37.99
692.19	-80.49	-33.30
694.80	-77.59	-0.17
697.42	-72.42	-17.02
700.06	-70.84	-22.18
702.70	-69.18	-24.55
705.35	-71.15	-69.42
708.01	-72.22	-71.96
710.68	-73.22	-93.20
713.36	-72.65	-95.51
716.06	-75.77	-64.34
718.76	-78.18	-79.06
721.47	-75.87	-89.73
724.19	-78.29	-57.48
726.93	-74.33	-61.60
729.67	-75.54	-88.03
732.42	-72.13	-92.52
735.19	-69.87	-117.15
737.96	-74.64	-89.56
740.75	-75.42	-116.26
743.54	-72.28	-91.82
746.35	-73.78	-153.01
749.16	-75.38	-118.69
751.99	-74.20	-130.21
754.83	-75.50	-135.36
757.68	-75.56	-148.17
760.54	-77.87	-126.41
763.41	-78.32	-155.65
766.29	-73.89	-146.47
769.18	-71.87	-157.96
772.08	-74.18	-158.09
774.99	-73.36	160.07
777.92	-82.89	-50.18
780.85	-73.16	-134.50
783.80	-76.47	-170.34
786.76	-72.95	-154.77
789.73	-87.23	-89.14
792.71	-68.98	-117.71
795.70	-70.03	-174.67
798.70	-70.45	137.38
801.71	-78.26	83.18
804.74	-78.63	-152.82
807.78	-73.50	-178.31
810.83	-69.76	151.89
813.88	-71.48	142.52
816.96	-76.03	166.02
820.04	-73.84	143.42
823.13	-72.36	128.46
826.24	-74.55	71.39
829.36	-78.51	87.14
832.49	-85.66	123.28
835.63	-76.69	139.98
838.78	-74.49	117.85
841.95	-74.25	140.15
845.12	-73.86	101.64
848.31	-75.43	70.62
851.51	-72.40	86.85
854.73	-74.75	51.84
857.95	-77.61	22.55
861.19	-86.88	45.10
864.44	-81.88	12.56
867.70	-78.54	145.03
870.98	-82.02	-174.37
874.26	-80.17	63.63
877.56	-72.59	57.65
880.87	-74.92	54.31
884.20	-82.14	14.30
887.53	-79.47	4.61
890.88	-85.91	-36.33
894.25	-80.84	157.51
897.62	-78.27	51.81
901.01	-79.35	35.98
904.41	-86.44	-55.09
907.82	-86.09	90.22
911.25	-78.56	73.99
914.68	-78.82	-10.95
918.14	-82.48	125.87
921.60	-76.75	-12.34
925.08	-90.39	74.48
928.57	-82.20	110.54
932.07	-83.51	32.03
935.59	-80.27	-29.15
939.12	-75.63	46.54
942.67	-91.60	43.95
946.22	-77.17	17.64
949.79	-82.91	-144.76
953.38	-85.01	-124.06
956.97	-80.14	49.75
960.59	-82.90	24.78
964.21	-88.49	72.55
967.85	-81.44	86.57
971.50	-83.42	54.57
975.17	-80.14	43.18
978.85	-73.67	47.72
982.54	-73.48	30.97
986.25	-75.46	-3.56
989.97	-76.92	-20.04
993.71	-79.41	2.71
997.46	-73.05	-4.83
1001.22	-84.88	-28.61
1005.00	-71.61	-39.80
1008.79	-74.74	-43.46
1012.60	-78.29	4.46
1016.42	-79.55	-38.20
1020.25	-78.69	-79.78
1024.10	-75.62	-67.26
1027.97	-78.21	-67.70
1031.85	-78.54	-19.21
1035.74	-77.32	22.75
1039.65	-79.90	8.42
1043.57	-76.29	-56.83
1047.51	-71.34	-29.64
1051.46	-72.17	-54.19
1055.43	-71.21	-59.99
1059.41	-72.67	-83.43
1063.41	-73.96	-84.66
1067.43	-68.76	-95.86
1071.45	-67.92	-136.85
1075.50	-72.65	-117.08
1079.55	-70.32	-128.61
1083.63	-68.32	-156.22
1087.72	-70.98	166.13
1091.82	-79.75	146.74
1095.94	-75.99	162.96
1100.08	-83.56	153.13
1104.23	-84.34	-98.67
1108.40	-72.92	-138.13
1112.58	-74.17	-179.52
1116.78	-76.71	150.31
1120.99	-75.71	162.72
1125.22	-76.43	-165.93
1129.47	-78.18	136.14
1133.73	-78.53	137.60
1138.01	-78.64	155.62
1142.30	-80.17	-169.31
1146.61	-77.18	-167.95
1150.94	-75.48	158.77
1155.28	-75.59	178.96
1159.64	-76.25	150.46
1164.02	-70.56	119.96
1168.41	-73.06	89.86
1172.82	-84.04	103.98
1177.25	-82.70	124.21
1181.69	-78.06	158.11
1186.15	-71.78	128.75
1190.62	-71.51	77.30
1195.12	-70.63	95.89
1199.63	-70.66	74.61
1204.15	-72.17	57.00
1208.70	-72.62	37.78
1213.26	-75.56	66.09
1217.84	-75.17	43.23
1222.43	-71.82	43.97
1227.04	-74.64	13.73
1231.67	-102.52	32.62
1236.32	-72.59	26.05
1240.99	-74.15	-19.84
1245.67	-77.31	-7.09
1250.37	-74.51	-61.66
1255.09	-79.45	86.21
1259.83	-80.26	42.16
1264.58	-75.60	29.88
1269.35	-73.37	0.94
1274.14	-76.13	-44.87
1278.95	-84.19	-113.84
1283.78	-76.03	33.91
1288.62	-76.61	16.98
1293.48	-71.81	-27.34
1298.36	-77.65	-23.41
1303.26	-74.56	-35.94
1308.18	-78.21	-99.70
1313.12	-75.83	-103.21
1318.07	-79.09	27.99
1323.05	-75.20	-1.72
1328.04	-71.97	-37.89
1333.05	-76.89	-88.54
1338.08	-77.53	-41.47
1343.13	-74.13	-67.32
1348.20	-78.11	-99.64
1353.29	-74.05	-103.07
1358.39	-76.45	-111.60
1363.52	-79.18	154.27
1368.67	-78.25	-48.86
1373.83	-75.30	-87.60
1379.01	-73.19	-109.49
1384.22	-77.12	-130.74
1389.44	-74.67	-145.13
1394.68	-74.47	-148.22
1399.95	-76.22	-176.36
1405.23	-76.61	-163.76
1410.53	-86.79	140.59
1415.86	-77.65	-164.49
1421.20	-74.16	-164.23
1426.56	-78.76	174.02
1431.94	-76.77	160.23
1437.35	-79.18	128.20
1442.77	-81.15	-160.06
1448.22	-74.33	152.34
1453.68	-74.03	145.34
1459.17	-79.85	153.20
1464.67	-76.89	128.32
1470.20	-75.92	129.20
1475.75	-79.18	107.80
1481.32	-75.37	121.68
1486.91	-75.05	107.58
1492.52	-74.92	86.05
1498.15	-77.32	85.95
1503.80	-80.27	66.93
1509.48	-81.58	34.10
1515.17	-76.06	88.03
1520.89	-79.28	76.48
1526.63	-83.50	79.17
1532.39	-77.78	57.59
1538.17	-81.06	34.71
1543.98	-79.00	60.48
1549.81	-82.25	84.97
1555.65	-76.01	41.64
1561.52	-76.72	26.37
1567.42	-81.60	-0.46
1573.33	-78.74	14.45
1579.27	-77.57	25.20
1585.23	-73.80	-6.32
1591.21	-80.68	-40.30
1597.21	-79.43	-16.80
1603.24	-79.88	-88.80
1609.29	-78.33	-36.41
1615.36	-75.35	35.02
1621.46	-75.97	19.13
1627.58	-74.53	-27.54
1633.72	-76.10	-42.91
1639.89	-72.56	-59.61
1646.07	-73.00	-72.99
1652.29	-73.86	-173.18
1658.52	-89.72	-125.81
1664.78	-77.78	-39.81
1671.06	-77.82	-90.89
1677.37	-77.75	-82.32
1683.70	-76.64	-127.96
1690.05	-80.29	154.22
1696.43	-86.44	-178.45
1702.83	-83.28	126.80
1709.26	-81.36	-149.68
1715.70	-79.80	-113.82
1722.18	-78.68	-107.71
1728.68	-77.22	-146.49
1735.20	-78.35	-148.40
1741.75	-77.00	174.28
1748.32	-83.53	-164.83
1754.92	-77.63	-154.54
1761.54	-78.08	-174.49
1768.19	-79.92	-177.98
1774.86	-73.68	164.58
1781.56	-74.04	145.49
1788.28	-72.09	116.63
1795.03	-76.01	108.03
1801.80	-79.91	97.70
1808.60	-79.34	144.57
1815.43	-73.32	127.55
1822.28	-73.60	87.66
1829.15	-73.28	79.02
1836.06	-75.73	79.47
1842.99	-74.34	82.53
1849.94	-75.21	56.75
1856.92	-77.46	59.73
1863.93	-75.52	53.48
1870.96	-74.12	47.41
1878.02	-74.31	37.97
1885.11	-73.06	4.84
1892.22	-76.35	-0.61
1899.36	-76.57	-4.79
1906.53	-77.42	18.07
1913.72	-72.23	18.65
1920.95	-71.41	-15.58
1928.19	-71.16	-36.40
1935.47	-73.52	-49.01
1942.77	-71.80	-65.99
1950.11	-76.40	-62.29
1957.46	-73.21	-61.62
1964.85	-70.67	-87.71
1972.27	-71.83	-108.95
1979.71	-72.48	-140.48
1987.18	-76.40	-140.28
1994.68	-77.41	-156.77
2002.20	-75.93	-146.37
2009.76	-78.31	-150.37
2017.34	-73.96	-176.64
2024.96	-73.76	156.69
2032.60	-72.72	65.55
2040.27	-80.07	-53.82
2047.97	-79.67	-122.62
2055.70	-77.69	-177.33
2063.45	-75.20	-172.40
2071.24	-75.47	161.59
2079.06	-76.45	130.61
2086.90	-79.56	109.88
2094.78	-81.56	89.73
2102.68	-81.91	117.63
2110.62	-78.68	137.10
2118.58	-74.32	96.26
2126.57	-80.72	98.87
2134.60	-78.33	67.46
2142.65	-80.25	84.56
2150.74	-77.82	125.23
2158.86	-73.66	77.21
2167.00	-76.09	53.99
2175.18	-76.97	47.44
2183.39	-76.49	73.73
2191.63	-73.85	35.33
2199.90	-71.90	20.79
2208.20	-71.83	-12.72
2216.53	-74.69	-12.98
2224.90	-78.91	-37.08
2233.29	-73.52	-15.33
2241.72	-75.03	-30.36
2250.18	-74.40	-58.84
2258.67	-76.18	-55.13
2267.19	-73.45	-72.59
2275.75	-73.75	-83.14
2284.34	-72.69	-92.75
2292.96	-72.70	-131.41
2301.61	-72.56	-147.55
2310.29	-76.69	-153.71
2319.01	-73.97	-172.26
2327.76	-74.33	176.54
2336.55	-78.04	169.13
2345.36	-77.29	141.75
2354.21	-80.90	140.18
2363.10	-79.56	159.21
2372.02	-77.65	136.56
2380.97	-78.22	122.00
2389.95	-79.16	89.13
2398.97	-83.77	91.19
2408.02	-81.27	138.16
2417.11	-77.08	83.37
2426.23	-80.40	64.37
2435.39	-86.12	87.75
2444.58	-81.06	86.46
2453.80	-79.35	71.59
2463.06	-75.93	61.20
2472.35	-76.07	7.70
2481.68	-81.21	13.24
2491.05	-81.70	-17.46
2500.45	-81.32	-1.10
2509.88	-85.26	-23.51
2519.36	-81.64	35.27
2528.86	-84.96	48.16
2538.41	-80.43	25.10
2547.98	-77.97	15.31
2557.60	-74.96	-16.76
2567.25	-78.06	-34.27
2576.94	-75.07	-60.58
2586.66	-78.20	-69.35
2596.42	-79.86	-70.59
2606.22	-75.97	-84.92
2616.06	-76.04	-116.27
2625.93	-77.42	-134.61
2635.84	-79.03	-144.83
2645.78	-77.14	-139.62
2655.77	-76.74	-166.89
2665.79	-76.36	169.64
2675.85	-82.06	139.41
2685.95	-81.83	167.85
2696.08	-79.37	136.44
2706.26	-79.77	121.76
2716.47	-81.40	96.36
2726.72	-80.10	124.47
2737.01	-82.42	87.04
2747.34	-83.29	88.27
2757.70	-78.64	80.39
2768.11	-83.99	63.12
2778.56	-78.31	70.18
2789.04	-82.06	42.68
2799.57	-84.53	17.24
2810.13	-82.58	-4.33
2820.73	-83.40	-154.79
2831.38	-82.52	43.52
2842.06	-81.07	45.30
2852.79	-78.17	25.75
2863.55	-81.81	-21.87
2874.36	-78.59	-23.12
2885.21	-77.72	-22.30
2896.09	-78.19	-35.92
2907.02	-78.13	-41.83
2917.99	-77.69	-76.85
2929.00	-83.44	-112.77
2940.06	-77.46	-91.02
2951.15	-78.10	-137.91
2962.29	-78.41	-127.40
2973.47	-81.23	-149.08
2984.69	-78.84	-166.70
2995.95	-78.31	-174.70
3007.25	-78.88	157.07
3018.60	-81.47	149.01
3029.99	-78.76	147.06
3041.43	-76.82	132.42
3052.90	-76.56	107.14
3064.42	-80.13	100.47
3075.99	-77.87	79.00
3087.60	-77.60	56.86
3099.25	-78.38	27.80
3110.94	-80.14	57.47
3122.68	-78.99	52.19
3134.47	-77.32	6.40
3146.29	-81.32	-2.32
3158.17	-83.68	-19.43
3170.08	-82.43	-19.84
3182.05	-81.14	5.31
3194.05	-80.81	-36.07
3206.11	-81.37	-61.77
3218.21	-80.27	-79.99
3230.35	-85.05	-77.72
3242.54	-80.65	-60.28
3254.77	-82.84	-110.48
3267.06	-78.64	-126.50
3279.39	-82.83	-123.04
3291.76	-79.71	-148.99
3304.18	-78.67	-166.96
3316.65	-79.21	172.52
3329.17	-79.64	151.41
3341.73	-77.66	137.60
3354.34	-77.94	136.09
3367.00	-78.64	107.24
3379.70	-78.14	105.70
3392.46	-79.04	74.85
3405.26	-77.75	53.08
3418.11	-76.75	42.33
3431.01	-78.71	-20.99
3443.95	-82.37	-16.44
3456.95	-78.71	39.78
3469.99	-80.54	-1.33
3483.09	-78.42	-162.86
3496.23	-79.85	85.69
3509.43	-81.20	0.58
3522.67	-78.45	-62.90
3535.96	-78.13	-91.14
3549.31	-81.99	-101.67
3562.70	-83.49	-80.10
3576.14	-81.99	42.19
3589.64	-78.79	-116.87
3603.18	-80.87	-170.25
3616.78	-80.84	-171.40
3630.43	-79.26	-169.14
3644.13	-79.82	157.80
3657.88	-78.37	146.46
3671.68	-80.71	129.04
3685.54	-79.08	103.67
3699.45	-79.74	90.57
3713.41	-78.78	88.08
3727.42	-79.03	35.18
3741.49	-80.44	56.74
3755.60	-78.43	29.72
3769.78	-79.95	7.40
3784.00	-80.21	-111.66
3798.28	-79.56	-1.27
3812.61	-80.44	-34.56
3827.00	-82.41	-30.82
3841.44	-90.57	-92.31
3855.94	-80.86	-45.98
3870.49	-79.89	-114.48
3885.09	-81.38	-119.87
3899.75	-81.09	-20.36
3914.47	-82.53	-150.88
3929.24	-83.11	-174.72
3944.07	-80.19	178.02
3958.95	-78.81	135.15
3973.89	-82.72	129.13
3988.89	-80.74	114.77
4003.94	-80.90	81.67
4019.05	-79.53	65.55
4034.22	-81.43	42.24
4049.44	-82.14	9.56
4064.72	-82.52	44.22
4080.06	-81.30	54.82
4095.46	-80.76	17.95
4110.91	-80.27	-27.93
4126.42	-81.99	18.00
4141.99	-82.91	-121.54
4157.62	-79.47	-74.36
4173.31	-85.49	91.42
4189.06	-81.66	-47.18
4204.87	-80.30	-64.89
4220.74	-81.57	-134.39
4236.66	-80.84	-154.35
4252.65	-81.45	-160.66
4268.70	-79.63	179.39
4284.81	-80.54	117.07
4300.98	-79.17	115.10
4317.21	-79.61	87.22
4333.50	-81.58	120.75
4349.85	-78.87	77.08
4366.26	-79.96	-87.89
4382.74	-80.36	56.46
4399.28	-79.36	-2.14
4415.88	-87.38	165.96
4432.54	-82.31	18.08
4449.27	-81.43	-48.55
4466.06	-87.72	-177.90
4482.91	-82.27	-2.99
4499.83	-82.42	-22.82
4516.81	-79.13	-67.20
4533.85	-76.38	-131.98
4550.96	-80.61	178.41
4568.14	-79.23	-169.05
4585.37	-81.21	147.38
4602.68	-80.60	133.52
4620.05	-79.58	143.38
4637.48	-79.29	100.11
4654.98	-79.49	61.54
4672.55	-80.15	64.36
4690.18	-79.33	41.80
4707.88	-81.49	19.87
4725.64	-83.02	-62.40
4743.48	-82.99	-0.25
4761.38	-80.75	-82.28
4779.34	-84.59	-122.78
4797.38	-81.98	67.75
4815.48	-83.04	115.16
4833.65	-83.99	-77.94
4851.89	-82.39	-168.06
4870.20	-86.08	171.48
4888.58	-79.36	-179.55
4907.03	-80.57	121.93
4925.54	-80.40	86.43
4944.13	-81.75	93.13
4962.79	-87.81	157.45
4981.52	-79.60	88.79
5000.31	-80.92	21.92
5019.18	-86.49	104.89
5038.12	-78.43	44.30
5057.14	-81.71	-33.43
5076.22	-84.49	-36.72
5095.37	-83.46	-0.82
5114.60	-82.00	-40.79
5133.90	-84.52	-59.97
5153.27	-81.76	-98.12
5172.72	-78.73	-145.56
5192.24	-80.63	141.94
5211.83	-80.97	-171.30
5231.50	-78.79	92.37
5251.24	-85.98	-92.53
5271.06	-81.65	143.70
5290.95	-82.96	99.30
5310.91	-81.78	97.84
5330.96	-80.54	154.10
5351.07	-82.41	-161.71
5371.27	-82.49	-133.86
5391.53	-84.23	-64.64
5411.88	-84.64	57.08
5432.30	-77.83	-36.54
5452.80	-81.07	-168.07
5473.38	-81.51	-97.88
5494.03	-80.14	-152.03
5514.76	-77.19	149.10
5535.57	-80.27	115.25
5556.46	-79.72	79.36
5577.43	-78.49	80.22
5598.48	-81.81	42.75
5619.60	-83.51	-19.13
5640.81	-82.40	49.68
5662.10	-80.91	124.11
5683.46	-83.69	-154.50
5704.91	-82.64	63.99
5726.44	-84.42	-169.30
5748.05	-81.93	-3.91
5769.74	-82.26	-61.56
5791.51	-79.03	-144.74
5813.36	-80.03	169.90
5835.30	-82.15	125.88
5857.32	-80.51	101.28
5879.42	-80.43	72.14
5901.61	-82.15	21.38
5923.88	-80.62	34.25
5946.23	-81.72	-79.32
5968.67	-84.86	-68.58
5991.20	-86.11	98.61
6013.80	-84.40	-27.49
6036.50	-84.92	128.41
6059.28	-81.20	141.03
6082.14	-81.76	59.23
6105.09	-83.62	-158.44
6128.13	-81.39	-100.86
6151.26	-83.92	150.13
6174.47	-81.38	138.16
6197.77	-82.36	68.29
6221.16	-79.34	75.42
6244.63	-78.99	10.10
6268.20	-82.70	9.61
6291.85	-77.64	-56.94
6315.59	-81.41	-122.86
6339.42	-77.38	-172.21
6363.35	-81.58	55.08
6387.36	-80.08	124.82
6411.46	-75.63	48.34
6435.66	-80.32	-109.90
6459.94	-82.12	-33.60
6484.32	-80.03	109.49
6508.79	-78.73	25.53
6533.35	-82.77	132.42
6558.00	-81.17	16.30
6582.75	-83.91	-15.27
6607.59	-79.45	-24.46
6632.53	-76.45	-91.59
6657.55	-76.09	-156.63
6682.68	-74.75	153.20
6707.90	-77.74	97.35
6733.21	-74.42	84.37
6758.62	-77.20	27.02
6784.12	-81.23	52.43
6809.72	-80.23	-79.31
6835.42	-80.59	0.40
6861.21	-79.40	-16.40
6887.10	-77.69	-45.88
6913.09	-76.77	-122.72
6939.18	-77.27	-152.03
6965.36	-76.01	-173.07
6991.65	-74.24	151.25
7018.03	-71.60	118.01
7044.51	-71.60	59.52
7071.10	-72.61	21.69
7097.78	-74.57	-10.35
7124.56	-78.99	-19.87
7151.45	-73.47	-49.52
7178.44	-75.48	-75.25
7205.52	-72.22	-111.75
7232.71	-72.68	-175.72
7260.01	-69.84	162.22
7287.40	-72.84	119.12
7314.90	-70.31	99.41
7342.51	-69.36	57.66
7370.21	-69.30	11.64
7398.03	-68.95	-31.68
7425.94	-71.33	-81.71
7453.97	-73.18	-122.24
7482.09	-73.35	-118.38
7510.33	-73.18	-171.87
7538.67	-70.58	164.20
7567.12	-70.52	110.52
7595.67	-70.32	73.40
7624.33	-71.41	52.35
7653.10	-71.11	9.58
7681.98	-70.28	-40.94
7710.97	-74.83	-82.09
7740.07	-72.24	-114.68
7769.28	-75.33	-157.77
7798.60	-74.22	155.86
7828.02	-78.56	37.35
7857.56	-74.08	115.11
7887.21	-76.94	59.45
7916.98	-74.78	52.70
7946.85	-77.97	26.67
7976.84	-74.80	-14.15
8006.94	-75.13	-46.20
8037.16	-78.36	-144.22
8067.49	-78.93	-139.31
8097.93	-77.34	137.83
8128.49	-79.98	129.55
8159.16	-80.86	-1.53
8189.95	-82.12	99.12
8220.86	-82.43	95.94
8251.88	-78.31	102.53
8283.02	-77.10	45.31
8314.27	-74.80	-2.14
8345.65	-75.95	-44.30
8377.14	-74.42	-125.61
8408.75	-76.35	-174.36
8440.48	-77.12	128.01
8472.33	-78.89	-156.71
8504.30	-78.89	-63.86
8536.40	-77.39	96.78
8568.61	-79.82	91.39
8600.94	-75.61	52.67
8633.40	-73.63	-1.66
8665.98	-73.79	-75.08
8698.68	-77.71	-133.89
8731.51	-77.33	173.19
8764.46	-78.05	145.17
8797.53	-76.06	87.50
8830.73	-77.40	63.81
8864.05	-80.36	155.57
8897.50	-78.61	84.87
8931.07	-75.34	40.43
8964.78	-76.62	-18.94
8998.61	-75.25	-62.06
9032.56	-76.35	-138.01
9066.65	-77.37	-171.95
9100.86	-74.97	126.60
9135.20	-74.76	64.01
9169.68	-75.05	44.95
9204.28	-79.40	107.34
9239.01	-78.06	27.76
9273.88	-74.92	-22.43
9308.87	-75.41	-90.36
9344.00	-75.38	-175.70
9379.26	-76.60	170.25
9414.65	-76.22	114.73
9450.18	-75.38	68.24
9485.84	-76.96	44.41
9521.64	-77.06	135.73
9557.57	-79.67	-79.49
9593.64	-80.47	-52.71
9629.84	-78.98	-89.87
9666.18	-79.26	98.84
9702.65	-77.92	146.71
9739.27	-77.27	107.24
9776.02	-78.60	62.45
9812.91	-79.26	33.16
9849.94	-80.30	106.16
9887.11	-80.85	-17.73
9924.42	-80.95	-62.98
9961.87	-80.33	-141.16
9999.46	-79.67	167.36
10037.19	-77.39	113.99
10075.07	-78.86	72.32
10113.09	-79.82	58.26
10151.25	-81.22	29.42
10189.55	-78.91	26.51
10228.01	-79.79	-38.16
10266.60	-79.12	-112.08
10305.34	-78.77	-177.50
10344.23	-77.43	131.05
10383.27	-80.12	84.54
10422.45	-79.01	63.85
10461.78	-79.27	128.92
10501.26	-79.52	-4.34
10540.88	-79.99	-98.14
10580.66	-79.88	-85.59
10620.59	-79.03	-156.01
10660.66	-76.30	132.39
10700.89	-76.22	102.52
10741.27	-78.14	60.06
10781.81	-78.78	16.37
10822.49	-78.31	-5.45
10863.33	-79.46	37.84
10904.33	-76.01	-110.04
10945.47	-77.41	166.14
10986.78	-78.04	123.55
11028.24	-76.13	81.83
11069.85	-74.72	36.25
11111.63	-75.44	-7.94
11153.56	-81.57	-52.57
11195.64	-81.95	17.76
11237.89	-80.36	-162.78
11280.30	-76.94	140.47
11322.87	-77.30	99.69
11365.59	-75.11	53.68
11408.48	-75.46	2.58
11451.53	-78.65	-55.15
11494.75	-81.46	-118.76
11538.12	-81.81	-166.01
11581.66	-80.07	126.21
11625.37	-78.13	95.30
11669.24	-77.43	70.62
11713.27	-76.29	23.25
11757.47	-77.05	-38.88
11801.84	-80.57	-122.96
11846.37	-81.28	-165.64
11891.08	-79.17	133.00
11935.95	-79.47	83.15
11980.99	-79.46	53.56
12026.20	-78.52	15.61
12071.58	-80.49	-35.33
12117.14	-81.92	-26.27
12162.86	-80.18	171.96
12208.76	-78.86	113.17
12254.83	-78.17	56.41
12301.07	-82.47	43.53
12347.49	-82.17	30.65
12394.08	-82.06	-26.52
12440.85	-81.96	-128.82
12487.80	-81.97	159.01
12534.92	-79.95	120.67
12582.23	-80.03	55.08
12629.71	-81.26	45.68
12677.37	-81.83	4.93
12725.20	-82.57	-25.19
12773.22	-84.07	-118.46
12821.42	-81.78	166.68
12869.81	-78.01	93.27
12918.37	-79.00	45.26
12967.12	-82.40	-68.56
13016.05	-81.86	-150.20
13065.17	-83.07	-81.45
13114.47	-82.49	-167.61
13163.96	-79.85	111.30
13213.64	-78.25	49.43
13263.50	-81.99	23.67
13313.55	-82.92	23.73
13363.79	-84.38	-109.83
13414.22	-82.04	-157.96
13464.84	-81.23	123.14
13515.65	-78.75	78.50
13566.65	-80.60	27.94
13617.84	-83.31	-151.46
13669.23	-84.10	120.69
13720.81	-85.16	125.58
13772.59	-82.52	154.57
13824.56	-78.26	78.71
13876.73	-79.37	31.91
13929.09	-85.77	-8.39
13981.66	-84.72	-14.62
14034.42	-87.33	-38.41
14087.38	-82.20	127.27
14140.54	-78.98	74.49
14193.90	-79.25	26.24
14247.46	-84.13	3.33
14301.22	-86.16	113.33
14355.19	-87.76	-27.42
14409.36	-81.56	143.51
14463.73	-79.41	79.80
14518.31	-79.14	17.96
14573.10	-82.94	-58.54
14628.09	-88.12	-83.85
14683.29	-87.40	-135.62
14738.70	-80.85	126.37
14794.32	-79.17	61.26
14850.15	-79.90	10.64
14906.18	-84.94	-121.46
14962.43	-87.65	134.75
15018.90	-85.49	145.98
15075.57	-79.94	96.08
15132.46	-79.88	39.58
15189.56	-84.09	-0.80
15246.88	-88.08	-90.63
15304.42	-85.58	-88.32
15362.17	-80.92	102.90
15420.14	-79.86	66.65
15478.33	-80.47	28.39
15536.74	-83.26	-53.69
15595.37	-84.23	-153.85
15654.22	-81.42	114.34
15713.29	-80.90	72.88
15772.58	-80.60	23.05
15832.10	-82.41	-30.14
15891.85	-87.94	110.54
15951.81	-81.91	131.64
16012.01	-80.45	76.77
16072.43	-80.75	37.91
16133.08	-82.43	-27.18
16193.96	-87.00	-115.29
16255.07	-82.72	138.14
16316.41	-80.64	80.66
16377.98	-80.14	38.37
16439.79	-82.58	-24.63
16501.82	-88.19	2.97
16564.09	-83.54	113.07
16626.60	-81.65	74.34
16689.34	-80.52	34.81
16752.32	-82.23	-21.55
16815.54	-86.59	-157.51
16878.99	-83.31	108.32
16942.69	-80.76	77.37
17006.62	-83.01	33.46
17070.79	-83.44	-15.62
17135.21	-86.66	-155.52
17199.87	-81.85	105.25
17264.78	-81.57	63.10
17329.93	-81.33	32.20
17395.32	-83.32	-31.47
17460.97	-84.47	166.32
17526.86	-80.25	106.25
17593.00	-79.01	51.13
17659.38	-83.34	6.50
17726.02	-87.53	76.89
17792.91	-84.10	165.32
17860.06	-79.42	77.37
17927.45	-80.07	17.36
17995.10	-86.56	-75.43
18063.01	-87.75	-159.98
18131.17	-83.13	102.80
18199.59	-79.82	55.29
18268.27	-82.19	-34.33
18337.21	-87.87	-82.86
18406.40	-84.42	86.93
18475.86	-81.42	66.96
18545.58	-82.08	38.63
18615.56	-87.40	107.10
18685.81	-85.69	111.42
18756.32	-84.55	80.32
18827.10	-82.62	72.07
18898.15	-84.14	-38.08
18969.46	-87.15	74.91
19041.04	-85.21	176.67
19112.90	-82.76	63.16
19185.02	-83.65	42.07
19257.42	-87.38	-55.30
19330.09	-86.33	-176.04
19403.03	-83.03	74.85
19476.25	-83.24	46.54
19549.74	-87.53	28.38
19623.51	-87.59	77.01
19697.56	-85.41	124.43
19771.89	-83.38	55.98
19846.51	-72.83	-4.91
19921.40	-42.36	-105.73
19996.57	-81.26	-13.41
20072.03	-83.28	83.61
20147.78	-84.05	24.15
20223.80	-87.79	-71.53
20300.12	-84.85	-37.61
20376.72	-81.94	66.18
20453.62	-83.60	29.42
20530.80	-87.69	-5.81
20608.28	-84.35	83.97
20686.04	-83.02	62.55
20764.10	-85.04	12.73
20842.46	-88.25	159.07
20921.11	-84.42	83.31
21000.06	-82.46	47.89
21079.30	-85.41	165.04
21158.85	-87.99	127.37
21238.69	-82.91	77.09
21318.84	-83.44	45.29
21399.29	-86.85	103.34
21480.04	-86.23	74.59
21561.09	-84.19	54.77
21642.46	-87.14	44.48
21724.12	-87.54	76.61
21806.10	-85.14	-77.88
21888.39	-85.67	54.93
21970.99	-88.04	52.26
22053.89	-84.87	58.77
22137.12	-85.89	40.20
22220.65	-86.99	-89.55
22304.50	-83.54	67.05
