Freq[Hz]	[dBV]	Phase[Deg]
10.00	-68.18	97.21
10.04	-68.49	97.03
10.08	-68.81	96.85
10.11	-69.13	96.67
10.15	-69.44	96.47
10.19	-69.76	96.26
10.23	-70.08	96.05
10.27	-70.41	95.82
10.31	-70.73	95.58
10.34	-71.05	95.33
10.38	-71.37	95.06
10.42	-71.69	94.77
10.46	-72.01	94.47
10.50	-72.33	94.15
10.54	-72.64	93.81
10.58	-72.96	93.45
10.62	-73.28	93.06
10.66	-73.59	92.66
10.70	-73.90	92.22
10.74	-74.21	91.77
10.78	-74.52	91.28
10.82	-74.82	90.76
10.86	-75.13	90.22
10.90	-75.42	89.64
10.95	-75.72	89.03
10.99	-76.01	88.38
11.03	-76.30	87.70
11.07	-76.58	86.97
11.11	-76.86	86.21
11.15	-77.14	85.41
11.20	-77.40	84.56
11.24	-77.67	83.67
11.28	-77.93	82.73
11.32	-78.18	81.74
11.37	-78.42	80.70
11.41	-78.66	79.61
11.45	-78.89	78.47
11.50	-79.12	77.27
11.54	-79.34	76.01
11.58	-79.55	74.69
11.63	-79.75	73.31
11.67	-79.94	71.86
11.71	-80.12	70.35
11.76	-80.29	68.77
11.80	-80.46	67.12
11.85	-80.61	65.40
11.89	-80.76	63.63
11.94	-80.89	61.79
11.98	-81.02	59.89
12.03	-81.13	57.93
12.07	-81.24	55.92
12.12	-81.34	53.85
12.16	-81.43	51.73
12.21	-81.52	49.56
12.26	-81.59	47.35
12.30	-81.66	45.08
12.35	-81.71	42.78
12.39	-81.76	40.43
12.44	-81.81	38.05
12.49	-81.84	35.63
12.54	-81.87	33.18
12.58	-81.89	30.70
12.63	-81.90	28.19
12.68	-81.90	25.65
12.73	-81.90	23.10
12.77	-81.89	20.52
12.82	-81.87	17.93
12.87	-81.85	15.32
12.92	-81.82	12.71
12.97	-81.79	10.09
13.02	-81.75	7.46
13.07	-81.70	4.84
13.12	-81.65	2.22
13.16	-81.60	-0.40
13.21	-81.54	-3.00
13.26	-81.47	-5.59
13.31	-81.40	-8.17
13.36	-81.33	-10.72
13.41	-81.25	-13.25
13.47	-81.16	-15.74
13.52	-81.08	-18.21
13.57	-80.99	-20.63
13.62	-80.90	-23.02
13.67	-80.80	-25.35
13.72	-80.71	-27.64
13.77	-80.61	-29.87
13.83	-80.51	-32.05
13.88	-80.40	-34.15
13.93	-80.30	-36.19
13.98	-80.20	-38.16
14.04	-80.09	-40.04
14.09	-79.99	-41.84
14.14	-79.88	-43.56
14.19	-79.78	-45.17
14.25	-79.67	-46.69
14.30	-79.57	-48.10
14.36	-79.47	-49.40
14.41	-79.37	-50.59
14.46	-79.28	-51.65
14.52	-79.18	-52.58
14.57	-79.09	-53.38
14.63	-79.01	-54.04
14.68	-78.92	-54.55
14.74	-78.85	-54.91
14.80	-78.77	-55.13
14.85	-78.70	-55.22
14.91	-78.64	-55.17
14.96	-78.58	-54.99
15.02	-78.53	-54.69
15.08	-78.48	-54.27
15.13	-78.44	-53.74
15.19	-78.40	-53.10
15.25	-78.37	-52.36
15.31	-78.35	-51.52
15.36	-78.33	-50.60
15.42	-78.32	-49.59
15.48	-78.32	-48.50
15.54	-78.32	-47.34
15.60	-78.34	-46.11
15.66	-78.36	-44.83
15.71	-78.38	-43.49
15.77	-78.42	-42.11
15.83	-78.46	-40.69
15.89	-78.52	-39.23
15.95	-78.58	-37.76
16.01	-78.65	-36.27
16.07	-78.74	-34.77
16.13	-78.83	-33.27
16.19	-78.93	-31.78
16.26	-79.04	-30.30
16.32	-79.17	-28.85
16.38	-79.30	-27.43
16.44	-79.45	-26.05
16.50	-79.60	-24.73
16.56	-79.77	-23.46
16.63	-79.96	-22.27
16.69	-80.15	-21.15
16.75	-80.36	-20.13
16.82	-80.58	-19.20
16.88	-80.82	-18.38
16.94	-81.07	-17.69
17.01	-81.33	-17.12
17.07	-81.61	-16.70
17.14	-81.91	-16.43
17.20	-82.22	-16.32
17.27	-82.54	-16.39
17.33	-82.88	-16.65
17.40	-83.24	-17.11
17.46	-83.62	-17.78
17.53	-84.01	-18.68
17.59	-84.43	-19.81
17.66	-84.86	-21.19
17.73	-85.30	-22.81
17.79	-85.77	-24.66
17.86	-86.25	-26.73
17.93	-86.74	-29.01
18.00	-87.24	-31.50
18.06	-87.76	-34.18
18.13	-88.29	-37.05
18.20	-88.83	-40.09
18.27	-89.38	-43.30
18.34	-89.94	-46.67
18.41	-90.50	-50.19
18.48	-91.07	-53.84
18.55	-91.64	-57.61
18.62	-92.21	-61.50
18.69	-92.79	-65.50
18.76	-93.36	-69.58
18.83	-93.94	-73.74
18.90	-94.51	-77.97
18.97	-95.08	-82.26
19.04	-95.64	-86.59
19.11	-96.19	-90.94
19.19	-96.74	-95.32
19.26	-97.27	-99.69
19.33	-97.80	-104.05
19.40	-98.31	-108.39
19.48	-98.80	-112.68
19.55	-99.28	-116.92
19.62	-99.74	-121.09
19.70	-100.18	-125.17
19.77	-100.60	-129.15
19.85	-100.99	-133.01
19.92	-101.36	-136.74
20.00	-101.70	-140.31
20.07	-102.01	-143.72
20.15	-102.29	-146.94
20.22	-102.53	-149.95
20.30	-102.74	-152.74
20.38	-102.91	-155.28
20.45	-103.04	-157.56
20.53	-103.13	-159.57
20.61	-103.17	-161.28
20.69	-103.17	-162.70
20.77	-103.13	-163.85
20.84	-103.06	-164.73
20.92	-102.94	-165.34
21.00	-102.80	-165.70
21.08	-102.61	-165.82
21.16	-102.40	-165.70
21.24	-102.16	-165.35
21.32	-101.89	-164.78
21.40	-101.59	-164.01
21.48	-101.27	-163.03
21.56	-100.93	-161.87
21.64	-100.57	-160.52
21.73	-100.19	-159.01
21.81	-99.80	-157.34
21.89	-99.40	-155.52
21.97	-98.98	-153.57
22.06	-98.56	-151.49
22.14	-98.13	-149.31
22.22	-97.70	-147.02
22.31	-97.27	-144.64
22.39	-96.84	-142.19
22.47	-96.42	-139.67
22.56	-96.01	-137.11
22.64	-95.61	-134.51
22.73	-95.22	-131.89
22.82	-94.85	-129.27
22.90	-94.49	-126.65
22.99	-94.16	-124.05
23.07	-93.86	-121.50
23.16	-93.59	-118.99
23.25	-93.35	-116.56
23.34	-93.14	-114.21
23.43	-92.98	-111.96
23.51	-92.86	-109.83
23.60	-92.78	-107.83
23.69	-92.74	-105.94
23.78	-92.73	-104.19
23.87	-92.77	-102.55
23.96	-92.84	-101.05
24.05	-92.94	-99.67
24.14	-93.07	-98.41
24.23	-93.23	-97.29
24.32	-93.42	-96.30
24.42	-93.63	-95.43
24.51	-93.86	-94.70
24.60	-94.12	-94.10
24.69	-94.39	-93.63
24.79	-94.67	-93.30
24.88	-94.97	-93.10
24.97	-95.27	-93.04
25.07	-95.59	-93.11
25.16	-95.91	-93.32
25.26	-96.22	-93.67
25.35	-96.54	-94.16
25.45	-96.86	-94.79
25.54	-97.16	-95.56
25.64	-97.46	-96.47
25.74	-97.75	-97.52
25.84	-98.02	-98.71
25.93	-98.26	-100.05
26.03	-98.49	-101.54
26.13	-98.69	-103.17
26.23	-98.86	-104.94
26.33	-99.00	-106.87
26.43	-99.11	-108.94
26.53	-99.17	-111.15
26.63	-99.21	-113.50
26.73	-99.20	-115.97
26.83	-99.17	-118.55
26.93	-99.11	-121.24
27.03	-99.02	-124.02
27.13	-98.91	-126.87
27.23	-98.78	-129.80
27.34	-98.62	-132.78
27.44	-98.44	-135.81
27.54	-98.25	-138.87
27.65	-98.05	-141.95
27.75	-97.84	-145.05
27.86	-97.61	-148.13
27.96	-97.38	-151.20
28.07	-97.15	-154.24
28.17	-96.91	-157.23
28.28	-96.68	-160.16
28.39	-96.45	-163.02
28.49	-96.23	-165.78
28.60	-96.01	-168.45
28.71	-95.82	-170.99
28.82	-95.63	-173.40
28.93	-95.47	-175.66
29.03	-95.33	-177.74
29.14	-95.21	-179.65
29.25	-95.13	178.65
29.36	-95.07	177.17
29.48	-95.05	175.91
29.59	-95.05	174.86
29.70	-95.08	174.02
29.81	-95.14	173.38
29.92	-95.22	172.92
30.04	-95.31	172.64
30.15	-95.42	172.53
30.26	-95.54	172.58
30.38	-95.67	172.78
30.49	-95.81	173.12
30.61	-95.95	173.58
30.72	-96.08	174.17
30.84	-96.21	174.86
30.95	-96.34	175.65
31.07	-96.45	176.53
31.19	-96.55	177.48
31.31	-96.62	178.49
31.42	-96.68	179.55
31.54	-96.71	-179.36
31.66	-96.70	-178.24
31.78	-96.67	-177.11
31.90	-96.59	-175.98
32.02	-96.47	-174.87
32.14	-96.30	-173.79
32.26	-96.08	-172.75
32.39	-95.81	-171.77
32.51	-95.48	-170.85
32.63	-95.11	-169.98
32.75	-94.69	-169.18
32.88	-94.24	-168.44
33.00	-93.75	-167.76
33.13	-93.23	-167.16
33.25	-92.68	-166.62
33.38	-92.10	-166.15
33.50	-91.51	-165.76
33.63	-90.91	-165.44
33.76	-90.29	-165.20
33.88	-89.67	-165.04
34.01	-89.05	-164.97
34.14	-88.43	-164.98
34.27	-87.82	-165.07
34.40	-87.22	-165.26
34.53	-86.65	-165.53
34.66	-86.10	-165.91
34.79	-85.57	-166.38
34.92	-85.09	-166.95
35.05	-84.64	-167.62
35.18	-84.25	-168.40
35.32	-83.90	-169.28
35.45	-83.60	-170.27
35.58	-83.34	-171.34
35.72	-83.13	-172.51
35.85	-82.96	-173.76
35.99	-82.82	-175.08
36.12	-82.72	-176.47
36.26	-82.65	-177.92
36.40	-82.60	-179.42
36.53	-82.58	179.03
36.67	-82.58	177.44
36.81	-82.59	175.82
36.95	-82.62	174.17
37.09	-82.66	172.51
37.23	-82.70	170.85
37.37	-82.74	169.18
37.51	-82.79	167.52
37.65	-82.82	165.88
37.79	-82.85	164.27
37.94	-82.86	162.70
38.08	-82.85	161.17
38.22	-82.82	159.69
38.37	-82.76	158.27
38.51	-82.69	156.91
38.66	-82.60	155.59
38.80	-82.49	154.34
38.95	-82.37	153.13
39.10	-82.24	151.98
39.24	-82.10	150.87
39.39	-81.95	149.82
39.54	-81.80	148.82
39.69	-81.64	147.87
39.84	-81.48	146.97
39.99	-81.32	146.12
40.14	-81.17	145.31
40.29	-81.02	144.55
40.45	-80.88	143.83
40.60	-80.76	143.16
40.75	-80.65	142.53
40.90	-80.55	141.95
41.06	-80.48	141.40
41.21	-80.42	140.90
41.37	-80.39	140.44
41.53	-80.37	140.02
41.68	-80.37	139.63
41.84	-80.39	139.28
42.00	-80.42	138.97
42.16	-80.46	138.70
42.32	-80.51	138.46
42.47	-80.57	138.25
42.63	-80.64	138.08
42.80	-80.71	137.94
42.96	-80.78	137.83
43.12	-80.86	137.75
43.28	-80.93	137.70
43.45	-80.99	137.67
43.61	-81.06	137.68
43.77	-81.11	137.70
43.94	-81.16	137.76
44.10	-81.19	137.83
44.27	-81.21	137.92
44.44	-81.22	138.03
44.61	-81.22	138.14
44.77	-81.21	138.25
44.94	-81.19	138.36
45.11	-81.16	138.46
45.28	-81.13	138.55
45.45	-81.09	138.61
45.63	-81.04	138.65
45.80	-80.99	138.66
45.97	-80.94	138.62
46.14	-80.88	138.54
46.32	-80.82	138.40
46.49	-80.76	138.21
46.67	-80.70	137.95
46.84	-80.65	137.61
47.02	-80.59	137.20
47.20	-80.54	136.71
47.38	-80.48	136.16
47.56	-80.43	135.57
47.74	-80.38	134.93
47.92	-80.33	134.28
48.10	-80.28	133.61
48.28	-80.23	132.94
48.46	-80.18	132.29
48.64	-80.12	131.67
48.83	-80.06	131.09
49.01	-79.99	130.57
49.20	-79.93	130.13
49.38	-79.85	129.77
49.57	-79.77	129.51
49.75	-79.69	129.37
49.94	-79.60	129.37
50.13	-79.50	129.49
50.32	-79.39	129.73
50.51	-79.28	130.07
50.70	-79.15	130.49
50.89	-79.03	130.98
51.08	-78.89	131.52
51.28	-78.75	132.10
51.47	-78.60	132.70
51.66	-78.44	133.30
51.86	-78.28	133.88
52.05	-78.11	134.44
52.25	-77.93	134.94
52.45	-77.75	135.37
52.65	-77.56	135.71
52.85	-77.36	135.95
53.04	-77.16	136.07
53.24	-76.95	136.09
53.45	-76.74	136.02
53.65	-76.53	135.87
53.85	-76.31	135.65
54.05	-76.09	135.37
54.26	-75.86	135.04
54.46	-75.64	134.67
54.67	-75.42	134.28
54.87	-75.20	133.88
55.08	-74.98	133.47
55.29	-74.76	133.08
55.50	-74.55	132.71
55.71	-74.34	132.38
55.92	-74.14	132.09
56.13	-73.94	131.84
56.34	-73.75	131.63
56.55	-73.55	131.44
56.77	-73.37	131.27
56.98	-73.18	131.10
57.19	-72.99	130.94
57.41	-72.80	130.77
57.63	-72.62	130.58
57.84	-72.43	130.36
58.06	-72.23	130.11
58.28	-72.03	129.82
58.50	-71.83	129.48
58.72	-71.62	129.07
58.94	-71.41	128.60
59.17	-71.19	128.07
59.39	-70.97	127.48
59.61	-70.75	126.85
59.84	-70.52	126.18
60.06	-70.30	125.48
60.29	-70.07	124.74
60.52	-69.85	123.99
60.75	-69.63	123.22
60.98	-69.42	122.44
61.21	-69.22	121.65
61.44	-69.02	120.88
61.67	-68.84	120.11
61.90	-68.66	119.35
62.14	-68.49	118.61
62.37	-68.32	117.87
62.61	-68.16	117.14
62.84	-68.01	116.41
63.08	-67.85	115.67
63.32	-67.69	114.93
63.56	-67.53	114.18
63.80	-67.36	113.42
64.04	-67.19	112.64
64.28	-67.01	111.84
64.52	-66.81	111.01
64.76	-66.61	110.17
65.01	-66.39	109.29
65.25	-66.17	108.39
65.50	-65.93	107.47
65.75	-65.70	106.51
66.00	-65.46	105.54
66.24	-65.22	104.53
66.49	-64.98	103.51
66.75	-64.75	102.45
67.00	-64.52	101.37
67.25	-64.30	100.27
67.50	-64.08	99.14
67.76	-63.88	97.99
68.01	-63.69	96.81
68.27	-63.51	95.61
68.53	-63.33	94.39
68.79	-63.15	93.15
69.05	-62.97	91.88
69.31	-62.80	90.59
69.57	-62.62	89.28
69.83	-62.44	87.96
70.09	-62.25	86.61
70.36	-62.06	85.24
70.62	-61.85	83.86
70.89	-61.64	82.45
71.16	-61.42	81.01
71.43	-61.19	79.54
71.70	-60.96	78.03
71.97	-60.72	76.48
72.24	-60.49	74.88
72.51	-60.25	73.22
72.79	-60.01	71.51
73.06	-59.77	69.73
73.34	-59.53	67.88
73.61	-59.30	65.96
73.89	-59.08	63.97
74.17	-58.86	61.91
74.45	-58.64	59.78
74.73	-58.43	57.60
75.01	-58.23	55.35
75.29	-58.04	53.05
75.58	-57.86	50.70
75.86	-57.69	48.30
76.15	-57.53	45.86
76.44	-57.38	43.37
76.73	-57.24	40.85
77.02	-57.11	38.29
77.31	-57.00	35.70
77.60	-56.90	33.09
77.89	-56.81	30.45
78.18	-56.74	27.79
78.48	-56.68	25.12
78.78	-56.63	22.43
79.07	-56.60	19.74
79.37	-56.58	17.04
79.67	-56.58	14.35
79.97	-56.59	11.65
80.27	-56.61	8.96
80.58	-56.65	6.27
80.88	-56.70	3.60
81.19	-56.76	0.94
81.49	-56.83	-1.71
81.80	-56.91	-4.34
82.11	-57.00	-6.95
82.42	-57.10	-9.54
82.73	-57.21	-12.09
83.04	-57.33	-14.61
83.35	-57.45	-17.08
83.67	-57.59	-19.51
83.99	-57.73	-21.87
84.30	-57.87	-24.17
84.62	-58.02	-26.40
84.94	-58.18	-28.55
85.26	-58.34	-30.61
85.58	-58.50	-32.58
85.90	-58.66	-34.47
86.23	-58.83	-36.28
86.55	-59.00	-38.01
86.88	-59.16	-39.66
87.21	-59.33	-41.24
87.54	-59.50	-42.74
87.87	-59.66	-44.17
88.20	-59.83	-45.53
88.53	-59.99	-46.84
88.87	-60.14	-48.09
89.20	-60.30	-49.30
89.54	-60.45	-50.49
89.88	-60.60	-51.65
90.22	-60.75	-52.80
90.56	-60.90	-53.95
90.90	-61.04	-55.11
91.24	-61.19	-56.28
91.59	-61.33	-57.46
91.93	-61.47	-58.64
92.28	-61.62	-59.80
92.63	-61.77	-60.94
92.98	-61.93	-62.04
93.33	-62.09	-63.09
93.68	-62.26	-64.08
94.03	-62.43	-65.00
94.39	-62.62	-65.86
94.74	-62.80	-66.66
95.10	-62.98	-67.41
95.46	-63.15	-68.14
95.82	-63.30	-68.84
96.18	-63.43	-69.54
96.54	-63.53	-70.24
96.91	-63.60	-70.95
97.27	-63.64	-71.68
97.64	-63.65	-72.42
98.01	-63.66	-73.17
98.38	-63.66	-73.92
98.75	-63.67	-74.66
99.12	-63.70	-75.38
99.50	-63.76	-76.09
99.87	-63.86	-76.76
100.25	-63.99	-77.42
100.63	-64.15	-78.06
101.01	-64.32	-78.71
101.39	-64.51	-79.36
101.77	-64.70	-80.04
102.16	-64.88	-80.75
102.54	-65.05	-81.51
102.93	-65.19	-82.33
103.32	-65.30	-83.18
103.71	-65.40	-84.04
104.10	-65.49	-84.90
104.49	-65.56	-85.71
104.88	-65.63	-86.46
105.28	-65.71	-87.13
105.68	-65.78	-87.68
106.08	-65.87	-88.12
106.48	-65.96	-88.49
106.88	-66.05	-88.82
107.28	-66.15	-89.15
107.69	-66.24	-89.50
108.09	-66.34	-89.94
108.50	-66.42	-90.48
108.91	-66.51	-91.15
109.32	-66.58	-91.92
109.73	-66.65	-92.77
110.15	-66.72	-93.66
110.56	-66.77	-94.57
110.98	-66.81	-95.46
111.40	-66.85	-96.31
111.82	-66.87	-97.09
112.24	-66.88	-97.79
112.67	-66.90	-98.44
113.09	-66.91	-99.04
113.52	-66.94	-99.60
113.95	-66.97	-100.12
114.38	-67.02	-100.61
114.81	-67.09	-101.09
115.24	-67.17	-101.54
115.68	-67.25	-101.99
116.11	-67.34	-102.43
116.55	-67.43	-102.86
116.99	-67.51	-103.30
117.43	-67.57	-103.74
117.87	-67.62	-104.18
118.32	-67.66	-104.64
118.77	-67.70	-105.09
119.21	-67.73	-105.54
119.66	-67.75	-105.99
120.12	-67.79	-106.44
120.57	-67.82	-106.89
121.02	-67.87	-107.35
121.48	-67.91	-107.84
121.94	-67.96	-108.37
122.40	-68.00	-108.97
122.86	-68.04	-109.64
123.32	-68.07	-110.41
123.79	-68.10	-111.28
124.26	-68.12	-112.21
124.73	-68.15	-113.18
125.20	-68.20	-114.17
125.67	-68.25	-115.15
126.14	-68.33	-116.09
126.62	-68.44	-116.96
127.10	-68.55	-117.75
127.58	-68.68	-118.41
128.06	-68.80	-118.93
128.54	-68.91	-119.27
129.03	-68.99	-119.41
129.51	-69.05	-119.35
130.00	-69.09	-119.19
130.49	-69.12	-119.04
130.98	-69.13	-119.02
131.48	-69.13	-119.24
131.98	-69.14	-119.81
132.47	-69.14	-120.78
132.97	-69.16	-122.05
133.48	-69.18	-123.50
133.98	-69.20	-125.01
134.48	-69.23	-126.47
134.99	-69.26	-127.76
135.50	-69.30	-128.82
136.01	-69.34	-129.70
136.53	-69.39	-130.44
137.04	-69.44	-131.08
137.56	-69.49	-131.68
138.08	-69.55	-132.27
138.60	-69.60	-132.86
139.12	-69.65	-133.46
139.65	-69.70	-134.04
140.17	-69.75	-134.60
140.70	-69.79	-135.14
141.23	-69.82	-135.64
141.77	-69.86	-136.14
142.30	-69.89	-136.66
142.84	-69.93	-137.23
143.38	-69.97	-137.88
143.92	-70.02	-138.64
144.46	-70.08	-139.48
145.01	-70.16	-140.38
145.55	-70.23	-141.27
146.10	-70.32	-142.12
146.65	-70.41	-142.89
147.21	-70.50	-143.54
147.76	-70.60	-144.10
148.32	-70.69	-144.57
148.88	-70.77	-144.99
149.44	-70.83	-145.35
150.01	-70.89	-145.71
150.57	-70.93	-146.09
151.14	-70.96	-146.57
151.71	-70.98	-147.21
152.28	-71.00	-148.07
152.86	-71.02	-149.18
153.43	-71.04	-150.46
154.01	-71.06	-151.78
154.59	-71.09	-153.00
155.18	-71.13	-153.97
155.76	-71.17	-154.58
156.35	-71.23	-154.89
156.94	-71.30	-155.05
157.53	-71.37	-155.19
158.13	-71.44	-155.47
158.72	-71.52	-156.00
159.32	-71.59	-156.74
159.93	-71.65	-157.57
160.53	-71.71	-158.39
161.13	-71.76	-159.07
161.74	-71.79	-159.53
162.35	-71.82	-159.80
162.97	-71.84	-159.95
163.58	-71.86	-160.05
164.20	-71.88	-160.16
164.82	-71.90	-160.35
165.44	-71.94	-160.63
166.06	-71.99	-161.02
166.69	-72.06	-161.54
167.32	-72.15	-162.20
167.95	-72.26	-162.97
168.58	-72.37	-163.74
169.22	-72.49	-164.43
169.86	-72.60	-164.91
170.50	-72.68	-165.12
171.14	-72.74	-165.12
171.79	-72.78	-165.05
172.44	-72.80	-165.04
173.09	-72.80	-165.21
173.74	-72.79	-165.64
174.40	-72.78	-166.27
175.06	-72.79	-167.05
175.72	-72.83	-167.93
176.38	-72.90	-168.83
177.04	-73.00	-169.69
177.71	-73.08	-170.42
178.38	-73.12	-170.92
179.06	-73.08	-171.12
179.73	-72.97	-171.05
180.41	-72.82	-170.88
181.09	-72.67	-170.78
181.77	-72.57	-170.91
182.46	-72.53	-171.38
183.15	-72.55	-172.09
183.84	-72.58	-172.91
184.53	-72.61	-173.72
185.23	-72.62	-174.42
185.93	-72.60	-175.07
186.63	-72.58	-175.80
187.33	-72.56	-176.72
188.04	-72.55	-177.92
188.75	-72.55	-179.26
189.46	-72.56	179.52
190.18	-72.58	178.68
190.90	-72.59	178.47
191.62	-72.59	178.80
192.34	-72.60	179.33
193.07	-72.61	179.72
193.79	-72.64	179.65
194.53	-72.68	179.08
195.26	-72.68	178.23
196.00	-72.61	177.31
196.74	-72.45	176.54
197.48	-72.22	175.90
198.22	-72.00	175.18
198.97	-71.85	174.19
199.72	-71.85	172.74
200.48	-71.96	170.92
201.23	-72.11	169.06
201.99	-72.22	167.47
202.75	-72.20	166.41
203.52	-72.08	165.77
204.29	-71.93	165.27
205.06	-71.84	164.59
205.83	-71.86	163.52
206.61	-71.95	162.14
207.39	-72.06	160.64
208.17	-72.14	159.21
208.96	-72.15	157.97
209.74	-72.10	156.85
210.54	-72.02	155.75
211.33	-71.93	154.61
212.13	-71.85	153.45
212.93	-71.80	152.46
213.73	-71.79	151.81
214.54	-71.81	151.64
215.35	-71.87	151.74
216.16	-71.95	151.73
216.98	-72.02	151.24
217.80	-72.06	150.07
218.62	-72.09	148.46
219.44	-72.08	146.71
220.27	-72.05	145.11
221.10	-72.02	143.80
221.94	-72.03	142.81
222.77	-72.12	142.16
223.61	-72.31	141.79
224.46	-72.52	141.30
225.30	-72.65	140.26
226.15	-72.63	138.27
227.01	-72.50	135.74
227.86	-72.37	133.61
228.72	-72.36	132.82
229.59	-72.53	133.69
230.45	-72.77	135.23
231.32	-72.96	136.30
232.20	-73.00	135.92
233.07	-72.93	134.48
233.95	-72.88	132.88
234.84	-72.94	132.03
235.72	-73.11	132.07
236.61	-73.27	132.40
237.50	-73.29	132.39
238.40	-73.10	131.67
239.30	-72.79	130.47
240.20	-72.44	129.10
241.11	-72.13	127.85
242.02	-71.93	126.85
242.93	-71.87	126.19
243.85	-71.99	125.95
244.77	-72.22	125.90
245.69	-72.42	125.69
246.62	-72.49	124.98
247.55	-72.40	123.75
248.48	-72.25	122.29
249.42	-72.14	120.92
250.36	-72.07	119.85
251.31	-72.00	119.21
252.26	-71.84	119.10
253.21	-71.59	119.40
254.16	-71.37	119.52
255.12	-71.27	118.84
256.09	-71.36	117.20
257.05	-71.50	115.30
258.02	-71.58	113.99
259.00	-71.51	113.62
259.97	-71.36	113.49
260.95	-71.22	112.73
261.94	-71.14	110.96
262.93	-71.05	108.80
263.92	-70.87	107.07
264.92	-70.59	106.16
265.92	-70.35	105.72
266.92	-70.31	105.29
267.93	-70.49	104.49
268.94	-70.72	103.09
269.95	-70.80	100.86
270.97	-70.68	97.97
271.99	-70.49	95.13
273.02	-70.38	93.03
274.05	-70.36	91.67
275.08	-70.35	90.43
276.12	-70.25	88.71
277.16	-70.12	86.62
278.21	-70.10	84.70
279.26	-70.31	83.39
280.31	-70.64	82.65
281.37	-70.90	82.26
282.43	-70.98	81.94
283.50	-70.97	81.34
284.57	-71.01	80.05
285.64	-71.13	78.07
286.72	-71.21	75.98
287.80	-71.15	74.36
288.89	-71.00	73.41
289.98	-70.92	73.00
291.07	-71.05	72.90
292.17	-71.26	72.34
293.27	-71.33	70.34
294.38	-71.21	66.97
295.49	-71.07	64.13
296.61	-71.10	63.77
297.73	-71.28	65.28
298.85	-71.43	66.20
299.98	-71.39	64.76
301.11	-71.22	62.20
302.25	-71.05	60.46
303.39	-70.93	60.15
304.53	-70.86	60.27
305.68	-70.82	59.86
306.83	-70.81	58.97
307.99	-70.82	58.08
309.15	-70.84	57.28
310.32	-70.85	56.04
311.49	-70.83	53.94
312.67	-70.76	51.60
313.85	-70.60	50.12
315.03	-70.38	49.79
316.22	-70.23	49.53
317.41	-70.23	48.32
318.61	-70.28	46.50
319.81	-70.18	44.95
321.02	-69.91	43.96
322.23	-69.74	42.98
323.45	-69.89	41.60
324.67	-70.14	40.15
325.89	-70.23	39.14
327.12	-70.12	38.46
328.36	-70.03	37.46
329.60	-70.08	35.76
330.84	-70.18	33.69
332.09	-70.22	31.69
333.34	-70.17	30.08
334.60	-70.02	29.13
335.86	-69.85	28.51
337.13	-69.85	27.25
338.40	-70.06	24.80
339.68	-70.21	21.78
340.96	-70.03	18.95
342.25	-69.72	17.07
343.54	-69.59	16.75
344.83	-69.71	17.12
346.14	-69.94	16.08
347.44	-70.15	13.18
348.75	-70.23	10.65
350.07	-70.14	10.02
351.39	-70.02	9.78
352.72	-70.03	8.15
354.05	-70.14	5.46
355.38	-70.24	2.81
356.72	-70.28	1.17
358.07	-70.25	1.34
359.42	-70.17	2.36
360.78	-70.14	1.42
362.14	-70.16	-2.11
363.51	-70.13	-5.06
364.88	-69.99	-5.48
366.25	-69.92	-5.40
367.64	-70.02	-6.77
369.02	-70.16	-8.80
370.42	-70.15	-10.33
371.81	-70.03	-11.68
373.22	-69.92	-13.45
374.63	-69.85	-15.22
376.04	-69.82	-16.21
377.46	-69.83	-17.15
378.88	-69.84	-19.40
380.31	-69.83	-22.08
381.75	-69.82	-23.08
383.19	-69.79	-23.39
384.63	-69.75	-26.10
386.09	-69.75	-30.50
387.54	-69.85	-32.92
389.00	-70.00	-33.19
390.47	-70.04	-34.12
391.95	-69.92	-36.17
393.43	-69.68	-37.76
394.91	-69.53	-38.64
396.40	-69.74	-39.71
397.90	-70.16	-41.40
399.40	-70.32	-43.70
400.90	-70.18	-45.55
402.42	-70.02	-45.50
403.94	-69.90	-44.87
405.46	-69.78	-46.36
406.99	-69.64	-49.31
408.53	-69.47	-51.79
410.07	-69.35	-54.93
411.61	-69.31	-60.24
413.17	-69.33	-65.14
414.73	-69.37	-67.17
416.29	-69.55	-68.60
417.86	-69.92	-71.30
419.44	-70.22	-73.54
421.02	-70.36	-74.33
422.61	-70.58	-74.74
424.21	-70.89	-75.52
425.81	-71.10	-76.85
427.41	-71.16	-78.67
429.03	-71.12	-80.73
430.65	-71.18	-82.42
432.27	-71.44	-83.31
433.90	-71.44	-84.47
435.54	-70.99	-86.49
437.18	-70.94	-87.89
438.83	-71.44	-88.26
440.49	-71.60	-88.98
442.15	-71.38	-90.57
443.82	-71.30	-92.81
445.49	-71.43	-95.39
447.18	-71.66	-97.81
448.86	-71.84	-99.24
450.56	-71.92	-99.31
452.26	-71.95	-98.58
453.96	-71.87	-99.31
455.68	-71.64	-103.67
457.40	-71.53	-107.24
459.12	-71.69	-107.14
460.85	-71.75	-108.41
462.59	-71.76	-111.86
464.34	-72.08	-113.62
466.09	-72.30	-113.52
467.85	-72.01	-113.23
469.62	-71.77	-115.04
471.39	-71.74	-117.67
473.17	-71.62	-117.23
474.95	-71.53	-117.33
476.74	-71.62	-121.21
478.54	-71.56	-124.02
480.35	-71.39	-124.69
482.16	-71.46	-125.86
483.98	-71.50	-127.43
485.81	-71.34	-128.67
487.64	-71.12	-129.39
489.48	-71.01	-130.10
491.33	-71.03	-131.96
493.18	-70.73	-136.66
495.04	-70.31	-141.77
496.91	-70.31	-142.71
498.79	-70.12	-142.79
500.67	-69.60	-144.96
502.56	-69.47	-148.55
504.45	-69.24	-153.04
506.36	-68.42	-158.69
508.27	-67.53	-166.67
510.19	-66.87	-177.69
512.11	-66.40	165.32
514.04	-66.14	133.25
515.98	-69.58	69.76
517.93	-76.95	-22.31
519.89	-77.06	-89.82
521.85	-72.56	-121.11
523.82	-71.53	-134.29
525.79	-71.76	-143.57
527.78	-71.37	-151.64
529.77	-70.37	-156.87
531.77	-70.31	-162.25
533.78	-70.49	-167.41
535.79	-70.01	-171.26
537.81	-69.85	-174.82
539.84	-69.78	-177.45
541.88	-69.57	-179.83
543.92	-69.61	175.60
545.98	-69.75	172.12
548.04	-69.86	168.55
550.10	-69.92	161.55
552.18	-69.78	159.21
554.26	-69.66	158.84
556.35	-69.69	154.59
558.45	-69.64	150.35
560.56	-69.77	149.44
562.68	-69.94	148.70
564.80	-69.70	142.84
566.93	-69.62	139.15
569.07	-69.66	137.40
571.22	-69.67	134.28
573.37	-69.97	130.90
575.54	-70.16	128.21
577.71	-70.19	125.59
579.89	-70.24	122.97
582.08	-70.19	122.54
584.27	-70.57	122.13
586.48	-70.90	120.00
588.69	-70.70	117.25
590.91	-70.99	115.98
593.14	-70.75	112.33
595.38	-70.39	108.42
597.63	-70.81	107.37
599.88	-71.06	104.91
602.15	-70.85	103.08
604.42	-70.70	101.62
606.70	-71.08	98.52
608.99	-71.70	94.58
611.29	-71.80	93.99
613.59	-71.89	92.19
615.91	-72.51	89.30
618.23	-73.42	89.68
620.57	-74.27	91.49
622.91	-76.16	94.78
625.26	-76.79	125.28
627.62	-72.62	165.14
629.99	-64.89	161.91
632.36	-60.89	115.21
634.75	-62.02	83.98
637.15	-64.19	71.89
639.55	-65.27	66.45
641.96	-65.80	63.75
644.39	-66.08	59.46
646.82	-66.67	57.21
649.26	-66.83	53.80
651.71	-66.97	51.05
654.17	-67.18	49.21
656.64	-67.09	46.05
659.11	-67.11	42.97
661.60	-67.13	39.81
664.10	-67.26	35.79
666.60	-67.57	32.95
669.12	-67.51	32.81
671.64	-67.25	29.04
674.18	-67.36	21.81
676.72	-67.27	22.41
679.28	-67.27	16.66
681.84	-67.40	13.67
684.41	-67.58	10.95
687.00	-67.64	6.59
689.59	-67.92	2.45
692.19	-68.25	-0.31
694.80	-68.27	-1.24
697.42	-68.53	-3.54
700.06	-68.40	-9.46
702.70	-69.04	-12.45
705.35	-69.07	-14.66
708.01	-68.87	-15.73
710.68	-69.22	-18.18
713.36	-69.56	-19.44
716.06	-69.87	-20.73
718.76	-69.98	-22.56
721.47	-69.48	-22.77
724.19	-69.32	-25.63
726.93	-69.57	-28.28
729.67	-69.41	-30.14
732.42	-68.80	-31.62
735.19	-69.14	-37.32
737.96	-69.04	-38.19
740.75	-69.04	-42.58
743.54	-69.13	-45.19
746.35	-69.33	-48.68
749.16	-69.33	-52.28
751.99	-69.67	-52.45
754.83	-70.02	-55.55
757.68	-70.04	-57.54
760.54	-70.14	-54.49
763.41	-70.21	-59.05
766.29	-69.88	-61.48
769.18	-69.89	-61.87
772.08	-69.84	-65.79
774.99	-69.48	-66.00
777.92	-69.18	-72.19
780.85	-68.67	-74.26
783.80	-68.29	-78.96
786.76	-68.05	-81.26
789.73	-68.27	-85.97
792.71	-68.49	-88.65
795.70	-68.53	-93.08
798.70	-68.69	-99.54
801.71	-70.16	-93.57
804.74	-70.25	-82.53
807.78	-66.13	-65.56
810.83	-63.56	-91.85
813.88	-64.06	-109.39
816.96	-64.35	-115.18
820.04	-64.79	-122.06
823.13	-64.48	-127.77
826.24	-64.84	-130.93
829.36	-64.50	-134.81
832.49	-64.71	-139.62
835.63	-64.53	-144.37
838.78	-64.68	-149.47
841.95	-64.78	-155.16
845.12	-64.88	-160.37
848.31	-64.86	-167.82
851.51	-64.89	-169.93
854.73	-65.27	-178.81
857.95	-65.67	178.89
861.19	-65.48	175.84
864.44	-65.43	173.50
867.70	-65.34	167.10
870.98	-65.26	164.20
874.26	-65.84	158.05
877.56	-66.12	151.50
880.87	-66.12	148.77
884.20	-66.53	146.41
887.53	-66.46	141.62
890.88	-66.81	141.87
894.25	-66.39	137.17
897.62	-67.03	130.97
901.01	-66.42	127.70
904.41	-67.06	123.37
907.82	-66.65	119.85
911.25	-67.04	117.85
914.68	-67.12	115.56
918.14	-67.00	112.05
921.60	-66.98	105.27
925.08	-67.20	105.50
928.57	-67.01	100.35
932.07	-67.29	97.15
935.59	-67.08	92.77
939.12	-66.76	89.22
942.67	-66.91	85.92
946.22	-66.76	79.28
949.79	-66.47	81.43
953.38	-66.56	73.07
956.97	-66.56	68.86
960.59	-66.65	64.82
964.21	-66.69	58.63
967.85	-66.51	54.96
971.50	-66.50	51.85
975.17	-66.62	46.26
978.85	-67.04	43.74
982.54	-66.89	38.68
986.25	-67.30	35.27
989.97	-67.16	32.07
993.71	-67.39	25.09
997.46	-67.63	24.27
1001.22	-67.90	16.60
1005.00	-67.80	19.14
1008.79	-67.93	12.87
1012.60	-68.28	5.16
1016.42	-68.30	9.06
1020.25	-68.98	4.35
1024.10	-69.32	-1.03
1027.97	-69.87	-0.14
1031.85	-70.39	7.77
1035.74	-69.09	21.91
1039.65	-64.95	24.62
1043.57	-62.75	-10.00
1047.51	-64.44	-26.49
1051.46	-65.15	-31.74
1055.43	-65.86	-40.46
1059.41	-66.28	-39.56
1063.41	-66.11	-47.90
1067.43	-66.61	-52.80
1071.45	-66.79	-56.99
1075.50	-67.38	-60.39
1079.55	-67.26	-65.78
1083.63	-67.81	-63.91
1087.72	-67.92	-71.19
1091.82	-68.60	-74.72
1095.94	-68.26	-77.62
1100.08	-68.09	-80.28
1104.23	-68.35	-83.62
1108.40	-68.95	-88.33
1112.58	-68.99	-91.78
1116.78	-68.45	-92.87
1120.99	-68.52	-97.95
1125.22	-68.53	-101.98
1129.47	-68.24	-101.76
1133.73	-68.39	-107.58
1138.01	-67.86	-107.84
1142.30	-67.95	-113.90
1146.61	-67.31	-117.59
1150.94	-67.13	-122.11
1155.28	-67.05	-124.22
1159.64	-66.63	-129.66
1164.02	-66.43	-136.98
1168.41	-66.29	-140.86
1172.82	-65.80	-144.84
1177.25	-65.51	-152.92
1181.69	-65.09	-155.04
1186.15	-64.49	-163.29
1190.62	-64.22	-169.50
1195.12	-64.35	-176.38
1199.63	-64.70	175.17
1204.15	-64.31	169.38
1208.70	-64.86	170.14
1213.26	-63.71	163.00
1217.84	-63.43	155.98
1222.43	-63.49	146.96
1227.04	-63.47	138.45
1231.67	-63.56	128.75
1236.32	-63.73	124.50
1240.99	-63.86	119.87
1245.67	-64.01	115.34
1250.37	-63.56	107.46
1255.09	-64.07	104.92
1259.83	-63.97	98.52
1264.58	-63.49	91.12
1269.35	-63.54	84.37
1274.14	-63.74	78.48
1278.95	-63.36	70.09
1283.78	-63.43	66.03
1288.62	-63.56	56.23
1293.48	-63.75	54.59
1298.36	-63.45	44.66
1303.26	-63.68	37.61
1308.18	-63.88	30.03
1313.12	-64.22	26.16
1318.07	-64.32	15.64
1323.05	-64.29	8.25
1328.04	-64.09	-1.78
1333.05	-64.82	-12.67
1338.08	-66.65	-34.36
1343.13	-73.97	-14.99
1348.20	-69.43	19.23
1353.29	-67.15	3.93
1358.39	-66.11	-9.79
1363.52	-66.14	-18.75
1368.67	-66.12	-23.00
1373.83	-65.89	-34.45
1379.01	-65.80	-41.55
1384.22	-66.18	-50.62
1389.44	-66.08	-54.55
1394.68	-66.53	-63.34
1399.95	-66.73	-70.46
1405.23	-67.19	-76.85
1410.53	-67.42	-85.71
1415.86	-68.23	-86.89
1421.20	-67.57	-93.58
1426.56	-68.45	-100.61
1431.94	-68.29	-103.29
1437.35	-68.82	-106.85
1442.77	-68.26	-114.38
1448.22	-68.56	-121.62
1453.68	-68.28	-125.19
1459.17	-68.29	-132.13
1464.67	-68.74	-134.46
1470.20	-68.56	-145.20
1475.75	-68.98	-149.64
1481.32	-69.30	-156.62
1486.91	-69.10	-167.21
1492.52	-69.85	-173.83
1498.15	-69.72	-178.38
1503.80	-70.47	174.57
1509.48	-70.65	167.79
1515.17	-71.39	160.37
1520.89	-72.62	153.37
1526.63	-76.06	151.88
1532.39	-78.04	161.99
1538.17	-76.07	-154.05
1543.98	-68.79	-148.82
1549.81	-66.18	-179.83
1555.65	-65.95	158.87
1561.52	-65.81	142.55
1567.42	-66.98	132.99
1573.33	-67.73	125.74
1579.27	-67.03	125.09
1585.23	-67.02	112.92
1591.21	-66.14	107.78
1597.21	-65.50	98.47
1603.24	-66.15	91.27
1609.29	-66.21	79.24
1615.36	-66.33	73.84
1621.46	-66.57	66.54
1627.58	-66.28	59.85
1633.72	-66.53	54.02
1639.89	-66.48	45.59
1646.07	-67.39	38.77
1652.29	-67.06	37.95
1658.52	-66.27	25.77
1664.78	-66.21	18.46
1671.06	-65.78	8.41
1677.37	-67.77	-0.95
1683.70	-67.98	-3.27
1690.05	-67.27	-7.81
1696.43	-67.27	-15.20
1702.83	-67.17	-20.19
1709.26	-66.39	-26.39
1715.70	-65.66	-40.19
1722.18	-67.16	-57.35
1728.68	-68.99	-55.07
1735.20	-68.42	-58.72
1741.75	-68.14	-64.66
1748.32	-68.10	-73.06
1754.92	-67.96	-80.53
1761.54	-67.93	-90.08
1768.19	-67.83	-96.92
1774.86	-68.09	-106.45
1781.56	-68.18	-112.38
1788.28	-68.71	-120.52
1795.03	-69.06	-129.59
1801.80	-69.61	-134.64
1808.60	-69.13	-140.82
1815.43	-69.08	-149.39
1822.28	-69.12	-158.01
1829.15	-68.72	-163.57
1836.06	-69.93	-170.55
1842.99	-69.69	-178.96
1849.94	-69.63	179.25
1856.92	-68.94	171.28
1863.93	-68.78	162.65
1870.96	-69.28	150.16
1878.02	-69.44	147.23
1885.11	-68.94	141.36
1892.22	-68.41	138.28
1899.36	-67.83	130.44
1906.53	-67.82	120.88
1913.72	-67.17	111.62
1920.95	-67.02	103.01
1928.19	-66.78	93.26
1935.47	-67.11	74.15
1942.77	-68.17	68.94
1950.11	-68.16	64.50
1957.46	-67.95	55.18
1964.85	-68.43	46.59
1972.27	-68.66	43.49
1979.71	-69.00	32.98
1987.18	-69.66	27.65
1994.68	-69.20	21.52
2002.20	-69.00	12.36
2009.76	-68.70	-3.91
2017.34	-69.98	-8.35
2024.96	-70.64	-11.79
2032.60	-69.87	-20.99
2040.27	-69.46	-30.97
2047.97	-69.91	-53.84
2055.70	-74.10	-53.92
2063.45	-73.63	-46.13
2071.24	-73.79	-48.41
2079.06	-73.64	-45.72
2086.90	-72.85	-54.28
2094.78	-72.76	-56.48
2102.68	-71.14	-67.12
2110.62	-71.22	-70.33
2118.58	-70.34	-87.80
2126.57	-69.36	-95.39
2134.60	-69.63	-107.04
2142.65	-69.65	-119.57
2150.74	-69.20	-130.44
2158.86	-68.71	-141.54
2167.00	-69.21	-154.49
2175.18	-69.45	-166.59
2183.39	-69.68	-172.62
2191.63	-70.15	178.05
2199.90	-70.08	169.25
2208.20	-70.09	161.35
2216.53	-70.63	149.18
2224.90	-70.92	149.48
2233.29	-69.56	148.17
2241.72	-68.60	135.17
2250.18	-67.96	119.26
2258.67	-68.44	107.24
2267.19	-68.45	100.39
2275.75	-68.48	85.63
2284.34	-69.15	75.67
2292.96	-68.30	63.04
2301.61	-69.06	47.10
2310.29	-72.64	38.43
2319.01	-71.42	62.36
2327.76	-69.78	50.17
2336.55	-69.68	36.85
2345.36	-69.97	22.53
2354.21	-70.81	17.37
2363.10	-70.52	10.20
2372.02	-70.39	4.59
2380.97	-69.79	-0.78
2389.95	-69.21	-15.16
2398.97	-69.88	-26.86
2408.02	-70.22	-37.13
2417.11	-69.95	-40.18
2426.23	-69.85	-49.76
2435.39	-68.71	-57.43
2444.58	-68.33	-69.99
2453.80	-67.38	-85.61
2463.06	-68.29	-103.68
2472.35	-68.12	-116.78
2481.68	-68.58	-131.26
2491.05	-69.40	-139.26
2500.45	-69.32	-150.74
2509.88	-69.18	-162.73
2519.36	-70.00	-170.32
2528.86	-70.22	178.94
2538.41	-71.19	170.98
2547.98	-71.18	169.03
2557.60	-70.76	161.77
2567.25	-70.81	150.93
2576.94	-70.38	144.75
2586.66	-69.83	135.05
2596.42	-69.07	126.78
2606.22	-68.76	115.50
2616.06	-68.58	104.80
2625.93	-68.76	96.40
2635.84	-68.41	91.11
2645.78	-67.14	87.97
2655.77	-66.04	67.06
2665.79	-65.91	51.43
2675.85	-66.04	40.51
2685.95	-66.37	23.99
2696.08	-66.65	15.14
2706.26	-66.37	4.85
2716.47	-66.31	-8.45
2726.72	-66.94	-20.88
2737.01	-67.60	-30.74
2747.34	-67.24	-41.09
2757.70	-67.63	-58.13
2768.11	-67.84	-68.41
2778.56	-67.53	-74.34
2789.04	-67.30	-87.79
2799.57	-67.23	-101.42
2810.13	-66.92	-117.09
2820.73	-68.28	-136.68
2831.38	-68.96	-145.54
2842.06	-69.40	-152.08
2852.79	-68.54	-157.55
2863.55	-67.44	-169.12
2874.36	-67.53	176.35
2885.21	-67.22	160.85
2896.09	-67.66	147.77
2907.02	-66.73	139.11
2917.99	-67.51	123.12
2929.00	-67.83	108.92
2940.06	-68.54	102.14
2951.15	-67.72	96.11
2962.29	-67.70	85.32
2973.47	-66.75	74.85
2984.69	-66.58	56.28
2995.95	-67.08	40.43
3007.25	-67.51	30.25
3018.60	-67.94	20.39
3029.99	-68.06	11.64
3041.43	-67.64	-2.41
3052.90	-67.54	-14.59
3064.42	-67.76	-25.01
3075.99	-68.06	-39.97
3087.60	-68.10	-54.73
3099.25	-68.43	-69.43
3110.94	-69.38	-83.59
3122.68	-70.23	-97.05
3134.47	-70.29	-102.90
3146.29	-69.91	-108.26
3158.17	-69.13	-119.37
3170.08	-68.17	-136.99
3182.05	-67.86	-157.66
3194.05	-68.59	-172.42
3206.11	-68.64	175.57
3218.21	-68.14	164.75
3230.35	-67.92	149.86
3242.54	-67.84	134.54
3254.77	-68.61	123.43
3267.06	-68.72	115.67
3279.39	-67.79	105.33
3291.76	-67.33	89.56
3304.18	-67.33	72.68
3316.65	-68.64	55.75
3329.17	-69.42	48.54
3341.73	-70.01	41.84
3354.34	-69.25	33.78
3367.00	-68.15	18.30
3379.70	-68.24	2.46
3392.46	-68.51	-13.57
3405.26	-68.54	-29.56
3418.11	-69.16	-43.89
3431.01	-69.94	-58.51
3443.95	-71.08	-69.62
3456.95	-70.89	-73.06
3469.99	-70.25	-82.28
3483.09	-69.47	-102.46
3496.23	-69.43	-123.20
3509.43	-69.47	-138.75
3522.67	-69.56	-151.03
3535.96	-68.69	-165.51
3549.31	-69.58	179.56
3562.70	-69.05	170.47
3576.14	-68.87	158.89
3589.64	-67.45	139.38
3603.18	-68.05	119.56
3616.78	-68.05	111.42
3630.43	-68.22	93.95
3644.13	-68.05	80.25
3657.88	-67.93	66.98
3671.68	-67.76	51.13
3685.54	-68.16	39.43
3699.45	-67.96	22.79
3713.41	-68.88	8.44
3727.42	-69.44	-1.60
3741.49	-68.87	-16.98
3755.60	-69.02	-34.32
3769.78	-69.82	-47.01
3784.00	-69.96	-55.98
3798.28	-69.37	-64.37
3812.61	-68.86	-84.55
3827.00	-68.89	-106.67
3841.44	-69.92	-124.48
3855.94	-69.80	-135.99
3870.49	-68.75	-153.07
3885.09	-68.91	-168.79
3899.75	-68.39	173.90
3914.47	-68.47	155.19
3929.24	-68.66	136.53
3944.07	-69.47	127.96
3958.95	-68.40	117.09
3973.89	-68.87	104.16
3988.89	-68.29	95.51
4003.94	-67.76	82.33
4019.05	-67.17	66.88
4034.22	-66.61	49.60
4049.44	-66.43	35.74
4064.72	-65.61	17.90
4080.06	-65.47	-3.63
4095.46	-65.85	-22.24
4110.91	-66.44	-35.56
4126.42	-66.78	-50.84
4141.99	-66.61	-69.38
4157.62	-66.89	-88.84
4173.31	-67.00	-107.44
4189.06	-66.90	-124.05
4204.87	-66.25	-141.66
4220.74	-66.25	-156.89
4236.66	-66.01	-172.08
4252.65	-65.62	170.42
4268.70	-65.54	154.59
4284.81	-64.58	135.22
4300.98	-64.45	119.66
4317.21	-63.64	103.63
4333.50	-63.15	84.33
4349.85	-63.44	63.07
4366.26	-64.05	45.49
4382.74	-64.31	29.82
4399.28	-63.87	14.58
4415.88	-64.13	-1.00
4432.54	-63.96	-19.41
4449.27	-64.56	-41.30
4466.06	-64.78	-56.78
4482.91	-64.35	-70.10
4499.83	-63.13	-90.41
4516.81	-63.02	-113.08
4533.85	-62.64	-132.36
4550.96	-62.58	-159.55
4568.14	-62.66	-177.45
4585.37	-62.51	166.04
4602.68	-62.74	144.50
4620.05	-62.62	130.22
4637.48	-61.91	108.78
4654.98	-61.74	92.82
4672.55	-61.38	75.22
4690.18	-61.57	53.18
4707.88	-62.07	36.29
4725.64	-61.42	21.94
4743.48	-60.90	-0.75
4761.38	-60.99	-27.83
4779.34	-61.39	-48.09
4797.38	-61.43	-65.75
4815.48	-61.55	-87.92
4833.65	-61.89	-110.38
4851.89	-61.64	-130.59
4870.20	-61.31	-149.93
4888.58	-61.63	-170.57
4907.03	-61.00	169.10
4925.54	-60.76	146.02
4944.13	-60.75	127.86
4962.79	-60.89	104.63
4981.52	-60.89	87.52
5000.31	-60.84	67.89
5019.18	-60.87	47.38
5038.12	-60.82	26.57
5057.14	-60.80	10.10
5076.22	-60.60	-13.57
5095.37	-60.81	-36.71
5114.60	-61.04	-59.58
5133.90	-61.31	-83.73
5153.27	-61.50	-106.80
5172.72	-61.79	-122.99
5192.24	-61.42	-149.32
5211.83	-61.26	-166.95
5231.50	-61.11	168.19
5251.24	-61.37	146.35
5271.06	-60.67	125.19
5290.95	-60.99	102.45
5310.91	-60.89	80.75
5330.96	-61.64	61.77
5351.07	-61.35	43.59
5371.27	-61.17	22.41
5391.53	-61.42	-1.05
5411.88	-62.04	-21.98
5432.30	-62.18	-41.24
5452.80	-61.83	-65.94
5473.38	-61.54	-88.63
5494.03	-61.79	-119.74
5514.76	-62.23	-139.47
5535.57	-61.64	-165.83
5556.46	-62.45	168.18
5577.43	-62.85	149.58
5598.48	-62.83	130.65
5619.60	-62.44	115.18
5640.81	-61.53	89.80
5662.10	-61.94	64.46
5683.46	-61.75	44.36
5704.91	-61.53	22.62
5726.44	-61.68	-6.56
5748.05	-62.27	-28.08
5769.74	-63.09	-50.78
5791.51	-63.14	-73.26
5813.36	-62.97	-95.28
5835.30	-63.15	-122.57
5857.32	-63.38	-149.25
5879.42	-63.37	-168.98
5901.61	-63.24	165.90
5923.88	-62.58	149.13
5946.23	-61.96	123.88
5968.67	-61.83	99.30
5991.20	-61.86	74.91
6013.80	-62.28	51.19
6036.50	-62.14	30.41
6059.28	-62.69	1.04
6082.14	-64.58	-17.06
6105.09	-63.15	-32.31
6128.13	-62.49	-62.93
6151.26	-62.53	-91.84
6174.47	-63.46	-117.10
6197.77	-62.75	-136.83
6221.16	-61.83	-165.95
6244.63	-61.97	166.08
6268.20	-62.22	140.78
6291.85	-62.12	118.15
6315.59	-61.59	97.93
6339.42	-60.59	71.54
6363.35	-61.35	44.60
6387.36	-60.82	27.55
6411.46	-60.30	-9.83
6435.66	-62.06	-27.48
6459.94	-61.68	-52.27
6484.32	-61.57	-85.34
6508.79	-61.91	-108.61
6533.35	-61.18	-132.67
6558.00	-60.72	-157.95
6582.75	-59.72	171.08
6607.59	-60.60	137.95
6632.53	-59.96	118.73
6657.55	-59.66	90.40
6682.68	-59.61	64.31
6707.90	-60.23	40.27
6733.21	-59.82	15.71
6758.62	-59.38	-10.77
6784.12	-59.47	-36.99
6809.72	-59.72	-62.68
6835.42	-59.06	-90.94
6861.21	-58.70	-122.59
6887.10	-58.76	-149.78
6913.09	-57.99	-176.78
6939.18	-57.74	150.64
6965.36	-57.55	125.15
6991.65	-56.99	98.52
7018.03	-56.55	76.38
7044.51	-55.88	46.07
7071.10	-55.20	14.31
7097.78	-55.09	-18.24
7124.56	-55.38	-46.68
7151.45	-54.75	-73.84
7178.44	-53.35	-105.34
7205.52	-53.41	-142.28
7232.71	-53.23	-175.54
7260.01	-52.92	153.08
7287.40	-52.33	123.63
7314.90	-51.81	87.09
7342.51	-52.11	55.41
7370.21	-51.52	26.51
7398.03	-51.48	-11.82
7425.94	-51.57	-46.09
7453.97	-52.35	-79.90
7482.09	-51.93	-113.33
7510.33	-51.94	-151.04
7538.67	-52.50	177.02
7567.12	-52.57	141.50
7595.67	-52.84	109.71
7624.33	-53.07	73.60
7653.10	-53.95	43.99
7681.98	-54.06	14.78
7710.97	-54.91	-21.88
7740.07	-56.07	-47.93
7769.28	-56.39	-76.66
7798.60	-55.19	-108.38
7828.02	-55.46	-148.56
7857.56	-55.87	178.43
7887.21	-56.63	146.67
7916.98	-56.14	116.60
7946.85	-56.34	83.56
7976.84	-56.52	50.59
8006.94	-57.27	20.75
8037.16	-57.65	-9.08
8067.49	-58.27	-32.91
8097.93	-57.52	-63.26
8128.49	-56.57	-105.63
8159.16	-57.46	-141.79
8189.95	-57.65	-175.78
8220.86	-57.14	153.91
8251.88	-56.89	118.90
8283.02	-56.65	83.58
8314.27	-57.54	54.85
8345.65	-57.13	24.95
8377.14	-57.21	-10.13
8408.75	-56.89	-45.76
8440.48	-57.35	-83.52
8472.33	-57.31	-119.15
8504.30	-57.52	-153.64
8536.40	-57.66	170.55
8568.61	-57.33	136.95
8600.94	-56.91	101.40
8633.40	-56.97	66.05
8665.98	-57.37	31.28
8698.68	-57.90	-0.27
8731.51	-57.50	-29.94
8764.46	-57.59	-70.62
8797.53	-58.25	-104.85
8830.73	-57.16	-138.84
8864.05	-56.32	179.88
8897.50	-56.51	139.61
8931.07	-56.95	104.60
8964.78	-56.38	73.39
8998.61	-55.81	37.66
9032.56	-56.05	-1.49
9066.65	-55.61	-40.14
9100.86	-56.39	-83.30
9135.20	-56.46	-117.42
9169.68	-56.45	-158.01
9204.28	-55.66	159.58
9239.01	-55.50	122.16
9273.88	-55.41	81.01
9308.87	-55.49	45.18
9344.00	-55.44	-1.05
9379.26	-56.88	-34.14
9414.65	-56.67	-74.28
9450.18	-56.71	-118.41
9485.84	-56.80	-159.17
9521.64	-56.72	160.37
9557.57	-56.78	117.74
9593.64	-56.54	82.61
9629.84	-56.75	43.86
9666.18	-57.60	1.53
9702.65	-58.19	-32.48
9739.27	-58.84	-76.96
9776.02	-59.39	-118.00
9812.91	-59.13	-164.70
9849.94	-59.33	153.49
9887.11	-59.88	112.92
9924.42	-59.63	83.42
9961.87	-60.49	43.17
9999.46	-61.08	7.81
10037.19	-61.24	-30.59
10075.07	-61.98	-76.25
10113.09	-61.83	-115.88
10151.25	-62.52	-155.49
10189.55	-62.33	161.43
10228.01	-61.55	132.03
10266.60	-60.28	84.31
10305.34	-60.95	48.20
10344.23	-60.84	12.74
10383.27	-61.97	-30.68
10422.45	-61.63	-63.59
10461.78	-61.00	-114.95
10501.26	-60.87	-157.27
10540.88	-59.62	161.04
10580.66	-59.29	112.34
10620.59	-58.33	74.33
10660.66	-58.30	31.18
10700.89	-58.27	-14.12
10741.27	-58.36	-58.18
10781.81	-58.74	-109.55
10822.49	-58.60	-153.91
10863.33	-57.85	150.69
10904.33	-57.71	114.48
10945.47	-57.22	64.21
10986.78	-57.40	16.26
11028.24	-58.62	-32.50
11069.85	-59.66	-78.39
11111.63	-60.41	-125.84
11153.56	-59.86	-175.29
11195.64	-60.22	133.62
11237.89	-59.94	93.77
11280.30	-60.79	48.38
11322.87	-60.88	11.19
11365.59	-62.19	-33.50
11408.48	-61.58	-82.63
11451.53	-62.68	-136.35
11494.75	-62.40	175.62
11538.12	-62.01	128.92
11581.66	-61.66	85.47
11625.37	-62.46	43.74
11669.24	-62.01	1.15
11713.27	-63.52	-46.34
11757.47	-63.82	-94.48
11801.84	-63.76	-150.43
11846.37	-63.71	161.39
11891.08	-62.27	116.49
11935.95	-62.08	69.40
11980.99	-62.06	28.10
12026.20	-62.91	-22.15
12071.58	-64.08	-70.96
12117.14	-64.28	-125.53
12162.86	-64.00	-179.48
12208.76	-63.16	132.04
12254.83	-62.69	84.72
12301.07	-62.44	40.44
12347.49	-63.24	-8.59
12394.08	-64.75	-61.46
12440.85	-64.85	-107.55
12487.80	-64.33	-172.48
12534.92	-63.80	137.93
12582.23	-63.62	92.77
12629.71	-63.07	50.80
12677.37	-63.65	2.62
12725.20	-64.10	-47.18
12773.22	-64.83	-104.97
12821.42	-63.98	-166.70
12869.81	-63.68	136.43
12918.37	-63.18	92.63
12967.12	-62.88	45.45
13016.05	-63.21	-5.00
13065.17	-65.14	-59.10
13114.47	-64.88	-115.04
13163.96	-64.47	-176.87
13213.64	-63.04	127.31
13263.50	-62.89	77.37
13313.55	-62.87	30.12
13363.79	-63.71	-18.49
13414.22	-64.08	-80.13
13464.84	-64.82	-148.31
13515.65	-64.29	155.25
13566.65	-64.02	104.09
13617.84	-63.21	58.13
13669.23	-63.58	5.69
13720.81	-64.60	-50.35
13772.59	-65.57	-118.94
13824.56	-65.98	-178.35
13876.73	-65.21	127.46
13929.09	-63.88	79.99
13981.66	-64.18	31.32
14034.42	-64.41	-23.72
14087.38	-65.99	-88.79
14140.54	-65.75	-156.18
14193.90	-64.98	143.42
14247.46	-63.58	90.77
14301.22	-64.01	38.27
14355.19	-64.52	-11.82
14409.36	-65.50	-74.66
14463.73	-66.12	-138.99
14518.31	-64.43	153.63
14573.10	-63.53	97.81
14628.09	-63.31	43.52
14683.29	-64.06	-12.66
14738.70	-65.45	-78.21
14794.32	-65.66	-147.51
14850.15	-64.48	142.08
14906.18	-64.97	84.91
14962.43	-64.35	37.50
15018.90	-65.30	-20.07
15075.57	-67.20	-88.98
15132.46	-67.11	-160.11
15189.56	-65.32	137.67
15246.88	-64.40	77.76
15304.42	-64.49	26.80
15362.17	-66.81	-30.25
15420.14	-68.06	-93.50
15478.33	-67.92	-172.03
15536.74	-66.21	121.82
15595.37	-65.41	66.83
15654.22	-65.62	9.48
15713.29	-67.78	-44.96
15772.58	-68.30	-116.63
15832.10	-67.29	164.99
15891.85	-65.73	101.46
15951.81	-65.36	45.18
16012.01	-65.57	-10.16
16072.43	-67.72	-77.00
16133.08	-68.37	-159.67
16193.96	-66.38	128.01
16255.07	-65.16	72.96
16316.41	-65.63	19.68
16377.98	-67.43	-47.53
16439.79	-68.24	-131.41
16501.82	-67.16	156.01
16564.09	-66.03	94.51
16626.60	-65.27	32.83
16689.34	-66.72	-27.16
16752.32	-70.46	-102.33
16815.54	-68.18	177.69
16878.99	-66.17	112.53
16942.69	-66.02	50.87
17006.62	-66.37	-6.13
17070.79	-68.78	-80.43
17135.21	-68.12	-166.69
17199.87	-65.71	122.95
17264.78	-64.70	59.75
17329.93	-65.41	-0.36
17395.32	-67.54	-76.02
17460.97	-66.95	-161.66
17526.86	-65.16	118.14
17593.00	-64.32	57.39
17659.38	-65.31	-10.23
17726.02	-67.33	-87.79
17792.91	-66.79	178.87
17860.06	-65.38	106.26
17927.45	-64.83	45.00
17995.10	-66.73	-21.57
18063.01	-68.66	-105.42
18131.17	-67.68	160.01
18199.59	-66.32	92.26
18268.27	-65.97	32.58
18337.21	-68.37	-38.69
18406.40	-71.18	-130.00
18475.86	-68.65	143.80
18545.58	-66.39	73.76
18615.56	-67.76	11.82
18685.81	-71.23	-64.33
18756.32	-71.87	-163.31
18827.10	-68.62	110.81
18898.15	-68.01	50.89
18969.46	-70.18	-8.03
19041.04	-74.11	-104.27
19112.90	-72.47	150.13
19185.02	-69.83	83.81
19257.42	-70.65	29.79
19330.09	-74.91	-30.49
19403.03	-79.78	-144.11
19476.25	-73.92	116.80
19549.74	-71.04	65.18
19623.51	-72.62	19.12
19697.56	-78.77	-57.63
19771.89	-78.67	158.00
19846.51	-72.90	96.29
19921.40	-71.72	44.88
19996.57	-74.88	-3.01
20072.03	-83.71	-129.68
20147.78	-76.09	123.03
20223.80	-71.59	69.36
20300.12	-72.52	22.32
20376.72	-78.83	-51.12
20453.62	-78.03	159.71
20530.80	-72.01	91.40
20608.28	-71.47	41.14
20686.04	-75.03	-18.93
20764.10	-79.32	-145.54
20842.46	-72.69	113.09
20921.11	-69.99	53.70
21000.06	-72.43	-11.34
21079.30	-77.20	-132.89
21158.85	-71.44	117.11
21238.69	-69.27	54.54
21318.84	-72.18	-15.60
21399.29	-77.09	-143.09
21480.04	-71.20	115.50
21561.09	-69.30	46.56
21642.46	-73.53	-25.37
21724.12	-77.49	-162.17
21806.10	-71.38	99.35
21888.39	-71.22	34.46
21970.99	-78.00	-32.06
22053.89	-78.09	143.65
22137.12	-72.67	73.24
22220.65	-74.79	24.97
22304.50	-83.50	46.79
