Freq[Hz]	[dBV]	Phase[Deg]
10.00	-70.97	-133.40
10.04	-70.99	-135.28
10.08	-71.01	-137.15
10.11	-71.02	-139.02
10.15	-71.03	-140.88
10.19	-71.04	-142.74
10.23	-71.05	-144.59
10.27	-71.05	-146.43
10.31	-71.05	-148.26
10.34	-71.06	-150.09
10.38	-71.05	-151.90
10.42	-71.05	-153.71
10.46	-71.04	-155.50
10.50	-71.04	-157.28
10.54	-71.03	-159.05
10.58	-71.02	-160.80
10.62	-71.00	-162.53
10.66	-70.99	-164.26
10.70	-70.97	-165.96
10.74	-70.95	-167.64
10.78	-70.93	-169.31
10.82	-70.91	-170.96
10.86	-70.89	-172.58
10.90	-70.87	-174.18
10.95	-70.84	-175.76
10.99	-70.82	-177.31
11.03	-70.79	-178.84
11.07	-70.77	179.66
11.11	-70.74	178.19
11.15	-70.71	176.75
11.20	-70.68	175.33
11.24	-70.65	173.95
11.28	-70.62	172.61
11.32	-70.59	171.30
11.37	-70.56	170.02
11.41	-70.53	168.78
11.45	-70.50	167.58
11.50	-70.47	166.42
11.54	-70.44	165.30
11.58	-70.41	164.23
11.63	-70.38	163.20
11.67	-70.35	162.21
11.71	-70.32	161.28
11.76	-70.29	160.39
11.80	-70.26	159.55
11.85	-70.24	158.76
11.89	-70.21	158.02
11.94	-70.19	157.32
11.98	-70.17	156.67
12.03	-70.14	156.07
12.07	-70.12	155.51
12.12	-70.10	155.00
12.16	-70.08	154.54
12.21	-70.05	154.11
12.26	-70.03	153.73
12.30	-70.01	153.40
12.35	-69.99	153.10
12.39	-69.97	152.85
12.44	-69.95	152.63
12.49	-69.94	152.46
12.54	-69.92	152.33
12.58	-69.90	152.23
12.63	-69.88	152.17
12.68	-69.86	152.15
12.73	-69.84	152.16
12.77	-69.82	152.21
12.82	-69.80	152.29
12.87	-69.78	152.40
12.92	-69.76	152.55
12.97	-69.74	152.72
13.02	-69.72	152.93
13.07	-69.70	153.16
13.12	-69.68	153.42
13.16	-69.66	153.71
13.21	-69.63	154.02
13.26	-69.61	154.36
13.31	-69.58	154.72
13.36	-69.56	155.10
13.41	-69.53	155.50
13.47	-69.50	155.92
13.52	-69.47	156.36
13.57	-69.44	156.81
13.62	-69.41	157.28
13.67	-69.38	157.76
13.72	-69.34	158.25
13.77	-69.31	158.75
13.83	-69.27	159.26
13.88	-69.23	159.78
13.93	-69.19	160.30
13.98	-69.15	160.83
14.04	-69.10	161.36
14.09	-69.05	161.89
14.14	-69.00	162.41
14.19	-68.95	162.94
14.25	-68.90	163.46
14.30	-68.84	163.97
14.36	-68.78	164.47
14.41	-68.72	164.96
14.46	-68.65	165.44
14.52	-68.58	165.90
14.57	-68.51	166.34
14.63	-68.44	166.77
14.68	-68.36	167.17
14.74	-68.28	167.55
14.80	-68.19	167.90
14.85	-68.11	168.24
14.91	-68.01	168.55
14.96	-67.92	168.84
15.02	-67.82	169.11
15.08	-67.72	169.36
15.13	-67.62	169.59
15.19	-67.52	169.79
15.25	-67.41	169.98
15.31	-67.30	170.15
15.36	-67.19	170.29
15.42	-67.07	170.42
15.48	-66.96	170.53
15.54	-66.84	170.62
15.60	-66.72	170.69
15.66	-66.60	170.74
15.71	-66.47	170.78
15.77	-66.35	170.80
15.83	-66.22	170.80
15.89	-66.09	170.78
15.95	-65.96	170.75
16.01	-65.83	170.71
16.07	-65.70	170.65
16.13	-65.57	170.57
16.19	-65.44	170.48
16.26	-65.31	170.38
16.32	-65.18	170.26
16.38	-65.04	170.14
16.44	-64.91	170.00
16.50	-64.78	169.85
16.56	-64.65	169.68
16.63	-64.52	169.51
16.69	-64.39	169.33
16.75	-64.26	169.14
16.82	-64.13	168.94
16.88	-64.00	168.73
16.94	-63.88	168.52
17.01	-63.76	168.30
17.07	-63.63	168.07
17.14	-63.51	167.84
17.20	-63.40	167.61
17.27	-63.28	167.37
17.33	-63.17	167.13
17.40	-63.06	166.88
17.46	-62.96	166.64
17.53	-62.86	166.39
17.59	-62.76	166.15
17.66	-62.67	165.91
17.73	-62.57	165.67
17.79	-62.49	165.43
17.86	-62.41	165.19
17.93	-62.33	164.95
18.00	-62.25	164.72
18.06	-62.18	164.48
18.13	-62.11	164.25
18.20	-62.04	164.02
18.27	-61.98	163.80
18.34	-61.92	163.57
18.41	-61.86	163.35
18.48	-61.80	163.14
18.55	-61.75	162.92
18.62	-61.69	162.71
18.69	-61.64	162.50
18.76	-61.60	162.30
18.83	-61.55	162.10
18.90	-61.51	161.90
18.97	-61.46	161.71
19.04	-61.42	161.52
19.11	-61.38	161.33
19.19	-61.34	161.15
19.26	-61.30	160.98
19.33	-61.26	160.81
19.40	-61.22	160.65
19.48	-61.18	160.49
19.55	-61.15	160.33
19.62	-61.11	160.19
19.70	-61.07	160.04
19.77	-61.03	159.91
19.85	-60.99	159.78
19.92	-60.94	159.66
20.00	-60.90	159.54
20.07	-60.85	159.43
20.15	-60.81	159.33
20.22	-60.76	159.24
20.30	-60.71	159.16
20.38	-60.65	159.08
20.45	-60.60	159.01
20.53	-60.54	158.95
20.61	-60.47	158.90
20.69	-60.41	158.86
20.77	-60.34	158.82
20.84	-60.26	158.80
20.92	-60.19	158.78
21.00	-60.11	158.76
21.08	-60.03	158.76
21.16	-59.94	158.76
21.24	-59.86	158.77
21.32	-59.77	158.78
21.40	-59.68	158.80
21.48	-59.59	158.82
21.56	-59.49	158.84
21.64	-59.39	158.87
21.73	-59.30	158.91
21.81	-59.19	158.94
21.89	-59.09	158.98
21.97	-58.99	159.02
22.06	-58.88	159.07
22.14	-58.78	159.11
22.22	-58.67	159.15
22.31	-58.56	159.20
22.39	-58.45	159.24
22.47	-58.34	159.29
22.56	-58.23	159.33
22.64	-58.12	159.36
22.73	-58.01	159.40
22.82	-57.90	159.43
22.90	-57.79	159.46
22.99	-57.68	159.49
23.07	-57.58	159.50
23.16	-57.47	159.52
23.25	-57.36	159.52
23.34	-57.25	159.52
23.43	-57.15	159.51
23.51	-57.05	159.49
23.60	-56.94	159.47
23.69	-56.84	159.43
23.78	-56.74	159.39
23.87	-56.65	159.34
23.96	-56.55	159.28
24.05	-56.45	159.21
24.14	-56.36	159.13
24.23	-56.27	159.05
24.32	-56.18	158.95
24.42	-56.08	158.85
24.51	-55.99	158.74
24.60	-55.90	158.63
24.69	-55.82	158.51
24.79	-55.73	158.37
24.88	-55.64	158.24
24.97	-55.55	158.09
25.07	-55.47	157.94
25.16	-55.38	157.78
25.26	-55.29	157.62
25.35	-55.21	157.44
25.45	-55.12	157.27
25.54	-55.04	157.08
25.64	-54.95	156.89
25.74	-54.87	156.70
25.84	-54.78	156.50
25.93	-54.69	156.29
26.03	-54.61	156.08
26.13	-54.52	155.86
26.23	-54.43	155.64
26.33	-54.34	155.41
26.43	-54.25	155.18
26.53	-54.16	154.94
26.63	-54.07	154.70
26.73	-53.98	154.46
26.83	-53.88	154.21
26.93	-53.79	153.96
27.03	-53.69	153.70
27.13	-53.60	153.44
27.23	-53.50	153.18
27.34	-53.40	152.91
27.44	-53.30	152.63
27.54	-53.20	152.35
27.65	-53.11	152.07
27.75	-53.00	151.79
27.86	-52.90	151.50
27.96	-52.80	151.20
28.07	-52.70	150.90
28.17	-52.60	150.60
28.28	-52.50	150.30
28.39	-52.39	149.99
28.49	-52.29	149.67
28.60	-52.18	149.35
28.71	-52.08	149.03
28.82	-51.97	148.71
28.93	-51.87	148.38
29.03	-51.76	148.05
29.14	-51.66	147.71
29.25	-51.55	147.37
29.36	-51.45	147.03
29.48	-51.34	146.68
29.59	-51.24	146.33
29.70	-51.13	145.98
29.81	-51.02	145.62
29.92	-50.92	145.25
30.04	-50.81	144.88
30.15	-50.70	144.51
30.26	-50.60	144.13
30.38	-50.49	143.75
30.49	-50.38	143.36
30.61	-50.28	142.96
30.72	-50.17	142.56
30.84	-50.06	142.15
30.95	-49.95	141.73
31.07	-49.84	141.31
31.19	-49.73	140.88
31.31	-49.62	140.44
31.42	-49.51	139.99
31.54	-49.40	139.53
31.66	-49.29	139.07
31.78	-49.18	138.59
31.90	-49.07	138.11
32.02	-48.96	137.62
32.14	-48.84	137.11
32.26	-48.73	136.60
32.39	-48.61	136.07
32.51	-48.50	135.54
32.63	-48.38	134.99
32.75	-48.27	134.43
32.88	-48.15	133.86
33.00	-48.04	133.28
33.13	-47.92	132.69
33.25	-47.80	132.08
33.38	-47.68	131.46
33.50	-47.57	130.83
33.63	-47.45	130.19
33.76	-47.33	129.54
33.88	-47.22	128.87
34.01	-47.10	128.19
34.14	-46.98	127.50
34.27	-46.87	126.79
34.40	-46.75	126.07
34.53	-46.63	125.34
34.66	-46.52	124.59
34.79	-46.41	123.83
34.92	-46.29	123.05
35.05	-46.18	122.27
35.18	-46.07	121.46
35.32	-45.96	120.64
35.45	-45.85	119.81
35.58	-45.74	118.96
35.72	-45.63	118.10
35.85	-45.52	117.22
35.99	-45.42	116.32
36.12	-45.32	115.41
36.26	-45.21	114.48
36.40	-45.11	113.54
36.53	-45.02	112.58
36.67	-44.92	111.60
36.81	-44.83	110.60
36.95	-44.74	109.59
37.09	-44.65	108.56
37.23	-44.56	107.51
37.37	-44.48	106.44
37.51	-44.40	105.35
37.65	-44.32	104.25
37.79	-44.25	103.12
37.94	-44.18	101.98
38.08	-44.11	100.81
38.22	-44.04	99.62
38.37	-43.98	98.42
38.51	-43.93	97.20
38.66	-43.87	95.96
38.80	-43.83	94.70
38.95	-43.78	93.43
39.10	-43.74	92.15
39.24	-43.70	90.85
39.39	-43.67	89.54
39.54	-43.64	88.23
39.69	-43.62	86.91
39.84	-43.60	85.58
39.99	-43.58	84.24
40.14	-43.57	82.91
40.29	-43.57	81.57
40.45	-43.57	80.23
40.60	-43.57	78.89
40.75	-43.58	77.56
40.90	-43.59	76.23
41.06	-43.61	74.91
41.21	-43.64	73.59
41.37	-43.67	72.29
41.53	-43.70	70.99
41.68	-43.74	69.71
41.84	-43.79	68.44
42.00	-43.83	67.18
42.16	-43.89	65.93
42.32	-43.94	64.70
42.47	-44.01	63.49
42.63	-44.07	62.29
42.80	-44.14	61.11
42.96	-44.21	59.95
43.12	-44.29	58.81
43.28	-44.37	57.69
43.45	-44.45	56.60
43.61	-44.54	55.52
43.77	-44.63	54.48
43.94	-44.72	53.46
44.10	-44.82	52.46
44.27	-44.91	51.50
44.44	-45.01	50.56
44.61	-45.11	49.65
44.77	-45.22	48.76
44.94	-45.32	47.89
45.11	-45.43	47.05
45.28	-45.54	46.24
45.45	-45.65	45.44
45.63	-45.77	44.67
45.80	-45.88	43.91
45.97	-46.00	43.18
46.14	-46.11	42.46
46.32	-46.23	41.77
46.49	-46.35	41.09
46.67	-46.47	40.42
46.84	-46.59	39.77
47.02	-46.71	39.14
47.20	-46.83	38.52
47.38	-46.96	37.91
47.56	-47.08	37.32
47.74	-47.20	36.74
47.92	-47.33	36.17
48.10	-47.46	35.62
48.28	-47.58	35.08
48.46	-47.71	34.56
48.64	-47.84	34.05
48.83	-47.98	33.55
49.01	-48.11	33.07
49.20	-48.25	32.60
49.38	-48.39	32.14
49.57	-48.53	31.70
49.75	-48.67	31.27
49.94	-48.82	30.86
50.13	-48.97	30.46
50.32	-49.12	30.07
50.51	-49.28	29.70
50.70	-49.43	29.34
50.89	-49.59	28.99
51.08	-49.76	28.66
51.28	-49.92	28.34
51.47	-50.09	28.04
51.66	-50.25	27.75
51.86	-50.43	27.48
52.05	-50.60	27.22
52.25	-50.77	26.97
52.45	-50.95	26.74
52.65	-51.12	26.53
52.85	-51.30	26.33
53.04	-51.48	26.14
53.24	-51.66	25.98
53.45	-51.84	25.83
53.65	-52.03	25.69
53.85	-52.21	25.58
54.05	-52.40	25.48
54.26	-52.59	25.41
54.46	-52.79	25.35
54.67	-52.98	25.32
54.87	-53.18	25.30
55.08	-53.38	25.31
55.29	-53.59	25.35
55.50	-53.80	25.41
55.71	-54.01	25.49
55.92	-54.22	25.60
56.13	-54.44	25.75
56.34	-54.67	25.95
56.55	-54.91	26.21
56.77	-55.16	26.53
56.98	-55.42	26.94
57.19	-55.69	27.44
57.41	-55.98	28.04
57.63	-56.29	28.75
57.84	-56.62	29.59
58.06	-56.97	30.57
58.28	-57.34	31.69
58.50	-57.74	32.98
58.72	-58.17	34.45
58.94	-58.62	36.10
59.17	-59.09	37.95
59.39	-59.57	39.99
59.61	-60.04	42.24
59.84	-60.51	44.71
60.06	-60.97	47.40
60.29	-61.40	50.33
60.52	-61.80	53.49
60.75	-62.15	56.90
60.98	-62.46	60.57
61.21	-62.70	64.50
61.44	-62.88	68.71
61.67	-62.97	73.19
61.90	-62.99	77.93
62.14	-62.93	82.86
62.37	-62.81	87.93
62.61	-62.62	93.08
62.84	-62.37	98.24
63.08	-62.07	103.36
63.32	-61.72	108.37
63.56	-61.33	113.21
63.80	-60.91	117.81
64.04	-60.46	122.10
64.28	-59.99	126.02
64.52	-59.51	129.49
64.76	-59.02	132.48
65.01	-58.52	135.02
65.25	-58.01	137.15
65.50	-57.50	138.91
65.75	-56.99	140.33
66.00	-56.48	141.47
66.24	-55.97	142.37
66.49	-55.46	143.06
66.75	-54.96	143.59
67.00	-54.47	144.02
67.25	-53.99	144.38
67.50	-53.52	144.73
67.76	-53.06	145.08
68.01	-52.61	145.43
68.27	-52.18	145.78
68.53	-51.76	146.11
68.79	-51.34	146.43
69.05	-50.94	146.72
69.31	-50.54	146.97
69.57	-50.15	147.18
69.83	-49.77	147.35
70.09	-49.39	147.46
70.36	-49.02	147.50
70.62	-48.65	147.48
70.89	-48.29	147.39
71.16	-47.93	147.24
71.43	-47.57	147.02
71.70	-47.22	146.76
71.97	-46.87	146.45
72.24	-46.52	146.09
72.51	-46.17	145.69
72.79	-45.82	145.25
73.06	-45.48	144.78
73.34	-45.13	144.29
73.61	-44.79	143.77
73.89	-44.45	143.23
74.17	-44.10	142.65
74.45	-43.76	142.04
74.73	-43.42	141.40
75.01	-43.08	140.72
75.29	-42.74	140.00
75.58	-42.40	139.23
75.86	-42.06	138.42
76.15	-41.72	137.55
76.44	-41.38	136.64
76.73	-41.04	135.66
77.02	-40.70	134.63
77.31	-40.36	133.53
77.60	-40.03	132.37
77.89	-39.69	131.14
78.18	-39.36	129.84
78.48	-39.03	128.47
78.78	-38.70	127.02
79.07	-38.37	125.49
79.37	-38.05	123.88
79.67	-37.73	122.18
79.97	-37.42	120.40
80.27	-37.11	118.53
80.58	-36.80	116.58
80.88	-36.51	114.53
81.19	-36.23	112.39
81.49	-35.96	110.15
81.80	-35.70	107.82
82.11	-35.45	105.39
82.42	-35.22	102.86
82.73	-35.01	100.25
83.04	-34.81	97.57
83.35	-34.63	94.83
83.67	-34.47	92.04
83.99	-34.33	89.22
84.30	-34.21	86.38
84.62	-34.12	83.52
84.94	-34.04	80.68
85.26	-33.99	77.86
85.58	-33.96	75.06
85.90	-33.96	72.31
86.23	-33.97	69.60
86.55	-34.00	66.94
86.88	-34.05	64.35
87.21	-34.12	61.83
87.54	-34.20	59.40
87.87	-34.29	57.06
88.20	-34.39	54.81
88.53	-34.50	52.67
88.87	-34.62	50.62
89.20	-34.74	48.67
89.54	-34.87	46.81
89.88	-35.01	45.04
90.22	-35.15	43.35
90.56	-35.29	41.75
90.90	-35.43	40.22
91.24	-35.58	38.77
91.59	-35.72	37.39
91.93	-35.87	36.08
92.28	-36.01	34.84
92.63	-36.15	33.65
92.98	-36.29	32.52
93.33	-36.43	31.45
93.68	-36.57	30.42
94.03	-36.70	29.43
94.39	-36.83	28.49
94.74	-36.97	27.59
95.10	-37.09	26.73
95.46	-37.22	25.90
95.82	-37.35	25.11
96.18	-37.47	24.36
96.54	-37.59	23.63
96.91	-37.72	22.94
97.27	-37.84	22.27
97.64	-37.96	21.63
98.01	-38.08	21.02
98.38	-38.19	20.43
98.75	-38.30	19.86
99.12	-38.41	19.31
99.50	-38.51	18.77
99.87	-38.61	18.25
100.25	-38.71	17.75
100.63	-38.80	17.26
101.01	-38.89	16.78
101.39	-38.98	16.31
101.77	-39.06	15.86
102.16	-39.15	15.41
102.54	-39.23	14.98
102.93	-39.32	14.56
103.32	-39.41	14.14
103.71	-39.50	13.74
104.10	-39.58	13.35
104.49	-39.67	12.97
104.88	-39.76	12.60
105.28	-39.84	12.26
105.68	-39.92	11.92
106.08	-40.00	11.61
106.48	-40.08	11.31
106.88	-40.16	11.02
107.28	-40.23	10.74
107.69	-40.30	10.47
108.09	-40.37	10.20
108.50	-40.44	9.93
108.91	-40.51	9.66
109.32	-40.58	9.39
109.73	-40.64	9.13
110.15	-40.71	8.87
110.56	-40.77	8.61
110.98	-40.84	8.36
111.40	-40.90	8.11
111.82	-40.97	7.88
112.24	-41.03	7.65
112.67	-41.09	7.42
113.09	-41.15	7.20
113.52	-41.21	6.99
113.95	-41.27	6.78
114.38	-41.33	6.57
114.81	-41.38	6.36
115.24	-41.44	6.15
115.68	-41.49	5.95
116.11	-41.54	5.75
116.55	-41.59	5.55
116.99	-41.64	5.36
117.43	-41.70	5.16
117.87	-41.75	4.98
118.32	-41.80	4.80
118.77	-41.85	4.62
119.21	-41.90	4.46
119.66	-41.95	4.31
120.12	-42.00	4.18
120.57	-42.05	4.05
121.02	-42.09	3.94
121.48	-42.14	3.83
121.94	-42.18	3.72
122.40	-42.22	3.61
122.86	-42.26	3.48
123.32	-42.30	3.32
123.79	-42.34	3.15
124.26	-42.38	2.97
124.73	-42.42	2.78
125.20	-42.46	2.60
125.67	-42.50	2.43
126.14	-42.54	2.28
126.62	-42.59	2.15
127.10	-42.63	2.04
127.58	-42.68	1.93
128.06	-42.72	1.83
128.54	-42.77	1.72
129.03	-42.81	1.59
129.51	-42.84	1.44
130.00	-42.88	1.28
130.49	-42.91	1.11
130.98	-42.94	0.95
131.48	-42.97	0.79
131.98	-43.01	0.65
132.47	-43.04	0.53
132.97	-43.07	0.42
133.48	-43.10	0.33
133.98	-43.14	0.23
134.48	-43.17	0.12
134.99	-43.20	0.00
135.50	-43.23	-0.14
136.01	-43.26	-0.28
136.53	-43.29	-0.43
137.04	-43.31	-0.57
137.56	-43.34	-0.70
138.08	-43.36	-0.81
138.60	-43.38	-0.90
139.12	-43.40	-0.98
139.65	-43.42	-1.04
140.17	-43.45	-1.10
140.70	-43.47	-1.16
141.23	-43.50	-1.22
141.77	-43.52	-1.29
142.30	-43.55	-1.36
142.84	-43.58	-1.44
143.38	-43.61	-1.52
143.92	-43.63	-1.60
144.46	-43.65	-1.69
145.01	-43.68	-1.78
145.55	-43.70	-1.87
146.10	-43.72	-1.96
146.65	-43.75	-2.04
147.21	-43.77	-2.11
147.76	-43.80	-2.19
148.32	-43.83	-2.26
148.88	-43.86	-2.34
149.44	-43.88	-2.44
150.01	-43.91	-2.55
150.57	-43.93	-2.67
151.14	-43.95	-2.78
151.71	-43.97	-2.90
152.28	-43.99	-3.00
152.86	-44.01	-3.08
153.43	-44.02	-3.15
154.01	-44.04	-3.21
154.59	-44.05	-3.26
155.18	-44.07	-3.31
155.76	-44.09	-3.36
156.35	-44.10	-3.42
156.94	-44.12	-3.49
157.53	-44.15	-3.56
158.13	-44.16	-3.63
158.72	-44.18	-3.71
159.32	-44.20	-3.79
159.93	-44.22	-3.88
160.53	-44.24	-3.96
161.13	-44.25	-4.04
161.74	-44.27	-4.12
162.35	-44.29	-4.20
162.97	-44.30	-4.28
163.58	-44.32	-4.35
164.20	-44.34	-4.43
164.82	-44.35	-4.50
165.44	-44.37	-4.58
166.06	-44.38	-4.65
166.69	-44.39	-4.71
167.32	-44.40	-4.78
167.95	-44.41	-4.83
168.58	-44.42	-4.89
169.22	-44.43	-4.94
169.86	-44.44	-5.00
170.50	-44.45	-5.06
171.14	-44.46	-5.12
171.79	-44.47	-5.19
172.44	-44.49	-5.26
173.09	-44.50	-5.33
173.74	-44.52	-5.40
174.40	-44.54	-5.48
175.06	-44.56	-5.55
175.72	-44.57	-5.63
176.38	-44.59	-5.71
177.04	-44.60	-5.79
177.71	-44.61	-5.88
178.38	-44.62	-5.96
179.06	-44.63	-6.05
179.73	-44.64	-6.15
180.41	-44.65	-6.24
181.09	-44.66	-6.34
181.77	-44.68	-6.44
182.46	-44.69	-6.53
183.15	-44.71	-6.63
183.84	-44.73	-6.73
184.53	-44.74	-6.82
185.23	-44.75	-6.92
185.93	-44.76	-7.01
186.63	-44.77	-7.09
187.33	-44.78	-7.16
188.04	-44.78	-7.21
188.75	-44.79	-7.26
189.46	-44.79	-7.31
190.18	-44.81	-7.39
190.90	-44.82	-7.52
191.62	-44.84	-7.67
192.34	-44.87	-7.82
193.07	-44.89	-7.95
193.79	-44.90	-8.01
194.53	-44.91	-8.03
195.26	-44.91	-8.04
196.00	-44.91	-8.06
196.74	-44.92	-8.14
197.48	-44.93	-8.28
198.22	-44.94	-8.43
198.97	-44.95	-8.57
199.72	-44.96	-8.66
200.48	-44.96	-8.71
201.23	-44.96	-8.74
201.99	-44.97	-8.77
202.75	-44.99	-8.82
203.52	-45.00	-8.88
204.29	-45.02	-8.95
205.06	-45.04	-9.01
205.83	-45.04	-9.04
206.61	-45.04	-9.07
207.39	-45.05	-9.11
208.17	-45.05	-9.16
208.96	-45.06	-9.25
209.74	-45.07	-9.35
210.54	-45.08	-9.44
211.33	-45.09	-9.49
212.13	-45.09	-9.52
212.93	-45.10	-9.54
213.73	-45.10	-9.57
214.54	-45.11	-9.64
215.35	-45.12	-9.73
216.16	-45.14	-9.84
216.98	-45.14	-9.94
217.80	-45.15	-10.03
218.62	-45.15	-10.09
219.44	-45.15	-10.14
220.27	-45.15	-10.17
221.10	-45.17	-10.18
221.94	-45.18	-10.19
222.77	-45.19	-10.22
223.61	-45.19	-10.26
224.46	-45.19	-10.32
225.30	-45.20	-10.39
226.15	-45.20	-10.46
227.01	-45.21	-10.54
227.86	-45.22	-10.63
228.72	-45.22	-10.73
229.59	-45.23	-10.84
230.45	-45.24	-10.95
231.32	-45.24	-11.06
232.20	-45.23	-11.15
233.07	-45.23	-11.22
233.95	-45.22	-11.29
234.84	-45.22	-11.34
235.72	-45.22	-11.40
236.61	-45.22	-11.46
237.50	-45.22	-11.53
238.40	-45.21	-11.62
239.30	-45.20	-11.71
240.20	-45.19	-11.81
241.11	-45.19	-11.92
242.02	-45.19	-12.02
242.93	-45.20	-12.11
243.85	-45.20	-12.17
244.77	-45.20	-12.21
245.69	-45.20	-12.25
246.62	-45.20	-12.29
247.55	-45.20	-12.35
248.48	-45.19	-12.42
249.42	-45.19	-12.51
250.36	-45.19	-12.62
251.31	-45.18	-12.73
252.26	-45.19	-12.84
253.21	-45.20	-12.94
254.16	-45.21	-13.04
255.12	-45.21	-13.17
256.09	-45.21	-13.31
257.05	-45.21	-13.48
258.02	-45.20	-13.64
259.00	-45.21	-13.80
259.97	-45.21	-13.95
260.95	-45.22	-14.10
261.94	-45.21	-14.23
262.93	-45.21	-14.35
263.92	-45.21	-14.48
264.92	-45.22	-14.61
265.92	-45.22	-14.74
266.92	-45.22	-14.88
267.93	-45.22	-15.02
268.94	-45.21	-15.16
269.95	-45.21	-15.28
270.97	-45.22	-15.39
271.99	-45.23	-15.51
273.02	-45.23	-15.67
274.05	-45.23	-15.84
275.08	-45.23	-16.01
276.12	-45.24	-16.14
277.16	-45.25	-16.25
278.21	-45.26	-16.38
279.26	-45.26	-16.54
280.31	-45.26	-16.73
281.37	-45.26	-16.88
282.43	-45.28	-17.00
283.50	-45.29	-17.11
284.57	-45.31	-17.27
285.64	-45.32	-17.47
286.72	-45.33	-17.65
287.80	-45.35	-17.74
288.89	-45.36	-17.75
289.98	-45.38	-17.77
291.07	-45.39	-17.85
292.17	-45.40	-17.98
293.27	-45.41	-18.06
294.38	-45.41	-18.07
295.49	-45.41	-18.06
296.61	-45.40	-18.06
297.73	-45.40	-18.09
298.85	-45.39	-18.15
299.98	-45.38	-18.25
301.11	-45.37	-18.37
302.25	-45.37	-18.53
303.39	-45.36	-18.71
304.53	-45.36	-18.87
305.68	-45.37	-18.99
306.83	-45.37	-19.09
307.99	-45.36	-19.25
309.15	-45.35	-19.47
310.32	-45.34	-19.71
311.49	-45.33	-19.88
312.67	-45.32	-20.03
313.85	-45.31	-20.23
315.03	-45.31	-20.52
316.22	-45.30	-20.82
317.41	-45.29	-21.08
318.61	-45.29	-21.35
319.81	-45.29	-21.73
321.02	-45.30	-22.23
322.23	-45.34	-22.76
323.45	-45.40	-23.24
324.67	-45.49	-23.58
325.89	-45.57	-23.73
327.12	-45.64	-23.68
328.36	-45.71	-23.50
329.60	-45.78	-23.22
330.84	-45.83	-22.93
332.09	-45.82	-22.70
333.34	-45.79	-22.58
334.60	-45.78	-22.57
335.86	-45.79	-22.65
337.13	-45.80	-22.71
338.40	-45.80	-22.69
339.68	-45.78	-22.71
340.96	-45.78	-22.86
342.25	-45.77	-23.02
343.54	-45.78	-23.03
344.83	-45.79	-22.90
346.14	-45.80	-22.81
347.44	-45.80	-22.86
348.75	-45.80	-22.98
350.07	-45.78	-23.08
351.39	-45.76	-23.16
352.72	-45.76	-23.26
354.05	-45.77	-23.35
355.38	-45.77	-23.42
356.72	-45.76	-23.54
358.07	-45.75	-23.77
359.42	-45.75	-24.07
360.78	-45.76	-24.30
362.14	-45.77	-24.37
363.51	-45.78	-24.42
364.88	-45.77	-24.54
366.25	-45.76	-24.72
367.64	-45.74	-24.95
369.02	-45.75	-25.21
370.42	-45.78	-25.48
371.81	-45.83	-25.63
373.22	-45.86	-25.56
374.63	-45.86	-25.46
376.04	-45.85	-25.65
377.46	-45.84	-26.03
378.88	-45.87	-26.33
380.31	-45.91	-26.53
381.75	-45.96	-26.76
383.19	-45.99	-26.97
384.63	-46.03	-27.00
386.09	-46.08	-26.86
387.54	-46.12	-26.69
389.00	-46.16	-26.53
390.47	-46.17	-26.36
391.95	-46.15	-26.20
393.43	-46.15	-26.05
394.91	-46.15	-25.94
396.40	-46.14	-25.86
397.90	-46.13	-25.80
399.40	-46.11	-25.77
400.90	-46.11	-25.81
402.42	-46.10	-25.97
403.94	-46.09	-26.16
405.46	-46.07	-26.21
406.99	-46.05	-26.19
408.53	-46.04	-26.22
410.07	-46.04	-26.28
411.61	-46.03	-26.32
413.17	-46.02	-26.41
414.73	-46.03	-26.61
416.29	-46.04	-26.77
417.86	-46.05	-26.79
419.44	-46.03	-26.78
421.02	-45.97	-26.85
422.61	-45.95	-27.02
424.21	-45.96	-27.25
425.81	-45.95	-27.41
427.41	-45.93	-27.57
429.03	-45.92	-27.91
430.65	-45.92	-28.23
432.27	-45.92	-28.28
433.90	-45.91	-28.36
435.54	-45.90	-28.72
437.18	-45.89	-29.14
438.83	-45.90	-29.48
440.49	-45.94	-29.81
442.15	-45.98	-30.15
443.82	-45.97	-30.45
445.49	-45.98	-30.78
447.18	-46.04	-31.15
448.86	-46.12	-31.36
450.56	-46.17	-31.36
452.26	-46.21	-31.34
453.96	-46.24	-31.43
455.68	-46.27	-31.63
457.40	-46.31	-31.75
459.12	-46.36	-31.71
460.85	-46.39	-31.81
462.59	-46.41	-31.99
464.34	-46.46	-31.92
466.09	-46.53	-31.79
467.85	-46.58	-31.83
469.62	-46.63	-31.84
471.39	-46.69	-31.72
473.17	-46.74	-31.53
474.95	-46.78	-31.35
476.74	-46.82	-31.20
478.54	-46.86	-31.05
480.35	-46.89	-30.84
482.16	-46.95	-30.49
483.98	-47.00	-30.03
485.81	-47.03	-29.52
487.64	-47.08	-29.06
489.48	-47.12	-28.55
491.33	-47.10	-27.86
493.18	-47.07	-27.38
495.04	-47.05	-27.01
496.91	-47.04	-26.40
498.79	-47.00	-25.88
500.67	-46.93	-25.66
502.56	-46.94	-25.51
504.45	-46.93	-25.67
506.36	-46.92	-25.91
508.27	-47.19	-25.33
510.19	-47.42	-27.90
512.11	-48.10	-29.15
514.04	-51.27	-5.80
515.98	-50.74	17.20
517.93	-42.76	7.85
519.89	-40.27	-11.07
521.85	-42.75	-23.53
523.82	-43.29	-27.07
525.79	-43.44	-28.73
527.78	-43.83	-30.50
529.77	-44.05	-31.36
531.77	-44.21	-32.06
533.78	-44.36	-32.79
535.79	-44.48	-33.38
537.81	-44.56	-33.83
539.84	-44.65	-34.23
541.88	-44.75	-34.61
543.92	-44.83	-34.93
545.98	-44.89	-35.33
548.04	-44.93	-35.73
550.10	-44.99	-35.93
552.18	-45.06	-36.14
554.26	-45.11	-36.43
556.35	-45.14	-36.71
558.45	-45.16	-36.83
560.56	-45.21	-37.04
562.68	-45.26	-37.34
564.80	-45.31	-37.47
566.93	-45.33	-37.55
569.07	-45.36	-37.77
571.22	-45.42	-38.07
573.37	-45.46	-38.11
575.54	-45.50	-38.17
577.71	-45.55	-38.34
579.89	-45.59	-38.50
582.08	-45.65	-38.51
584.27	-45.71	-38.55
586.48	-45.77	-38.63
588.69	-45.82	-38.63
590.91	-45.85	-38.65
593.14	-45.88	-38.48
595.38	-45.90	-38.50
597.63	-45.95	-38.96
599.88	-46.00	-39.23
602.15	-46.09	-39.54
604.42	-46.21	-40.12
606.70	-46.39	-40.73
608.99	-46.65	-41.06
611.29	-46.94	-41.40
613.59	-47.33	-41.38
615.91	-47.91	-41.21
618.23	-48.72	-40.21
620.57	-49.97	-37.11
622.91	-52.45	-33.55
625.26	-54.63	7.35
627.62	-50.36	59.93
629.99	-39.75	55.58
632.36	-35.70	5.70
634.75	-37.22	-24.19
637.15	-39.25	-33.32
639.55	-40.21	-38.01
641.96	-40.96	-40.47
644.39	-41.46	-41.99
646.82	-41.84	-43.20
649.26	-42.13	-44.17
651.71	-42.37	-44.90
654.17	-42.56	-45.61
656.64	-42.72	-46.33
659.11	-42.87	-46.81
661.60	-43.01	-47.32
664.10	-43.12	-47.79
666.60	-43.24	-48.22
669.12	-43.34	-48.69
671.64	-43.40	-48.99
674.18	-43.50	-49.05
676.72	-43.57	-49.31
679.28	-43.62	-49.56
681.84	-43.66	-49.76
684.41	-43.70	-49.88
687.00	-43.75	-50.10
689.59	-43.79	-50.36
692.19	-43.80	-50.61
694.80	-43.83	-50.90
697.42	-43.84	-50.93
700.06	-43.87	-51.29
702.70	-43.87	-51.67
705.35	-43.88	-51.89
708.01	-43.90	-52.18
710.68	-43.91	-52.57
713.36	-43.94	-52.86
716.06	-43.94	-53.27
718.76	-43.95	-53.74
721.47	-43.98	-53.96
724.19	-43.98	-54.30
726.93	-44.00	-54.74
729.67	-44.03	-54.93
732.42	-44.05	-55.38
735.19	-44.05	-55.63
737.96	-44.10	-56.16
740.75	-44.10	-56.60
743.54	-44.13	-57.08
746.35	-44.20	-57.25
749.16	-44.25	-57.70
751.99	-44.25	-57.99
754.83	-44.30	-58.22
757.68	-44.35	-58.41
760.54	-44.35	-58.65
763.41	-44.35	-58.90
766.29	-44.40	-59.23
769.18	-44.44	-59.56
772.08	-44.50	-59.92
774.99	-44.54	-60.41
777.92	-44.70	-61.17
780.85	-44.86	-61.44
783.80	-45.00	-61.57
786.76	-45.15	-61.62
789.73	-45.32	-61.51
792.71	-45.58	-61.46
795.70	-45.91	-60.65
798.70	-46.50	-59.25
801.71	-47.42	-55.00
804.74	-48.56	-38.02
807.78	-44.08	-10.82
810.83	-40.31	-38.38
813.88	-41.15	-53.60
816.96	-41.90	-58.56
820.04	-42.35	-60.77
823.13	-42.68	-62.08
826.24	-42.87	-62.92
829.36	-43.02	-63.53
832.49	-43.11	-63.77
835.63	-43.18	-64.45
838.78	-43.23	-64.96
841.95	-43.27	-65.31
845.12	-43.30	-65.95
848.31	-43.33	-66.66
851.51	-43.35	-67.17
854.73	-43.34	-67.72
857.95	-43.34	-68.30
861.19	-43.39	-68.77
864.44	-43.38	-69.47
867.70	-43.39	-70.08
870.98	-43.42	-70.66
874.26	-43.47	-71.58
877.56	-43.55	-72.35
880.87	-43.56	-72.96
884.20	-43.60	-73.16
887.53	-43.66	-73.64
890.88	-43.71	-74.10
894.25	-43.72	-74.33
897.62	-43.74	-74.96
901.01	-43.77	-75.40
904.41	-43.81	-75.78
907.82	-43.82	-76.23
911.25	-43.84	-76.66
914.68	-43.87	-77.06
918.14	-43.90	-77.55
921.60	-43.95	-78.28
925.08	-43.97	-78.64
928.57	-44.02	-79.04
932.07	-44.02	-79.29
935.59	-44.09	-79.80
939.12	-44.14	-80.21
942.67	-44.13	-80.54
946.22	-44.16	-80.89
949.79	-44.20	-81.27
953.38	-44.22	-81.80
956.97	-44.31	-82.42
960.59	-44.30	-82.88
964.21	-44.34	-83.17
967.85	-44.40	-83.75
971.50	-44.52	-84.47
975.17	-44.53	-84.57
978.85	-44.61	-84.75
982.54	-44.70	-84.97
986.25	-44.77	-84.97
989.97	-44.76	-85.23
993.71	-44.85	-85.81
997.46	-44.94	-86.15
1001.22	-44.98	-86.33
1005.00	-45.03	-86.59
1008.79	-45.19	-86.75
1012.60	-45.35	-86.79
1016.42	-45.52	-86.52
1020.25	-45.85	-85.58
1024.10	-46.41	-82.38
1027.97	-46.86	-74.87
1031.85	-43.45	-67.03
1035.74	-43.02	-85.09
1039.65	-43.59	-87.96
1043.57	-44.07	-89.18
1047.51	-44.33	-89.91
1051.46	-44.47	-89.88
1055.43	-44.59	-90.26
1059.41	-44.67	-90.48
1063.41	-44.75	-90.67
1067.43	-44.79	-90.85
1071.45	-44.85	-91.12
1075.50	-44.91	-91.44
1079.55	-44.96	-91.94
1083.63	-45.02	-92.18
1087.72	-45.10	-92.57
1091.82	-45.23	-93.14
1095.94	-45.36	-92.94
1100.08	-45.52	-92.95
1104.23	-45.62	-92.61
1108.40	-45.71	-91.82
1112.58	-45.74	-91.28
1116.78	-45.84	-90.49
1120.99	-45.86	-89.49
1125.22	-45.85	-88.42
1129.47	-45.84	-87.00
1133.73	-45.73	-85.77
1138.01	-45.56	-84.44
1142.30	-45.36	-83.59
1146.61	-45.09	-82.63
1150.94	-44.75	-82.11
1155.28	-44.46	-81.98
1159.64	-44.10	-82.41
1164.02	-43.74	-83.42
1168.41	-43.42	-84.40
1172.82	-43.10	-85.96
1177.25	-42.87	-87.86
1181.69	-42.65	-89.95
1186.15	-42.50	-92.19
1190.62	-42.39	-94.55
1195.12	-42.34	-97.09
1199.63	-42.35	-99.86
1204.15	-42.75	-102.21
1208.70	-43.06	-98.43
1213.26	-42.27	-99.96
1217.84	-42.06	-103.64
1222.43	-42.09	-106.49
1227.04	-42.17	-109.97
1231.67	-42.31	-112.23
1236.32	-42.49	-114.27
1240.99	-42.67	-116.12
1245.67	-42.86	-117.70
1250.37	-43.14	-119.34
1255.09	-43.35	-120.35
1259.83	-43.54	-121.22
1264.58	-43.78	-122.12
1269.35	-43.92	-122.79
1274.14	-44.06	-123.39
1278.95	-44.19	-124.07
1283.78	-44.32	-124.62
1288.62	-44.50	-125.50
1293.48	-44.66	-126.36
1298.36	-44.78	-126.91
1303.26	-45.00	-127.65
1308.18	-45.22	-128.32
1313.12	-45.43	-128.99
1318.07	-45.63	-129.20
1323.05	-45.98	-129.30
1328.04	-46.36	-128.90
1333.05	-46.78	-124.69
1338.08	-45.76	-118.11
1343.13	-44.90	-125.15
1348.20	-45.10	-128.76
1353.29	-45.33	-130.68
1358.39	-45.65	-132.73
1363.52	-45.89	-133.79
1368.67	-46.10	-134.58
1373.83	-46.33	-135.22
1379.01	-46.58	-136.25
1384.22	-46.88	-136.70
1389.44	-47.08	-137.33
1394.68	-47.32	-137.28
1399.95	-47.58	-137.77
1405.23	-47.87	-137.66
1410.53	-48.12	-137.60
1415.86	-48.38	-137.38
1421.20	-48.56	-137.39
1426.56	-48.85	-137.04
1431.94	-49.19	-136.53
1437.35	-49.48	-135.89
1442.77	-49.82	-135.22
1448.22	-50.18	-133.75
1453.68	-50.36	-132.29
1459.17	-50.59	-130.84
1464.67	-50.92	-128.88
1470.20	-51.07	-126.31
1475.75	-51.17	-124.04
1481.32	-51.30	-121.22
1486.91	-51.46	-119.10
1492.52	-51.55	-115.79
1498.15	-51.65	-112.17
1503.80	-51.63	-107.93
1509.48	-51.57	-102.68
1515.17	-51.28	-95.46
1520.89	-50.16	-86.78
1526.63	-48.51	-82.36
1532.39	-46.26	-88.46
1538.17	-45.73	-105.59
1543.98	-46.79	-113.32
1549.81	-47.68	-114.52
1555.65	-48.25	-113.33
1561.52	-48.69	-111.05
1567.42	-49.03	-106.92
1573.33	-48.65	-95.80
1579.27	-45.78	-92.32
1585.23	-45.10	-105.97
1591.21	-45.75	-112.15
1597.21	-46.19	-113.75
1603.24	-46.46	-113.95
1609.29	-46.68	-114.57
1615.36	-46.89	-113.73
1621.46	-47.05	-112.62
1627.58	-47.17	-110.03
1633.72	-47.10	-105.73
1639.89	-46.08	-100.32
1646.07	-44.65	-105.02
1652.29	-44.67	-113.28
1658.52	-45.01	-116.19
1664.78	-45.15	-116.89
1671.06	-45.20	-117.38
1677.37	-45.24	-117.67
1683.70	-45.22	-117.90
1690.05	-45.16	-117.82
1696.43	-45.03	-118.08
1702.83	-44.93	-118.17
1709.26	-44.71	-117.91
1715.70	-44.19	-119.55
1722.18	-44.32	-123.27
1728.68	-44.37	-124.19
1735.20	-44.38	-124.96
1741.75	-44.37	-125.67
1748.32	-44.37	-126.21
1754.92	-44.27	-127.01
1761.54	-44.25	-127.82
1768.19	-44.22	-128.52
1774.86	-44.15	-129.59
1781.56	-44.10	-130.46
1788.28	-44.11	-131.09
1795.03	-44.05	-131.93
1801.80	-43.97	-132.61
1808.60	-43.88	-133.43
1815.43	-43.80	-134.78
1822.28	-43.76	-135.96
1829.15	-43.73	-137.03
1836.06	-43.71	-138.26
1842.99	-43.74	-139.48
1849.94	-43.78	-140.37
1856.92	-43.74	-141.25
1863.93	-43.78	-142.60
1870.96	-43.83	-143.37
1878.02	-43.87	-144.36
1885.11	-43.92	-145.17
1892.22	-43.99	-145.67
1899.36	-44.07	-145.93
1906.53	-44.07	-145.49
1913.72	-43.89	-145.70
1920.95	-43.82	-146.57
1928.19	-43.80	-146.97
1935.47	-43.43	-147.55
1942.77	-43.52	-150.95
1950.11	-43.65	-151.61
1957.46	-43.67	-152.20
1964.85	-43.68	-153.09
1972.27	-43.71	-153.94
1979.71	-43.75	-154.26
1987.18	-43.62	-154.65
1994.68	-43.54	-156.40
2002.20	-43.67	-157.56
2009.76	-43.78	-157.79
2017.34	-43.77	-158.24
2024.96	-43.74	-159.04
2032.60	-43.78	-159.53
2040.27	-43.81	-159.85
2047.97	-43.82	-159.96
2055.70	-43.66	-158.70
2063.45	-43.13	-161.37
2071.24	-43.27	-163.90
2079.06	-43.43	-165.21
2086.90	-43.54	-165.85
2094.78	-43.63	-165.78
2102.68	-43.39	-165.58
2110.62	-43.31	-167.66
2118.58	-43.25	-168.90
2126.57	-43.32	-170.63
2134.60	-43.40	-171.56
2142.65	-43.45	-172.44
2150.74	-43.49	-172.93
2158.86	-43.49	-173.67
2167.00	-43.48	-174.40
2175.18	-43.49	-175.23
2183.39	-43.53	-176.07
2191.63	-43.55	-176.74
2199.90	-43.53	-177.31
2208.20	-43.48	-178.11
2216.53	-43.44	-178.99
2224.90	-43.45	179.50
2233.29	-43.65	178.92
2241.72	-43.37	179.56
2250.18	-43.36	177.00
2258.67	-43.45	175.97
2267.19	-43.48	175.35
2275.75	-43.48	174.56
2284.34	-43.49	173.60
2292.96	-43.47	172.63
2301.61	-43.50	171.90
2310.29	-43.53	171.29
2319.01	-43.57	171.25
2327.76	-43.28	170.36
2336.55	-43.30	167.85
2345.36	-43.41	166.46
2354.21	-43.54	165.69
2363.10	-43.55	164.90
2372.02	-43.59	164.03
2380.97	-43.59	163.19
2389.95	-43.56	162.31
2398.97	-43.56	161.42
2408.02	-43.59	160.28
2417.11	-43.62	159.33
2426.23	-43.68	158.39
2435.39	-43.73	157.62
2444.58	-43.76	157.06
2453.80	-43.73	155.98
2463.06	-43.72	154.86
2472.35	-43.76	154.01
2481.68	-43.78	152.92
2491.05	-43.85	151.95
2500.45	-43.90	151.30
2509.88	-43.88	150.62
2519.36	-43.87	149.70
2528.86	-43.93	148.40
2538.41	-44.04	147.56
2547.98	-44.08	146.87
2557.60	-44.13	146.15
2567.25	-44.13	145.61
2576.94	-44.14	144.62
2586.66	-44.15	143.96
2596.42	-44.15	142.82
2606.22	-44.24	141.61
2616.06	-44.29	140.99
2625.93	-44.46	140.63
2635.84	-44.31	140.73
2645.78	-44.24	139.04
2655.77	-44.36	137.76
2665.79	-44.46	136.95
2675.85	-44.54	136.60
2685.95	-44.51	136.61
2696.08	-44.45	135.85
2706.26	-44.43	134.44
2716.47	-44.51	133.46
2726.72	-44.53	132.89
2737.01	-44.58	132.09
2747.34	-44.61	131.65
2757.70	-44.55	130.78
2768.11	-44.57	129.41
2778.56	-44.65	128.38
2789.04	-44.75	127.85
2799.57	-44.81	127.51
2810.13	-44.80	127.36
2820.73	-44.76	126.45
2831.38	-44.74	125.74
2842.06	-44.77	124.91
2852.79	-44.80	124.22
2863.55	-44.80	123.71
2874.36	-44.73	123.14
2885.21	-44.69	121.59
2896.09	-44.78	120.04
2907.02	-44.91	119.56
2917.99	-44.96	119.50
2929.00	-44.92	119.20
2940.06	-44.85	118.48
2951.15	-44.83	117.46
2962.29	-44.88	116.38
2973.47	-44.99	116.26
2984.69	-44.84	116.24
2995.95	-44.67	115.09
3007.25	-44.69	112.99
3018.60	-44.81	111.65
3029.99	-44.93	111.41
3041.43	-44.92	111.55
3052.90	-44.83	110.81
3064.42	-44.78	109.49
3075.99	-44.80	108.41
3087.60	-44.88	107.38
3099.25	-44.94	107.49
3110.94	-44.81	107.14
3122.68	-44.69	105.99
3134.47	-44.70	104.37
3146.29	-44.75	103.16
3158.17	-44.84	102.25
3170.08	-44.84	102.19
3182.05	-44.81	101.48
3194.05	-44.69	100.40
3206.11	-44.66	98.86
3218.21	-44.79	97.65
3230.35	-44.91	97.56
3242.54	-44.84	97.17
3254.77	-44.74	96.38
3267.06	-44.73	94.89
3279.39	-44.78	94.03
3291.76	-44.77	93.43
3304.18	-44.77	92.35
3316.65	-44.75	92.13
3329.17	-44.64	91.07
3341.73	-44.61	89.13
3354.34	-44.78	87.92
3367.00	-44.90	87.52
3379.70	-44.86	87.39
3392.46	-44.81	86.58
3405.26	-44.81	85.71
3418.11	-44.86	85.10
3431.01	-44.87	84.51
3443.95	-44.86	84.40
3456.95	-44.72	84.38
3469.99	-44.55	83.32
3483.09	-44.49	81.67
3496.23	-44.50	81.11
3509.43	-44.43	79.78
3522.67	-44.42	78.83
3535.96	-44.39	77.61
3549.31	-44.42	76.35
3562.70	-44.43	76.16
3576.14	-44.40	75.13
3589.64	-44.26	74.78
3603.18	-44.21	72.97
3616.78	-44.29	72.21
3630.43	-44.19	71.59
3644.13	-44.12	70.68
3657.88	-44.04	69.43
3671.68	-44.08	67.92
3685.54	-44.15	66.91
3699.45	-44.11	66.91
3713.41	-43.99	66.02
3727.42	-43.91	64.96
3741.49	-43.87	63.57
3755.60	-43.89	62.47
3769.78	-43.87	62.10
3784.00	-43.80	61.77
3798.28	-43.66	60.36
3812.61	-43.65	58.93
3827.00	-43.66	58.21
3841.44	-43.57	57.91
3855.94	-43.44	56.59
3870.49	-43.34	55.56
3885.09	-43.34	54.37
3899.75	-43.27	53.95
3914.47	-43.12	53.06
3929.24	-42.94	52.04
3944.07	-42.87	49.98
3958.95	-42.87	49.43
3973.89	-42.72	48.52
3988.89	-42.55	46.96
4003.94	-42.47	45.62
4019.05	-42.24	44.11
4034.22	-42.26	42.40
4049.44	-42.14	41.42
4064.72	-41.99	39.54
4080.06	-41.89	37.55
4095.46	-41.84	36.08
4110.91	-41.74	34.62
4126.42	-41.65	32.50
4141.99	-41.62	30.97
4157.62	-41.53	29.05
4173.31	-41.44	27.34
4189.06	-41.40	25.68
4204.87	-41.37	23.65
4220.74	-41.39	22.14
4236.66	-41.30	20.49
4252.65	-41.28	18.75
4268.70	-41.26	17.03
4284.81	-41.21	15.63
4300.98	-41.17	14.00
4317.21	-41.08	12.29
4333.50	-41.07	10.39
4349.85	-41.08	8.94
4366.26	-41.03	7.52
4382.74	-40.95	5.60
4399.28	-40.93	3.83
4415.88	-40.93	2.49
4432.54	-40.80	0.67
4449.27	-40.79	-1.46
4466.06	-40.76	-2.99
4482.91	-40.74	-4.53
4499.83	-40.63	-6.24
4516.81	-40.57	-8.43
4533.85	-40.65	-10.31
4550.96	-40.55	-11.77
4568.14	-40.54	-13.44
4585.37	-40.48	-14.84
4602.68	-40.38	-17.06
4620.05	-40.37	-19.12
4637.48	-40.37	-20.90
4654.98	-40.33	-22.56
4672.55	-40.27	-24.37
4690.18	-40.24	-26.23
4707.88	-40.15	-28.03
4725.64	-40.04	-30.05
4743.48	-40.02	-32.79
4761.38	-40.03	-35.20
4779.34	-40.00	-36.93
4797.38	-39.95	-39.26
4815.48	-39.97	-41.64
4833.65	-39.98	-43.54
4851.89	-39.94	-45.92
4870.20	-39.95	-48.24
4888.58	-40.00	-50.40
4907.03	-40.01	-52.58
4925.54	-40.01	-55.24
4944.13	-40.15	-57.42
4962.79	-40.24	-59.11
4981.52	-40.27	-60.94
5000.31	-40.30	-63.12
5019.18	-40.35	-64.57
5038.12	-40.31	-66.58
5057.14	-40.32	-68.93
5076.22	-40.40	-71.27
5095.37	-40.47	-73.45
5114.60	-40.54	-75.58
5133.90	-40.69	-78.07
5153.27	-40.88	-79.55
5172.72	-41.01	-81.02
5192.24	-41.09	-81.96
5211.83	-41.15	-83.35
5231.50	-41.17	-84.38
5251.24	-41.16	-86.07
5271.06	-41.24	-87.63
5290.95	-41.26	-88.77
5310.91	-41.27	-89.91
5330.96	-41.23	-91.44
5351.07	-41.25	-92.72
5371.27	-41.23	-93.96
5391.53	-41.15	-95.14
5411.88	-41.07	-96.93
5432.30	-41.03	-98.57
5452.80	-40.89	-99.96
5473.38	-40.82	-102.41
5494.03	-40.86	-104.03
5514.76	-40.69	-105.60
5535.57	-40.64	-108.16
5556.46	-40.63	-109.94
5577.43	-40.47	-112.31
5598.48	-40.44	-114.78
5619.60	-40.46	-117.04
5640.81	-40.30	-119.14
5662.10	-40.28	-122.65
5683.46	-40.30	-125.43
5704.91	-40.37	-128.91
5726.44	-40.45	-131.93
5748.05	-40.76	-135.31
5769.74	-41.25	-136.56
5791.51	-41.35	-136.53
5813.36	-41.52	-137.01
5835.30	-41.31	-137.19
5857.32	-41.33	-139.95
5879.42	-41.53	-140.75
5901.61	-41.38	-140.56
5923.88	-41.19	-143.16
5946.23	-41.26	-144.56
5968.67	-41.10	-145.63
5991.20	-41.12	-148.81
6013.80	-41.18	-148.90
6036.50	-40.85	-150.80
6059.28	-40.99	-154.10
6082.14	-41.12	-154.17
6105.09	-40.83	-155.12
6128.13	-40.80	-156.82
6151.26	-40.50	-158.10
6174.47	-40.36	-161.39
6197.77	-40.37	-162.76
6221.16	-40.18	-164.68
6244.63	-40.10	-167.86
6268.20	-40.09	-168.14
6291.85	-39.79	-170.69
6315.59	-39.59	-172.98
6339.42	-39.52	-176.53
6363.35	-39.34	-178.60
6387.36	-39.41	178.74
6411.46	-39.30	175.93
6435.66	-39.25	174.06
6459.94	-39.04	172.40
6484.32	-39.00	167.86
6508.79	-39.01	166.07
6533.35	-39.11	165.33
6558.00	-38.61	163.83
6582.75	-38.42	160.20
6607.59	-38.46	156.95
6632.53	-37.97	155.09
6657.55	-38.02	148.75
6682.68	-38.38	147.50
6707.90	-37.98	146.19
6733.21	-38.06	142.92
6758.62	-37.66	141.87
6784.12	-37.54	136.78
6809.72	-37.57	134.89
6835.42	-37.32	132.16
6861.21	-37.21	129.13
6887.10	-36.98	127.16
6913.09	-36.69	123.44
6939.18	-36.54	120.17
6965.36	-36.23	116.88
6991.65	-36.05	112.49
7018.03	-35.83	109.25
7044.51	-35.55	104.66
7071.10	-35.44	100.47
7097.78	-35.08	96.38
7124.56	-34.86	90.77
7151.45	-34.73	86.54
7178.44	-34.35	80.97
7205.52	-34.30	74.85
7232.71	-34.05	69.11
7260.01	-34.00	62.10
7287.40	-33.93	55.92
7314.90	-33.91	47.77
7342.51	-34.27	41.50
7370.21	-34.06	34.91
7398.03	-34.49	26.60
7425.94	-34.62	19.74
7453.97	-35.10	11.33
7482.09	-35.52	4.73
7510.33	-36.10	-3.60
7538.67	-36.76	-9.68
7567.12	-37.41	-17.20
7595.67	-38.31	-23.79
7624.33	-39.05	-29.72
7653.10	-40.12	-36.34
7681.98	-41.27	-40.00
7710.97	-42.26	-44.30
7740.07	-43.42	-47.35
7769.28	-44.60	-48.02
7798.60	-45.02	-47.63
7828.02	-45.54	-53.33
7857.56	-45.82	-52.87
7887.21	-46.19	-67.01
7916.98	-47.95	-76.08
7946.85	-48.99	-84.01
7976.84	-52.43	-103.17
8006.94	-55.51	-93.70
8037.16	-60.14	-108.19
8067.49	-65.82	-87.12
8097.93	-61.90	67.73
8128.49	-61.60	-38.29
8159.16	-66.65	59.18
8189.95	-55.72	57.35
8220.86	-55.00	14.54
8251.88	-58.32	19.11
8283.02	-58.30	36.65
8314.27	-57.19	44.10
8345.65	-55.54	55.13
8377.14	-52.50	53.12
8408.75	-52.30	53.18
8440.48	-48.82	49.03
8472.33	-49.36	40.92
8504.30	-48.32	37.55
8536.40	-47.68	35.34
8568.61	-46.86	31.00
8600.94	-46.25	25.94
8633.40	-45.89	21.33
8665.98	-45.45	18.94
8698.68	-44.91	15.76
8731.51	-44.48	12.15
8764.46	-44.05	7.49
8797.53	-43.54	4.79
8830.73	-43.26	0.91
8864.05	-42.73	-1.98
8897.50	-42.43	-4.44
8931.07	-41.51	-7.88
8964.78	-41.11	-13.01
8998.61	-40.30	-16.65
9032.56	-39.82	-23.20
9066.65	-39.05	-28.67
9100.86	-38.70	-35.90
9135.20	-38.20	-43.37
9169.68	-38.10	-50.97
9204.28	-37.83	-58.21
9239.01	-37.78	-65.19
9273.88	-37.70	-72.36
9308.87	-37.76	-79.05
9344.00	-37.77	-86.66
9379.26	-38.08	-92.39
9414.65	-38.02	-98.77
9450.18	-38.45	-104.46
9485.84	-38.42	-110.46
9521.64	-38.75	-116.20
9557.57	-39.08	-122.82
9593.64	-39.32	-125.78
9629.84	-39.51	-132.48
9666.18	-39.89	-138.09
9702.65	-40.28	-142.04
9739.27	-40.53	-146.95
9776.02	-40.98	-151.69
9812.91	-41.21	-156.51
9849.94	-41.83	-160.62
9887.11	-42.28	-165.60
9924.42	-42.86	-167.39
9961.87	-43.41	-171.97
9999.46	-44.00	-172.89
10037.19	-44.68	-175.83
10075.07	-45.72	-176.95
10113.09	-45.87	-167.60
10151.25	-45.42	-165.83
10189.55	-44.48	-169.06
10228.01	-44.73	-171.15
10266.60	-44.18	-175.09
10305.34	-44.60	-178.93
10344.23	-44.68	-175.86
10383.27	-43.89	-178.85
10422.45	-43.85	177.38
10461.78	-43.98	175.27
10501.26	-43.82	176.26
10540.88	-42.93	174.92
10580.66	-42.36	170.63
10620.59	-41.95	167.71
10660.66	-41.31	161.36
10700.89	-41.13	156.99
10741.27	-40.41	153.26
10781.81	-39.97	145.52
10822.49	-39.81	137.47
10863.33	-39.80	132.06
10904.33	-39.49	125.34
10945.47	-39.56	118.84
10986.78	-39.37	111.54
11028.24	-39.74	103.82
11069.85	-40.03	98.59
11111.63	-40.06	93.56
11153.56	-40.18	86.94
11195.64	-40.58	81.00
11237.89	-40.77	76.00
11280.30	-41.11	71.80
11322.87	-41.16	67.45
11365.59	-41.24	62.01
11408.48	-41.42	55.20
11451.53	-41.96	49.58
11494.75	-42.51	46.47
11538.12	-42.60	42.90
11581.66	-42.76	38.36
11625.37	-43.17	34.06
11669.24	-43.35	30.07
11713.27	-43.52	26.93
11757.47	-43.68	21.10
11801.84	-44.11	16.98
11846.37	-44.35	13.02
11891.08	-44.67	8.70
11935.95	-45.10	4.66
11980.99	-45.45	1.73
12026.20	-45.77	-1.77
12071.58	-46.09	-4.36
12117.14	-46.41	-7.58
12162.86	-46.80	-10.00
12208.76	-46.92	-11.23
12254.83	-47.10	-14.18
12301.07	-47.33	-15.28
12347.49	-47.42	-16.60
12394.08	-46.79	-17.92
12440.85	-46.71	-23.52
12487.80	-46.51	-28.63
12534.92	-46.87	-35.19
12582.23	-47.25	-38.69
12629.71	-47.60	-41.60
12677.37	-47.82	-42.28
12725.20	-47.63	-45.48
12773.22	-47.64	-48.72
12821.42	-47.85	-52.59
12869.81	-47.73	-53.38
12918.37	-47.55	-56.98
12967.12	-47.47	-60.85
13016.05	-47.25	-65.02
13065.17	-47.05	-69.44
13114.47	-47.10	-73.41
13163.96	-46.94	-77.88
13213.64	-46.82	-84.19
13263.50	-46.84	-89.04
13313.55	-46.87	-93.57
13363.79	-46.86	-98.95
13414.22	-46.94	-105.29
13464.84	-47.20	-110.78
13515.65	-47.31	-115.44
13566.65	-47.70	-119.55
13617.84	-47.83	-123.27
13669.23	-47.92	-127.96
13720.81	-48.19	-132.03
13772.59	-48.21	-133.61
13824.56	-48.12	-137.37
13876.73	-47.98	-142.31
13929.09	-48.14	-147.34
13981.66	-48.10	-150.77
14034.42	-47.97	-155.91
14087.38	-48.00	-160.80
14140.54	-47.95	-164.99
14193.90	-48.04	-171.04
14247.46	-47.96	-175.95
14301.22	-48.19	178.08
14355.19	-48.37	172.72
14409.36	-48.59	167.59
14463.73	-48.97	162.18
14518.31	-49.45	160.00
14573.10	-49.98	156.56
14628.09	-50.09	158.58
14683.29	-49.61	157.17
14738.70	-49.45	153.06
14794.32	-49.03	150.72
14850.15	-48.82	146.68
14906.18	-48.53	141.11
14962.43	-48.35	136.82
15018.90	-48.27	131.57
15075.57	-48.15	126.66
15132.46	-48.08	121.05
15189.56	-47.94	116.82
15246.88	-47.78	111.19
15304.42	-47.75	106.37
15362.17	-47.65	101.73
15420.14	-47.64	97.17
15478.33	-47.50	92.84
15536.74	-47.25	87.78
15595.37	-47.01	82.61
15654.22	-46.74	76.64
15713.29	-46.54	70.24
15772.58	-46.40	63.35
15832.10	-46.28	56.04
15891.85	-46.27	48.88
15951.81	-46.42	41.72
16012.01	-46.56	34.76
16072.43	-46.86	27.81
16133.08	-47.21	21.70
16193.96	-47.56	17.12
16255.07	-47.78	12.14
16316.41	-47.94	8.72
16377.98	-47.93	4.86
16439.79	-47.65	0.24
16501.82	-47.53	-6.07
16564.09	-47.48	-12.74
16626.60	-47.45	-20.12
16689.34	-47.66	-27.37
16752.32	-47.97	-33.68
16815.54	-48.22	-39.72
16878.99	-48.51	-45.11
16942.69	-48.79	-50.82
17006.62	-49.11	-54.99
17070.79	-49.23	-58.99
17135.21	-49.37	-63.63
17199.87	-49.31	-67.25
17264.78	-49.39	-71.48
17329.93	-49.14	-75.08
17395.32	-48.81	-79.96
17460.97	-48.46	-86.16
17526.86	-48.10	-92.62
17593.00	-47.89	-100.42
17659.38	-47.74	-108.45
17726.02	-47.67	-116.48
17792.91	-47.72	-124.56
17860.06	-47.87	-131.79
17927.45	-47.93	-138.45
17995.10	-47.93	-144.86
18063.01	-47.88	-150.80
18131.17	-47.64	-157.53
18199.59	-47.44	-165.19
18268.27	-47.26	-173.57
18337.21	-47.13	177.81
18406.40	-47.09	168.92
18475.86	-47.16	159.09
18545.58	-47.33	149.49
18615.56	-47.66	140.07
18685.81	-48.15	132.36
18756.32	-48.52	125.34
18827.10	-48.84	118.59
18898.15	-49.05	112.29
18969.46	-49.21	105.98
19041.04	-49.28	99.11
19112.90	-49.42	91.56
19185.02	-49.57	83.74
19257.42	-49.77	75.56
19330.09	-50.23	67.22
19403.03	-50.69	60.31
19476.25	-51.16	53.67
19549.74	-51.62	47.60
19623.51	-51.97	41.37
19697.56	-52.38	35.83
19771.89	-52.84	29.96
19846.51	-53.21	25.20
19921.40	-53.56	21.38
19996.57	-53.66	17.01
20072.03	-53.75	12.19
20147.78	-53.67	6.84
20223.80	-53.63	0.47
20300.12	-53.71	-6.33
20376.72	-53.78	-12.96
20453.62	-53.85	-19.87
20530.80	-53.97	-27.04
20608.28	-54.17	-34.14
20686.04	-54.29	-40.25
20764.10	-54.20	-45.99
20842.46	-53.90	-53.13
20921.11	-53.54	-62.54
21000.06	-53.45	-73.56
21079.30	-53.55	-84.44
21158.85	-53.67	-94.93
21238.69	-53.83	-104.95
21318.84	-53.84	-114.44
21399.29	-53.74	-125.53
21480.04	-53.59	-136.19
21561.09	-53.47	-149.57
21642.46	-53.40	-162.73
21724.12	-53.36	-176.96
21806.10	-53.51	167.77
21888.39	-53.81	152.10
21970.99	-54.43	136.77
22053.89	-55.10	123.87
22137.12	-55.81	111.41
22220.65	-56.21	100.96
22304.50	-56.39	88.94
