Freq[Hz]	[dBV]	Phase[Deg]
10.00	-63.39	5.49
10.04	-63.38	4.80
10.08	-63.38	4.10
10.11	-63.37	3.38
10.15	-63.36	2.64
10.19	-63.36	1.89
10.23	-63.35	1.13
10.27	-63.34	0.35
10.31	-63.33	-0.43
10.34	-63.33	-1.22
10.38	-63.32	-2.02
10.42	-63.31	-2.82
10.46	-63.31	-3.62
10.50	-63.30	-4.42
10.54	-63.30	-5.22
10.58	-63.30	-6.02
10.62	-63.30	-6.81
10.66	-63.30	-7.59
10.70	-63.30	-8.35
10.74	-63.30	-9.11
10.78	-63.30	-9.85
10.82	-63.31	-10.57
10.86	-63.32	-11.27
10.90	-63.33	-11.95
10.95	-63.34	-12.60
10.99	-63.36	-13.23
11.03	-63.38	-13.82
11.07	-63.40	-14.38
11.11	-63.42	-14.91
11.15	-63.45	-15.40
11.20	-63.48	-15.84
11.24	-63.52	-16.24
11.28	-63.56	-16.59
11.32	-63.60	-16.89
11.37	-63.64	-17.14
11.41	-63.70	-17.32
11.45	-63.75	-17.45
11.50	-63.81	-17.52
11.54	-63.88	-17.52
11.58	-63.95	-17.44
11.63	-64.02	-17.30
11.67	-64.11	-17.07
11.71	-64.19	-16.77
11.76	-64.29	-16.38
11.80	-64.39	-15.90
11.85	-64.49	-15.34
11.89	-64.61	-14.69
11.94	-64.72	-13.96
11.98	-64.85	-13.15
12.03	-64.98	-12.25
12.07	-65.11	-11.27
12.12	-65.25	-10.21
12.16	-65.40	-9.06
12.21	-65.55	-7.83
12.26	-65.70	-6.51
12.30	-65.86	-5.12
12.35	-66.02	-3.64
12.39	-66.19	-2.09
12.44	-66.36	-0.45
12.49	-66.54	1.27
12.54	-66.72	3.06
12.58	-66.90	4.94
12.63	-67.09	6.89
12.68	-67.28	8.92
12.73	-67.47	11.03
12.77	-67.67	13.21
12.82	-67.87	15.47
12.87	-68.07	17.81
12.92	-68.27	20.22
12.97	-68.48	22.70
13.02	-68.68	25.26
13.07	-68.89	27.88
13.12	-69.10	30.58
13.16	-69.31	33.35
13.21	-69.53	36.19
13.26	-69.74	39.09
13.31	-69.95	42.07
13.36	-70.16	45.10
13.41	-70.38	48.21
13.47	-70.59	51.38
13.52	-70.80	54.61
13.57	-71.01	57.90
13.62	-71.22	61.26
13.67	-71.43	64.67
13.72	-71.64	68.14
13.77	-71.84	71.67
13.83	-72.04	75.26
13.88	-72.24	78.90
13.93	-72.43	82.59
13.98	-72.63	86.33
14.04	-72.81	90.13
14.09	-73.00	93.97
14.14	-73.18	97.86
14.19	-73.35	101.80
14.25	-73.52	105.77
14.30	-73.68	109.79
14.36	-73.84	113.86
14.41	-73.99	117.96
14.46	-74.13	122.09
14.52	-74.27	126.26
14.57	-74.39	130.47
14.63	-74.51	134.71
14.68	-74.63	138.97
14.74	-74.73	143.26
14.80	-74.82	147.58
14.85	-74.91	151.91
14.91	-74.99	156.27
14.96	-75.06	160.64
15.02	-75.12	165.02
15.08	-75.18	169.41
15.13	-75.23	173.80
15.19	-75.28	178.20
15.25	-75.31	-177.41
15.31	-75.35	-173.02
15.36	-75.38	-168.64
15.42	-75.40	-164.27
15.48	-75.42	-159.92
15.54	-75.44	-155.58
15.60	-75.45	-151.27
15.66	-75.46	-146.99
15.71	-75.47	-142.74
15.77	-75.47	-138.52
15.83	-75.47	-134.35
15.89	-75.48	-130.22
15.95	-75.48	-126.13
16.01	-75.48	-122.10
16.07	-75.48	-118.13
16.13	-75.48	-114.22
16.19	-75.48	-110.38
16.26	-75.49	-106.61
16.32	-75.50	-102.92
16.38	-75.51	-99.31
16.44	-75.52	-95.78
16.50	-75.54	-92.35
16.56	-75.56	-89.02
16.63	-75.59	-85.79
16.69	-75.62	-82.67
16.75	-75.66	-79.66
16.82	-75.71	-76.78
16.88	-75.76	-74.02
16.94	-75.83	-71.39
17.01	-75.90	-68.90
17.07	-75.98	-66.56
17.14	-76.08	-64.37
17.20	-76.18	-62.33
17.27	-76.30	-60.46
17.33	-76.43	-58.77
17.40	-76.57	-57.25
17.46	-76.73	-55.91
17.53	-76.90	-54.77
17.59	-77.09	-53.83
17.66	-77.29	-53.09
17.73	-77.51	-52.55
17.79	-77.75	-52.20
17.86	-78.00	-52.04
17.93	-78.26	-52.06
18.00	-78.54	-52.26
18.06	-78.83	-52.63
18.13	-79.13	-53.16
18.20	-79.44	-53.85
18.27	-79.77	-54.69
18.34	-80.10	-55.67
18.41	-80.44	-56.79
18.48	-80.79	-58.03
18.55	-81.15	-59.40
18.62	-81.51	-60.89
18.69	-81.88	-62.48
18.76	-82.26	-64.17
18.83	-82.63	-65.95
18.90	-83.02	-67.81
18.97	-83.40	-69.75
19.04	-83.78	-71.75
19.11	-84.16	-73.81
19.19	-84.55	-75.91
19.26	-84.93	-78.05
19.33	-85.30	-80.22
19.40	-85.68	-82.41
19.48	-86.04	-84.61
19.55	-86.40	-86.81
19.62	-86.76	-88.99
19.70	-87.10	-91.15
19.77	-87.44	-93.27
19.85	-87.76	-95.35
19.92	-88.07	-97.37
20.00	-88.37	-99.33
20.07	-88.65	-101.20
20.15	-88.91	-102.98
20.22	-89.16	-104.66
20.30	-89.39	-106.21
20.38	-89.60	-107.64
20.45	-89.78	-108.92
20.53	-89.95	-110.05
20.61	-90.08	-111.00
20.69	-90.20	-111.80
20.77	-90.29	-112.44
20.84	-90.36	-112.92
20.92	-90.41	-113.26
21.00	-90.44	-113.45
21.08	-90.45	-113.51
21.16	-90.44	-113.42
21.24	-90.42	-113.21
21.32	-90.38	-112.88
21.40	-90.32	-112.43
21.48	-90.25	-111.86
21.56	-90.17	-111.19
21.64	-90.08	-110.42
21.73	-89.98	-109.55
21.81	-89.86	-108.59
21.89	-89.74	-107.54
21.97	-89.61	-106.43
22.06	-89.48	-105.24
22.14	-89.34	-103.98
22.22	-89.20	-102.67
22.31	-89.06	-101.32
22.39	-88.92	-99.91
22.47	-88.78	-98.48
22.56	-88.64	-97.02
22.64	-88.51	-95.53
22.73	-88.38	-94.04
22.82	-88.26	-92.54
22.90	-88.15	-91.05
22.99	-88.05	-89.57
23.07	-87.96	-88.12
23.16	-87.89	-86.69
23.25	-87.83	-85.30
23.34	-87.79	-83.97
23.43	-87.76	-82.69
23.51	-87.76	-81.48
23.60	-87.78	-80.35
23.69	-87.82	-79.29
23.78	-87.88	-78.32
23.87	-87.96	-77.43
23.96	-88.06	-76.64
24.05	-88.18	-75.94
24.14	-88.31	-75.35
24.23	-88.47	-74.87
24.32	-88.63	-74.50
24.42	-88.82	-74.25
24.51	-89.02	-74.13
24.60	-89.23	-74.14
24.69	-89.46	-74.28
24.79	-89.70	-74.57
24.88	-89.95	-75.00
24.97	-90.22	-75.59
25.07	-90.49	-76.34
25.16	-90.78	-77.26
25.26	-91.07	-78.35
25.35	-91.37	-79.62
25.45	-91.68	-81.07
25.54	-92.00	-82.72
25.64	-92.32	-84.58
25.74	-92.65	-86.64
25.84	-92.98	-88.91
25.93	-93.32	-91.41
26.03	-93.65	-94.13
26.13	-93.99	-97.10
26.23	-94.33	-100.31
26.33	-94.66	-103.77
26.43	-95.00	-107.50
26.53	-95.33	-111.47
26.63	-95.66	-115.69
26.73	-95.98	-120.13
26.83	-96.29	-124.77
26.93	-96.60	-129.60
27.03	-96.90	-134.60
27.13	-97.19	-139.75
27.23	-97.47	-145.03
27.34	-97.74	-150.42
27.44	-98.00	-155.90
27.54	-98.24	-161.45
27.65	-98.46	-167.05
27.75	-98.67	-172.68
27.86	-98.87	-178.32
27.96	-99.04	176.06
28.07	-99.19	170.48
28.17	-99.32	164.96
28.28	-99.43	159.53
28.39	-99.51	154.21
28.49	-99.57	149.02
28.60	-99.60	144.00
28.71	-99.60	139.16
28.82	-99.57	134.54
28.93	-99.51	130.16
29.03	-99.42	126.04
29.14	-99.29	122.23
29.25	-99.12	118.74
29.36	-98.91	115.61
29.48	-98.67	112.84
29.59	-98.39	110.43
29.70	-98.08	108.35
29.81	-97.73	106.60
29.92	-97.36	105.16
30.04	-96.96	104.04
30.15	-96.53	103.20
30.26	-96.08	102.65
30.38	-95.62	102.36
30.49	-95.13	102.32
30.61	-94.63	102.53
30.72	-94.12	102.96
30.84	-93.60	103.61
30.95	-93.08	104.45
31.07	-92.55	105.47
31.19	-92.02	106.66
31.31	-91.49	108.00
31.42	-90.97	109.48
31.54	-90.45	111.07
31.66	-89.95	112.76
31.78	-89.46	114.54
31.90	-88.99	116.38
32.02	-88.54	118.27
32.14	-88.12	120.19
32.26	-87.73	122.12
32.39	-87.36	124.05
32.51	-87.03	125.97
32.63	-86.72	127.88
32.75	-86.45	129.79
32.88	-86.20	131.68
33.00	-85.97	133.57
33.13	-85.77	135.44
33.25	-85.60	137.29
33.38	-85.44	139.13
33.50	-85.31	140.96
33.63	-85.19	142.76
33.76	-85.10	144.54
33.88	-85.02	146.30
34.01	-84.95	148.04
34.14	-84.90	149.74
34.27	-84.86	151.42
34.40	-84.84	153.07
34.53	-84.82	154.69
34.66	-84.81	156.28
34.79	-84.81	157.83
34.92	-84.81	159.34
35.05	-84.81	160.81
35.18	-84.82	162.24
35.32	-84.83	163.62
35.45	-84.83	164.95
35.58	-84.84	166.23
35.72	-84.85	167.44
35.85	-84.87	168.58
35.99	-84.88	169.65
36.12	-84.90	170.64
36.26	-84.93	171.54
36.40	-84.95	172.34
36.53	-84.99	173.04
36.67	-85.03	173.63
36.81	-85.08	174.10
36.95	-85.13	174.46
37.09	-85.19	174.68
37.23	-85.27	174.76
37.37	-85.35	174.69
37.51	-85.44	174.47
37.65	-85.54	174.09
37.79	-85.66	173.54
37.94	-85.79	172.80
38.08	-85.93	171.88
38.22	-86.09	170.77
38.37	-86.25	169.48
38.51	-86.43	168.01
38.66	-86.62	166.39
38.80	-86.81	164.63
38.95	-87.00	162.75
39.10	-87.19	160.76
39.24	-87.37	158.68
39.39	-87.55	156.53
39.54	-87.72	154.32
39.69	-87.87	152.06
39.84	-88.01	149.79
39.99	-88.13	147.51
40.14	-88.23	145.25
40.29	-88.30	143.02
40.45	-88.34	140.84
40.60	-88.35	138.74
40.75	-88.32	136.73
40.90	-88.26	134.83
41.06	-88.15	133.07
41.21	-87.99	131.46
41.37	-87.79	129.99
41.53	-87.55	128.66
41.68	-87.28	127.46
41.84	-86.97	126.38
42.00	-86.64	125.43
42.16	-86.28	124.58
42.32	-85.90	123.84
42.47	-85.50	123.19
42.63	-85.09	122.63
42.80	-84.67	122.16
42.96	-84.25	121.76
43.12	-83.82	121.42
43.28	-83.40	121.14
43.45	-82.98	120.91
43.61	-82.58	120.72
43.77	-82.19	120.56
43.94	-81.83	120.43
44.10	-81.49	120.31
44.27	-81.18	120.21
44.44	-80.89	120.14
44.61	-80.63	120.09
44.77	-80.40	120.09
44.94	-80.19	120.14
45.11	-80.01	120.23
45.28	-79.85	120.39
45.45	-79.72	120.61
45.63	-79.62	120.91
45.80	-79.53	121.29
45.97	-79.48	121.76
46.14	-79.44	122.33
46.32	-79.43	123.01
46.49	-79.45	123.80
46.67	-79.48	124.72
46.84	-79.54	125.76
47.02	-79.62	126.95
47.20	-79.73	128.25
47.38	-79.85	129.66
47.56	-79.98	131.14
47.74	-80.13	132.66
47.92	-80.30	134.21
48.10	-80.46	135.75
48.28	-80.64	137.26
48.46	-80.82	138.71
48.64	-80.99	140.06
48.83	-81.17	141.30
49.01	-81.34	142.39
49.20	-81.50	143.30
49.38	-81.65	144.00
49.57	-81.78	144.45
49.75	-81.90	144.63
49.94	-81.99	144.51
50.13	-82.07	144.08
50.32	-82.12	143.39
50.51	-82.15	142.47
50.70	-82.16	141.33
50.89	-82.14	140.03
51.08	-82.10	138.58
51.28	-82.04	137.02
51.47	-81.96	135.39
51.66	-81.86	133.73
51.86	-81.73	132.05
52.05	-81.58	130.41
52.25	-81.41	128.85
52.45	-81.22	127.39
52.65	-81.01	126.08
52.85	-80.77	124.95
53.04	-80.52	124.03
53.24	-80.24	123.30
53.45	-79.95	122.75
53.65	-79.65	122.38
53.85	-79.34	122.17
54.05	-79.02	122.12
54.26	-78.70	122.21
54.46	-78.37	122.43
54.67	-78.05	122.79
54.87	-77.73	123.25
55.08	-77.42	123.82
55.29	-77.13	124.48
55.50	-76.84	125.22
55.71	-76.58	126.03
55.92	-76.33	126.89
56.13	-76.11	127.80
56.34	-75.90	128.73
56.55	-75.71	129.67
56.77	-75.53	130.62
56.98	-75.36	131.54
57.19	-75.20	132.43
57.41	-75.05	133.26
57.63	-74.90	134.03
57.84	-74.76	134.71
58.06	-74.62	135.29
58.28	-74.48	135.75
58.50	-74.33	136.07
58.72	-74.18	136.23
58.94	-74.03	136.23
59.17	-73.87	136.08
59.39	-73.70	135.78
59.61	-73.53	135.35
59.84	-73.35	134.80
60.06	-73.16	134.12
60.29	-72.98	133.34
60.52	-72.79	132.47
60.75	-72.59	131.50
60.98	-72.39	130.46
61.21	-72.19	129.36
61.44	-71.98	128.20
61.67	-71.78	126.99
61.90	-71.57	125.75
62.14	-71.36	124.50
62.37	-71.14	123.24
62.61	-70.93	121.99
62.84	-70.72	120.78
63.08	-70.50	119.60
63.32	-70.29	118.48
63.56	-70.08	117.43
63.80	-69.88	116.48
64.04	-69.67	115.63
64.28	-69.47	114.91
64.52	-69.27	114.33
64.76	-69.08	113.89
65.01	-68.89	113.58
65.25	-68.71	113.37
65.50	-68.53	113.23
65.75	-68.35	113.15
66.00	-68.17	113.09
66.24	-68.00	113.03
66.49	-67.82	112.95
66.75	-67.65	112.80
67.00	-67.48	112.58
67.25	-67.30	112.24
67.50	-67.13	111.76
67.76	-66.96	111.13
68.01	-66.78	110.36
68.27	-66.60	109.47
68.53	-66.42	108.47
68.79	-66.24	107.38
69.05	-66.05	106.22
69.31	-65.86	104.99
69.57	-65.67	103.72
69.83	-65.47	102.42
70.09	-65.27	101.11
70.36	-65.07	99.81
70.62	-64.86	98.53
70.89	-64.64	97.28
71.16	-64.42	96.04
71.43	-64.20	94.83
71.70	-63.97	93.64
71.97	-63.75	92.48
72.24	-63.52	91.34
72.51	-63.29	90.23
72.79	-63.06	89.14
73.06	-62.83	88.07
73.34	-62.60	87.04
73.61	-62.37	86.02
73.89	-62.14	85.02
74.17	-61.91	84.01
74.45	-61.69	82.98
74.73	-61.46	81.93
75.01	-61.24	80.82
75.29	-61.02	79.66
75.58	-60.80	78.43
75.86	-60.58	77.10
76.15	-60.36	75.68
76.44	-60.14	74.13
76.73	-59.92	72.47
77.02	-59.70	70.71
77.31	-59.49	68.85
77.60	-59.26	66.91
77.89	-59.04	64.89
78.18	-58.82	62.80
78.48	-58.59	60.66
78.78	-58.36	58.46
79.07	-58.12	56.24
79.37	-57.88	53.98
79.67	-57.63	51.70
79.97	-57.39	49.37
80.27	-57.14	47.00
80.58	-56.91	44.58
80.88	-56.68	42.10
81.19	-56.46	39.55
81.49	-56.25	36.92
81.80	-56.06	34.21
82.11	-55.90	31.41
82.42	-55.75	28.51
82.73	-55.63	25.53
83.04	-55.53	22.47
83.35	-55.45	19.33
83.67	-55.39	16.14
83.99	-55.35	12.90
84.30	-55.32	9.62
84.62	-55.32	6.31
84.94	-55.34	2.98
85.26	-55.37	-0.36
85.58	-55.42	-3.69
85.90	-55.48	-6.99
86.23	-55.56	-10.24
86.55	-55.66	-13.42
86.88	-55.77	-16.52
87.21	-55.89	-19.51
87.54	-56.02	-22.36
87.87	-56.17	-25.07
88.20	-56.33	-27.60
88.53	-56.49	-29.98
88.87	-56.67	-32.23
89.20	-56.85	-34.36
89.54	-57.05	-36.40
89.88	-57.25	-38.36
90.22	-57.45	-40.28
90.56	-57.66	-42.17
90.90	-57.88	-44.06
91.24	-58.10	-45.96
91.59	-58.32	-47.87
91.93	-58.54	-49.75
92.28	-58.76	-51.60
92.63	-58.97	-53.41
92.98	-59.17	-55.15
93.33	-59.36	-56.81
93.68	-59.54	-58.38
94.03	-59.69	-59.83
94.39	-59.84	-61.17
94.74	-59.97	-62.41
95.10	-60.10	-63.54
95.46	-60.22	-64.59
95.82	-60.35	-65.56
96.18	-60.49	-66.46
96.54	-60.64	-67.29
96.91	-60.81	-68.07
97.27	-61.00	-68.82
97.64	-61.20	-69.55
98.01	-61.41	-70.31
98.38	-61.62	-71.11
98.75	-61.83	-71.98
99.12	-62.03	-72.96
99.50	-62.22	-74.07
99.87	-62.39	-75.34
100.25	-62.54	-76.75
100.63	-62.68	-78.24
101.01	-62.81	-79.75
101.39	-62.93	-81.22
101.77	-63.04	-82.61
102.16	-63.15	-83.84
102.54	-63.25	-84.87
102.93	-63.36	-85.63
103.32	-63.47	-86.18
103.71	-63.58	-86.56
104.10	-63.69	-86.82
104.49	-63.81	-87.04
104.88	-63.94	-87.25
105.28	-64.06	-87.52
105.68	-64.20	-87.92
106.08	-64.33	-88.45
106.48	-64.47	-89.09
106.88	-64.61	-89.82
107.28	-64.74	-90.61
107.69	-64.87	-91.43
108.09	-64.99	-92.25
108.50	-65.10	-93.06
108.91	-65.19	-93.82
109.32	-65.27	-94.53
109.73	-65.34	-95.20
110.15	-65.41	-95.82
110.56	-65.47	-96.39
110.98	-65.54	-96.91
111.40	-65.61	-97.38
111.82	-65.68	-97.81
112.24	-65.76	-98.21
112.67	-65.85	-98.60
113.09	-65.93	-99.01
113.52	-66.02	-99.45
113.95	-66.10	-99.96
114.38	-66.19	-100.55
114.81	-66.27	-101.24
115.24	-66.35	-102.01
115.68	-66.42	-102.85
116.11	-66.49	-103.74
116.55	-66.56	-104.66
116.99	-66.62	-105.60
117.43	-66.68	-106.54
117.87	-66.74	-107.45
118.32	-66.80	-108.30
118.77	-66.87	-109.04
119.21	-66.94	-109.64
119.66	-67.04	-110.06
120.12	-67.15	-110.25
120.57	-67.29	-110.19
121.02	-67.45	-109.98
121.48	-67.60	-109.73
121.94	-67.75	-109.55
122.40	-67.87	-109.56
122.86	-67.96	-109.89
123.32	-68.00	-110.65
123.79	-68.00	-111.81
124.26	-67.97	-113.21
124.73	-67.92	-114.71
125.20	-67.87	-116.13
125.67	-67.85	-117.32
126.14	-67.85	-118.11
126.62	-67.90	-118.45
127.10	-67.98	-118.48
127.58	-68.09	-118.36
128.06	-68.20	-118.25
128.54	-68.32	-118.30
129.03	-68.43	-118.69
129.51	-68.52	-119.49
130.00	-68.59	-120.58
130.49	-68.65	-121.84
130.98	-68.69	-123.11
131.48	-68.71	-124.27
131.98	-68.71	-125.16
132.47	-68.69	-125.72
132.97	-68.66	-126.06
133.48	-68.65	-126.28
133.98	-68.65	-126.52
134.48	-68.68	-126.89
134.99	-68.75	-127.51
135.50	-68.86	-128.41
136.01	-69.00	-129.50
136.53	-69.15	-130.68
137.04	-69.29	-131.85
137.56	-69.39	-132.91
138.08	-69.44	-133.76
138.60	-69.45	-134.41
139.12	-69.44	-134.88
139.65	-69.42	-135.25
140.17	-69.41	-135.54
140.70	-69.44	-135.82
141.23	-69.52	-136.14
141.77	-69.63	-136.52
142.30	-69.76	-137.02
142.84	-69.90	-137.68
143.38	-70.04	-138.54
143.92	-70.16	-139.63
144.46	-70.25	-140.89
145.01	-70.32	-142.19
145.55	-70.36	-143.40
146.10	-70.38	-144.38
146.65	-70.38	-144.99
147.21	-70.36	-145.22
147.76	-70.35	-145.25
148.32	-70.36	-145.29
148.88	-70.43	-145.55
149.44	-70.55	-146.27
150.01	-70.76	-147.57
150.57	-71.02	-149.25
151.14	-71.28	-151.06
151.71	-71.51	-152.71
152.28	-71.67	-153.93
152.86	-71.72	-154.49
153.43	-71.68	-154.44
154.01	-71.60	-153.97
154.59	-71.50	-153.24
155.18	-71.45	-152.44
155.76	-71.46	-151.74
156.35	-71.54	-151.27
156.94	-71.66	-151.12
157.53	-71.78	-151.40
158.13	-71.89	-152.22
158.72	-71.96	-153.63
159.32	-71.99	-155.40
159.93	-72.02	-157.14
160.53	-72.06	-158.49
161.13	-72.14	-159.06
161.74	-72.26	-158.62
162.35	-72.42	-157.51
162.97	-72.57	-156.26
163.58	-72.70	-155.41
164.20	-72.77	-155.49
164.82	-72.77	-156.74
165.44	-72.72	-158.73
166.06	-72.64	-160.90
166.69	-72.57	-162.72
167.32	-72.54	-163.64
167.95	-72.56	-163.57
168.58	-72.61	-162.89
169.22	-72.70	-161.98
169.86	-72.82	-161.24
170.50	-72.95	-161.00
171.14	-73.09	-161.26
171.79	-73.19	-161.92
172.44	-73.23	-162.84
173.09	-73.20	-163.90
173.74	-73.09	-164.97
174.40	-72.95	-165.90
175.06	-72.85	-166.53
175.72	-72.83	-166.72
176.38	-72.95	-166.35
177.04	-73.17	-165.68
177.71	-73.42	-165.06
178.38	-73.65	-164.84
179.06	-73.77	-165.40
179.73	-73.79	-166.67
180.41	-73.71	-168.21
181.09	-73.57	-169.55
181.77	-73.39	-170.20
182.46	-73.20	-169.95
183.15	-73.01	-169.23
183.84	-72.86	-168.57
184.53	-72.77	-168.51
185.23	-72.75	-169.44
185.93	-72.77	-171.05
186.63	-72.81	-172.77
187.33	-72.83	-174.06
188.04	-72.80	-174.43
188.75	-72.73	-174.07
189.46	-72.66	-173.54
190.18	-72.60	-173.43
190.90	-72.60	-174.26
191.62	-72.63	-175.90
192.34	-72.65	-177.77
193.07	-72.60	-179.26
193.79	-72.44	-179.79
194.53	-72.20	-179.40
195.26	-71.98	-178.64
196.00	-71.88	-178.11
196.74	-72.00	-178.34
197.48	-72.29	-179.39
198.22	-72.61	179.09
198.97	-72.80	177.47
199.72	-72.72	176.12
200.48	-72.41	175.10
201.23	-72.04	174.30
201.99	-71.76	173.61
202.75	-71.73	172.91
203.52	-71.91	172.14
204.29	-72.17	171.27
205.06	-72.40	170.24
205.83	-72.49	169.05
206.61	-72.48	167.74
207.39	-72.46	166.41
208.17	-72.49	165.12
208.96	-72.61	163.95
209.74	-72.76	162.93
210.54	-72.85	162.05
211.33	-72.80	161.36
212.13	-72.61	160.86
212.93	-72.39	160.58
213.73	-72.25	160.53
214.54	-72.27	160.71
215.35	-72.43	160.80
216.16	-72.63	160.41
216.98	-72.81	159.10
217.80	-72.91	156.83
218.62	-72.92	154.37
219.44	-72.88	152.61
220.27	-72.78	152.38
221.10	-72.66	153.34
221.94	-72.54	154.36
222.77	-72.44	154.28
223.61	-72.38	152.49
224.46	-72.35	149.91
225.30	-72.36	147.75
226.15	-72.38	147.13
227.01	-72.43	147.89
227.86	-72.51	149.07
228.72	-72.63	149.64
229.59	-72.78	149.07
230.45	-72.91	147.79
231.32	-72.98	146.39
232.20	-72.96	145.35
233.07	-72.87	144.61
233.95	-72.79	143.90
234.84	-72.78	142.96
235.72	-72.83	141.82
236.61	-72.86	140.85
237.50	-72.81	140.41
238.40	-72.64	140.58
239.30	-72.45	140.82
240.20	-72.34	140.51
241.11	-72.40	139.22
242.02	-72.54	137.43
242.93	-72.64	135.94
243.85	-72.58	135.41
244.77	-72.40	135.64
245.69	-72.22	135.94
246.62	-72.17	135.62
247.55	-72.22	134.61
248.48	-72.27	133.40
249.42	-72.20	132.47
250.36	-71.98	131.96
251.31	-71.72	131.52
252.26	-71.53	130.80
253.21	-71.45	129.69
254.16	-71.40	128.46
255.12	-71.31	127.47
256.09	-71.14	126.78
257.05	-70.95	125.95
258.02	-70.80	124.45
259.00	-70.73	122.19
259.97	-70.68	119.96
260.95	-70.60	118.69
261.94	-70.46	118.78
262.93	-70.32	119.34
263.92	-70.23	119.36
264.92	-70.23	118.21
265.92	-70.24	116.16
266.92	-70.16	113.59
267.93	-69.98	110.86
268.94	-69.79	108.34
269.95	-69.72	106.38
270.97	-69.76	105.12
271.99	-69.82	104.37
273.02	-69.78	103.92
274.05	-69.66	103.45
275.08	-69.57	102.49
276.12	-69.62	100.65
277.16	-69.76	98.25
278.21	-69.85	96.03
279.26	-69.78	94.59
280.31	-69.61	93.59
281.37	-69.44	92.36
282.43	-69.36	90.51
283.50	-69.33	88.36
284.57	-69.28	86.39
285.64	-69.20	84.75
286.72	-69.21	83.10
287.80	-69.40	81.09
288.89	-69.70	78.79
289.98	-69.95	76.58
291.07	-69.99	74.73
292.17	-69.91	73.01
293.27	-69.87	71.03
294.38	-69.93	68.89
295.49	-70.01	67.51
296.61	-70.03	67.83
297.73	-70.01	69.08
298.85	-70.08	69.29
299.98	-70.29	67.16
301.11	-70.43	64.15
302.25	-70.22	62.42
303.39	-69.70	62.48
304.53	-69.37	62.85
305.68	-69.62	62.16
306.83	-70.12	60.78
307.99	-70.26	59.73
309.15	-69.86	59.24
310.32	-69.44	58.29
311.49	-69.51	55.95
312.67	-69.86	53.04
313.85	-69.99	51.14
315.03	-69.69	50.70
316.22	-69.31	50.24
317.41	-69.18	48.38
318.61	-69.26	45.87
319.81	-69.32	44.29
321.02	-69.30	43.76
322.23	-69.27	42.48
323.45	-69.32	39.10
324.67	-69.40	35.23
325.89	-69.45	33.16
327.12	-69.50	32.85
328.36	-69.59	32.23
329.60	-69.75	30.16
330.84	-69.90	27.80
332.09	-69.96	26.38
333.34	-69.96	25.18
334.60	-69.97	22.72
335.86	-70.02	19.45
337.13	-70.04	17.90
338.40	-69.99	19.04
339.68	-69.91	19.67
340.96	-69.87	16.78
342.25	-69.89	12.62
343.54	-70.00	11.17
344.83	-70.14	12.04
346.14	-70.15	11.40
347.44	-70.05	8.04
348.75	-70.16	5.18
350.07	-70.61	5.06
351.39	-70.98	5.67
352.72	-70.86	4.62
354.05	-70.60	2.35
355.38	-70.75	0.31
356.72	-71.19	-1.05
358.07	-71.37	-1.97
359.42	-71.20	-2.95
360.78	-71.10	-4.80
362.14	-71.22	-7.37
363.51	-71.26	-9.02
364.88	-71.03	-9.03
366.25	-70.86	-9.47
367.64	-71.00	-11.89
369.02	-71.15	-14.13
370.42	-71.00	-14.00
371.81	-70.87	-13.72
373.22	-71.23	-16.23
374.63	-71.80	-19.26
376.04	-72.05	-18.83
377.46	-71.98	-17.14
378.88	-71.83	-19.22
380.31	-71.65	-23.37
381.75	-71.36	-23.99
383.19	-71.09	-22.61
384.63	-71.10	-25.69
386.09	-71.38	-32.05
387.54	-71.65	-34.48
389.00	-71.81	-32.73
390.47	-71.93	-32.53
391.95	-72.10	-35.18
393.43	-72.44	-38.00
394.91	-72.75	-39.53
396.40	-72.63	-39.51
397.90	-72.28	-39.06
399.40	-72.35	-40.18
400.90	-72.78	-42.06
402.42	-73.07	-42.18
403.94	-73.15	-41.28
405.46	-73.23	-41.77
406.99	-73.30	-43.12
408.53	-73.32	-43.66
410.07	-73.33	-43.93
411.61	-73.41	-44.95
413.17	-73.46	-45.47
414.73	-73.38	-44.58
416.29	-73.29	-44.74
417.86	-73.25	-47.44
419.44	-73.22	-49.86
421.02	-73.18	-50.53
422.61	-73.20	-51.12
424.21	-73.34	-52.01
425.81	-73.59	-51.81
427.41	-73.67	-50.61
429.03	-73.22	-49.63
430.65	-72.50	-50.10
432.27	-71.97	-52.41
433.90	-71.64	-53.60
435.54	-71.42	-52.54
437.18	-71.37	-54.46
438.83	-71.38	-59.77
440.49	-71.04	-61.81
442.15	-70.56	-61.35
443.82	-70.43	-63.84
445.49	-70.46	-67.84
447.18	-70.36	-70.87
448.86	-70.45	-75.30
450.56	-70.81	-80.71
452.26	-71.05	-81.90
453.96	-70.93	-80.61
455.68	-70.49	-82.52
457.40	-70.20	-86.90
459.12	-70.37	-90.86
460.85	-70.60	-91.63
462.59	-70.65	-90.55
464.34	-70.57	-92.29
466.09	-70.55	-96.85
467.85	-70.68	-101.77
469.62	-70.71	-103.56
471.39	-70.64	-103.23
473.17	-70.72	-105.62
474.95	-70.89	-108.58
476.74	-70.97	-109.52
478.54	-70.91	-111.36
480.35	-70.88	-113.62
482.16	-71.09	-113.53
483.98	-71.18	-115.01
485.81	-70.98	-119.57
487.64	-70.91	-121.93
489.48	-70.97	-122.21
491.33	-71.07	-123.10
493.18	-71.54	-124.70
495.04	-71.89	-126.89
496.91	-71.26	-129.67
498.79	-70.76	-132.72
500.67	-71.06	-135.89
502.56	-71.43	-139.39
504.45	-71.39	-143.38
506.36	-71.02	-148.06
508.27	-71.13	-153.78
510.19	-71.54	-161.31
512.11	-72.13	-176.74
514.04	-73.45	143.23
515.98	-71.48	63.52
517.93	-64.73	-42.59
519.89	-63.25	-105.81
521.85	-65.76	-124.01
523.82	-66.17	-132.59
525.79	-66.25	-141.84
527.78	-66.73	-149.67
529.77	-67.15	-152.70
531.77	-67.31	-155.66
533.78	-67.41	-161.06
535.79	-67.54	-167.50
537.81	-67.45	-170.80
539.84	-67.59	-174.11
541.88	-68.03	-178.60
543.92	-68.02	179.90
545.98	-67.78	177.49
548.04	-67.78	172.16
550.10	-68.21	166.77
552.18	-68.46	165.21
554.26	-68.52	163.72
556.35	-68.63	159.35
558.45	-68.63	158.27
560.56	-68.83	155.85
562.68	-69.01	150.36
564.80	-68.76	146.52
566.93	-69.20	143.76
569.07	-69.45	142.36
571.22	-69.01	141.76
573.37	-69.48	139.15
575.54	-69.54	134.84
577.71	-69.50	129.48
579.89	-70.13	125.17
582.08	-70.04	125.53
584.27	-70.35	124.50
586.48	-70.85	123.10
588.69	-70.54	124.00
590.91	-70.48	119.51
593.14	-70.58	118.18
595.38	-70.75	119.82
597.63	-71.10	117.55
599.88	-71.44	113.64
602.15	-71.19	114.68
604.42	-70.89	112.36
606.70	-71.20	105.75
608.99	-71.65	107.76
611.29	-71.35	107.88
613.59	-71.84	104.97
615.91	-73.08	101.60
618.23	-73.54	99.43
620.57	-73.84	101.68
622.91	-76.05	112.07
625.26	-77.38	140.29
627.62	-73.07	173.70
629.99	-64.50	173.60
632.36	-60.72	124.51
634.75	-62.09	93.60
637.15	-64.17	84.14
639.55	-65.07	79.82
641.96	-65.74	75.24
644.39	-66.41	67.91
646.82	-66.60	68.97
649.26	-66.98	65.60
651.71	-67.11	60.34
654.17	-67.17	59.05
656.64	-67.59	58.34
659.11	-67.68	56.05
661.60	-67.75	53.46
664.10	-67.42	49.28
666.60	-67.31	45.51
669.12	-67.52	45.44
671.64	-67.81	44.47
674.18	-68.09	39.78
676.72	-67.92	38.62
679.28	-67.92	34.31
681.84	-68.14	32.77
684.41	-68.01	31.66
687.00	-67.75	28.78
689.59	-67.64	25.88
692.19	-67.61	23.91
694.80	-67.62	21.08
697.42	-67.55	17.07
700.06	-67.69	15.45
702.70	-67.52	11.55
705.35	-67.44	9.99
708.01	-67.80	5.76
710.68	-67.65	1.99
713.36	-67.27	-1.30
716.06	-67.18	-5.74
718.76	-67.17	-9.25
721.47	-67.41	-11.20
724.19	-67.63	-13.32
726.93	-67.52	-18.95
729.67	-67.67	-22.91
732.42	-67.49	-23.34
735.19	-67.62	-27.10
737.96	-68.04	-30.45
740.75	-67.62	-34.90
743.54	-67.72	-41.24
746.35	-68.06	-42.55
749.16	-67.99	-43.23
751.99	-68.26	-49.32
754.83	-68.75	-51.92
757.68	-68.63	-53.20
760.54	-68.67	-55.84
763.41	-69.07	-57.44
766.29	-69.08	-61.68
769.18	-69.32	-62.56
772.08	-69.00	-62.49
774.99	-69.13	-68.86
777.92	-69.60	-72.43
780.85	-70.01	-74.52
783.80	-69.54	-77.32
786.76	-70.13	-79.73
789.73	-69.72	-81.30
792.71	-69.74	-85.10
795.70	-70.43	-86.11
798.70	-71.16	-85.06
801.71	-71.40	-87.33
804.74	-73.54	-65.34
807.78	-67.64	-43.19
810.83	-63.68	-74.87
813.88	-64.45	-94.93
816.96	-65.05	-104.90
820.04	-65.35	-109.97
823.13	-65.71	-114.08
826.24	-65.70	-117.95
829.36	-66.18	-125.50
832.49	-66.09	-127.31
835.63	-65.87	-132.89
838.78	-66.47	-135.38
841.95	-66.21	-138.88
845.12	-66.26	-144.78
848.31	-66.37	-149.63
851.51	-66.35	-153.34
854.73	-66.30	-159.67
857.95	-66.67	-162.41
861.19	-66.36	-168.06
864.44	-66.79	-170.15
867.70	-66.44	-175.41
870.98	-66.71	179.59
874.26	-66.71	176.68
877.56	-67.39	169.34
880.87	-67.26	165.75
884.20	-67.17	164.07
887.53	-67.95	161.50
890.88	-68.00	159.69
894.25	-67.98	155.85
897.62	-67.93	153.74
901.01	-68.11	150.23
904.41	-68.35	148.62
907.82	-68.03	145.70
911.25	-68.04	143.29
914.68	-68.21	139.95
918.14	-67.75	137.03
921.60	-67.59	135.52
925.08	-67.40	128.59
928.57	-67.32	126.39
932.07	-67.42	123.07
935.59	-67.08	116.42
939.12	-66.79	114.79
942.67	-66.50	111.35
946.22	-66.65	105.49
949.79	-66.71	103.38
953.38	-66.45	97.15
956.97	-66.38	94.64
960.59	-66.72	88.40
964.21	-66.71	85.62
967.85	-66.44	80.51
971.50	-66.51	75.62
975.17	-66.29	72.23
978.85	-66.57	67.89
982.54	-66.58	63.60
986.25	-66.48	54.07
989.97	-66.65	54.58
993.71	-66.53	49.69
997.46	-66.92	45.50
1001.22	-66.75	40.61
1005.00	-66.88	41.92
1008.79	-67.22	32.55
1012.60	-67.04	28.24
1016.42	-67.69	25.45
1020.25	-68.10	24.78
1024.10	-69.03	23.09
1027.97	-69.26	32.42
1031.85	-64.27	36.25
1035.74	-64.42	7.04
1039.65	-64.74	1.20
1043.57	-65.32	-6.06
1047.51	-65.84	-12.30
1051.46	-66.05	-13.10
1055.43	-66.14	-17.09
1059.41	-66.36	-25.36
1063.41	-66.85	-24.52
1067.43	-66.95	-32.09
1071.45	-66.67	-35.43
1075.50	-67.30	-42.72
1079.55	-67.33	-43.88
1083.63	-67.36	-50.44
1087.72	-67.57	-55.44
1091.82	-67.70	-58.50
1095.94	-68.10	-64.68
1100.08	-68.06	-63.38
1104.23	-68.38	-70.26
1108.40	-68.46	-73.69
1112.58	-69.22	-79.15
1116.78	-68.67	-81.79
1120.99	-69.27	-84.46
1125.22	-69.15	-88.23
1129.47	-69.35	-89.93
1133.73	-69.21	-93.00
1138.01	-69.37	-95.18
1142.30	-69.50	-96.65
1146.61	-69.20	-102.39
1150.94	-69.10	-101.02
1155.28	-68.21	-105.00
1159.64	-68.63	-107.33
1164.02	-68.03	-113.12
1168.41	-68.09	-115.30
1172.82	-67.81	-120.23
1177.25	-67.17	-124.04
1181.69	-66.72	-128.35
1186.15	-66.71	-134.40
1190.62	-66.13	-140.80
1195.12	-65.94	-144.76
1199.63	-65.78	-150.60
1204.15	-65.81	-160.07
1208.70	-66.58	-160.19
1213.26	-65.14	-160.57
1217.84	-64.45	-166.77
1222.43	-64.09	-175.39
1227.04	-63.87	173.74
1231.67	-63.52	168.52
1236.32	-63.54	160.39
1240.99	-63.48	153.28
1245.67	-63.76	147.67
1250.37	-63.65	138.32
1255.09	-63.43	133.44
1259.83	-63.59	125.31
1264.58	-63.70	118.00
1269.35	-63.54	111.85
1274.14	-63.48	105.83
1278.95	-63.85	100.73
1283.78	-63.55	93.14
1288.62	-63.72	84.73
1293.48	-64.30	78.94
1298.36	-64.13	72.45
1303.26	-64.57	63.46
1308.18	-64.64	56.12
1313.12	-65.19	49.13
1318.07	-65.33	45.87
1323.05	-65.93	40.25
1328.04	-66.44	34.39
1333.05	-67.37	30.23
1338.08	-68.39	36.90
1343.13	-66.32	33.47
1348.20	-66.11	29.20
1353.29	-65.86	23.13
1358.39	-66.02	14.38
1363.52	-66.13	10.78
1368.67	-66.18	5.56
1373.83	-66.28	-1.58
1379.01	-66.36	-9.21
1384.22	-66.23	-13.54
1389.44	-66.10	-20.61
1394.68	-66.30	-24.55
1399.95	-66.50	-30.58
1405.23	-66.58	-39.10
1410.53	-66.35	-44.58
1415.86	-66.36	-48.75
1421.20	-66.68	-53.05
1426.56	-66.55	-60.77
1431.94	-66.81	-67.25
1437.35	-67.11	-75.12
1442.77	-66.80	-82.83
1448.22	-67.13	-87.60
1453.68	-67.28	-94.24
1459.17	-67.40	-100.11
1464.67	-67.44	-103.59
1470.20	-68.05	-110.14
1475.75	-68.18	-115.11
1481.32	-68.67	-119.63
1486.91	-68.61	-126.85
1492.52	-68.71	-132.56
1498.15	-69.11	-136.45
1503.80	-68.91	-141.15
1509.48	-68.86	-147.14
1515.17	-68.94	-147.17
1520.89	-69.17	-148.56
1526.63	-68.42	-145.79
1532.39	-66.77	-151.38
1538.17	-65.31	-169.37
1543.98	-65.76	175.84
1549.81	-66.11	166.09
1555.65	-66.85	160.08
1561.52	-67.00	153.14
1567.42	-67.77	144.58
1573.33	-69.17	140.26
1579.27	-67.76	153.66
1585.23	-65.68	140.74
1591.21	-65.21	124.10
1597.21	-65.64	111.84
1603.24	-66.05	102.74
1609.29	-66.35	94.74
1615.36	-66.63	84.30
1621.46	-67.52	79.18
1627.58	-67.90	68.27
1633.72	-69.29	64.90
1639.89	-70.95	67.53
1646.07	-69.56	76.61
1652.29	-68.38	62.85
1658.52	-68.78	54.61
1664.78	-68.39	50.15
1671.06	-69.04	45.06
1677.37	-69.13	41.09
1683.70	-68.98	36.16
1690.05	-68.41	29.22
1696.43	-68.18	20.90
1702.83	-68.36	12.26
1709.26	-68.95	6.34
1715.70	-69.96	11.16
1722.18	-67.92	6.41
1728.68	-67.20	-6.10
1735.20	-67.23	-15.04
1741.75	-67.34	-22.47
1748.32	-67.09	-31.41
1754.92	-67.07	-39.19
1761.54	-67.55	-46.45
1768.19	-67.10	-51.10
1774.86	-66.94	-62.12
1781.56	-66.47	-70.62
1788.28	-66.91	-80.58
1795.03	-66.89	-90.37
1801.80	-67.59	-102.89
1808.60	-67.52	-109.41
1815.43	-67.76	-117.42
1822.28	-68.03	-125.18
1829.15	-68.12	-133.21
1836.06	-68.19	-139.88
1842.99	-68.63	-150.62
1849.94	-67.99	-155.60
1856.92	-69.05	-170.15
1863.93	-69.76	-175.75
1870.96	-69.61	178.83
1878.02	-69.69	171.96
1885.11	-70.36	161.07
1892.22	-70.45	153.56
1899.36	-70.67	145.98
1906.53	-70.57	141.03
1913.72	-70.97	138.40
1920.95	-71.24	131.01
1928.19	-71.88	125.66
1935.47	-72.27	127.54
1942.77	-70.62	124.86
1950.11	-70.15	114.80
1957.46	-69.81	109.61
1964.85	-70.43	104.41
1972.27	-70.74	91.55
1979.71	-70.34	92.38
1987.18	-69.55	87.17
1994.68	-68.94	76.90
2002.20	-68.02	67.13
2009.76	-67.81	54.18
2017.34	-68.23	43.96
2024.96	-68.51	34.86
2032.60	-69.11	24.44
2040.27	-69.14	18.14
2047.97	-69.59	7.57
2055.70	-70.11	3.81
2063.45	-69.21	1.55
2071.24	-69.21	-5.02
2079.06	-69.20	-15.42
2086.90	-68.60	-28.73
2094.78	-68.13	-43.84
2102.68	-69.04	-55.62
2110.62	-70.64	-68.47
2118.58	-71.55	-75.70
2126.57	-72.44	-82.58
2134.60	-73.26	-83.78
2142.65	-73.66	-86.14
2150.74	-73.57	-89.00
2158.86	-73.04	-94.48
2167.00	-72.60	-94.15
2175.18	-72.51	-107.00
2183.39	-71.87	-112.40
2191.63	-71.12	-124.99
2199.90	-71.39	-134.22
2208.20	-70.69	-137.99
2216.53	-70.07	-150.68
2224.90	-69.76	-162.33
2233.29	-70.05	-168.19
2241.72	-69.30	178.30
2250.18	-69.59	164.56
2258.67	-69.72	159.62
2267.19	-69.40	152.88
2275.75	-68.99	143.97
2284.34	-68.57	132.86
2292.96	-67.91	120.35
2301.61	-68.20	109.94
2310.29	-68.40	97.71
2319.01	-69.22	82.63
2327.76	-71.04	75.38
2336.55	-70.38	78.59
2345.36	-70.90	71.70
2354.21	-70.56	63.05
2363.10	-70.43	52.96
2372.02	-70.39	51.71
2380.97	-69.87	42.77
2389.95	-69.20	37.84
2398.97	-68.61	24.89
2408.02	-68.41	14.99
2417.11	-68.35	-0.32
2426.23	-69.28	-10.88
2435.39	-69.17	-21.20
2444.58	-69.85	-31.03
2453.80	-70.32	-35.69
2463.06	-70.24	-40.96
2472.35	-70.20	-50.93
2481.68	-69.43	-57.65
2491.05	-68.86	-70.58
2500.45	-69.05	-84.67
2509.88	-69.43	-94.23
2519.36	-70.12	-103.21
2528.86	-69.63	-107.10
2538.41	-69.03	-118.26
2547.98	-68.50	-134.62
2557.60	-67.92	-141.50
2567.25	-68.05	-154.90
2576.94	-68.39	-167.59
2586.66	-67.83	-178.17
2596.42	-68.40	168.12
2606.22	-68.27	157.73
2616.06	-68.13	153.53
2625.93	-67.08	142.82
2635.84	-67.27	126.37
2645.78	-67.46	117.11
2655.77	-67.30	105.99
2665.79	-66.95	95.04
2675.85	-66.85	83.06
2685.95	-67.28	69.91
2696.08	-67.88	61.10
2706.26	-68.17	51.22
2716.47	-67.92	42.78
2726.72	-68.21	34.72
2737.01	-68.05	25.40
2747.34	-67.83	16.06
2757.70	-68.10	3.30
2768.11	-68.34	-6.69
2778.56	-67.87	-14.24
2789.04	-67.99	-23.97
2799.57	-67.40	-31.44
2810.13	-67.09	-46.04
2820.73	-66.19	-65.47
2831.38	-66.55	-79.26
2842.06	-67.21	-94.59
2852.79	-67.80	-108.74
2863.55	-67.98	-117.42
2874.36	-68.05	-130.91
2885.21	-68.21	-144.83
2896.09	-68.32	-152.61
2907.02	-68.59	-165.53
2917.99	-69.30	-177.50
2929.00	-68.74	171.03
2940.06	-68.46	160.52
2951.15	-68.36	152.97
2962.29	-67.96	141.27
2973.47	-68.13	129.85
2984.69	-68.44	117.92
2995.95	-67.92	107.81
3007.25	-67.48	95.34
3018.60	-67.63	83.70
3029.99	-67.72	74.10
3041.43	-68.13	65.89
3052.90	-67.79	55.16
3064.42	-67.47	44.12
3075.99	-67.06	32.25
3087.60	-66.89	17.10
3099.25	-67.15	4.24
3110.94	-67.12	-9.97
3122.68	-67.43	-24.58
3134.47	-67.71	-38.84
3146.29	-68.44	-52.04
3158.17	-68.70	-65.66
3170.08	-69.06	-74.21
3182.05	-69.03	-88.45
3194.05	-68.87	-103.40
3206.11	-69.50	-114.05
3218.21	-69.15	-125.74
3230.35	-68.84	-137.04
3242.54	-69.03	-153.65
3254.77	-68.76	-169.05
3267.06	-69.19	179.94
3279.39	-69.02	166.87
3291.76	-68.82	159.03
3304.18	-67.97	145.06
3316.65	-68.10	127.04
3329.17	-68.28	117.73
3341.73	-68.35	107.57
3354.34	-68.54	92.69
3367.00	-68.23	83.79
3379.70	-67.66	69.51
3392.46	-67.45	55.30
3405.26	-67.31	39.72
3418.11	-68.16	22.98
3431.01	-68.52	9.68
3443.95	-69.85	-1.73
3456.95	-69.62	-7.94
3469.99	-69.50	-22.83
3483.09	-69.59	-32.33
3496.23	-70.08	-47.34
3509.43	-69.54	-58.28
3522.67	-69.63	-71.88
3535.96	-69.85	-87.60
3549.31	-69.77	-97.66
3562.70	-69.63	-108.05
3576.14	-68.30	-122.57
3589.64	-67.38	-143.90
3603.18	-66.99	-166.41
3616.78	-67.49	176.43
3630.43	-68.09	158.18
3644.13	-68.24	144.85
3657.88	-68.54	133.45
3671.68	-69.04	116.42
3685.54	-69.38	107.23
3699.45	-69.43	101.76
3713.41	-68.94	86.85
3727.42	-68.53	75.89
3741.49	-68.37	64.34
3755.60	-67.67	48.66
3769.78	-68.15	36.20
3784.00	-67.91	22.20
3798.28	-67.84	6.04
3812.61	-67.99	-9.37
3827.00	-68.27	-24.45
3841.44	-68.75	-36.11
3855.94	-68.35	-52.23
3870.49	-68.38	-70.09
3885.09	-68.79	-89.72
3899.75	-69.20	-100.55
3914.47	-69.77	-115.59
3929.24	-69.51	-131.02
3944.07	-68.24	-144.91
3958.95	-68.26	-160.22
3973.89	-67.81	179.89
3988.89	-67.76	160.72
4003.94	-68.10	148.52
4019.05	-68.16	138.79
4034.22	-66.99	126.77
4049.44	-66.35	110.57
4064.72	-66.21	92.91
4080.06	-66.18	72.41
4095.46	-66.69	62.66
4110.91	-66.70	50.74
4126.42	-66.06	37.07
4141.99	-65.61	19.79
4157.62	-65.38	4.63
4173.31	-65.31	-14.65
4189.06	-64.56	-33.49
4204.87	-65.23	-53.51
4220.74	-65.76	-69.75
4236.66	-65.77	-87.26
4252.65	-65.63	-106.42
4268.70	-65.68	-124.08
4284.81	-65.90	-143.17
4300.98	-66.02	-155.76
4317.21	-66.20	-168.44
4333.50	-65.46	177.49
4349.85	-64.38	163.77
4366.26	-63.22	144.44
4382.74	-62.43	122.73
4399.28	-62.49	101.22
4415.88	-62.48	83.01
4432.54	-62.47	61.48
4449.27	-62.89	43.25
4466.06	-63.42	25.56
4482.91	-63.46	9.49
4499.83	-64.15	-6.61
4516.81	-64.65	-18.04
4533.85	-64.08	-30.70
4550.96	-62.96	-48.54
4568.14	-62.45	-67.85
4585.37	-62.04	-87.12
4602.68	-61.84	-109.98
4620.05	-61.36	-131.85
4637.48	-61.37	-152.86
4654.98	-61.20	-174.32
4672.55	-60.96	165.19
4690.18	-61.07	146.59
4707.88	-60.76	126.63
4725.64	-61.10	105.04
4743.48	-61.64	88.86
4761.38	-61.51	73.61
4779.34	-60.63	57.69
4797.38	-59.97	37.26
4815.48	-59.52	14.72
4833.65	-59.93	-9.21
4851.89	-60.52	-31.43
4870.20	-61.05	-49.56
4888.58	-61.02	-65.74
4907.03	-60.40	-86.60
4925.54	-60.04	-111.15
4944.13	-60.33	-134.65
4962.79	-60.77	-154.88
4981.52	-60.40	-174.97
5000.31	-60.01	163.17
5019.18	-60.18	139.00
5038.12	-60.55	118.40
5057.14	-61.12	99.46
5076.22	-61.40	86.35
5095.37	-60.28	71.51
5114.60	-59.73	47.51
5133.90	-60.03	22.63
5153.27	-60.17	3.21
5172.72	-59.76	-18.05
5192.24	-59.96	-45.97
5211.83	-60.70	-67.48
5231.50	-60.84	-89.19
5251.24	-61.73	-113.44
5271.06	-62.39	-130.52
5290.95	-62.25	-150.50
5310.91	-61.98	-169.62
5330.96	-61.58	171.24
5351.07	-60.75	149.83
5371.27	-60.37	127.11
5391.53	-60.11	101.40
5411.88	-60.45	77.27
5432.30	-60.91	55.48
5452.80	-61.18	33.36
5473.38	-61.90	11.09
5494.03	-62.80	-5.47
5514.76	-62.89	-21.94
5535.57	-62.44	-40.81
5556.46	-62.35	-63.68
5577.43	-62.25	-91.38
5598.48	-62.29	-114.50
5619.60	-62.31	-138.58
5640.81	-62.53	-164.89
5662.10	-62.83	174.92
5683.46	-62.43	154.89
5704.91	-62.02	131.35
5726.44	-62.21	109.82
5748.05	-61.64	89.52
5769.74	-61.68	65.13
5791.51	-62.45	41.65
5813.36	-62.79	25.21
5835.30	-62.79	6.87
5857.32	-63.14	-15.96
5879.42	-62.71	-36.89
5901.61	-62.62	-60.68
5923.88	-62.78	-86.40
5946.23	-62.06	-110.64
5968.67	-61.92	-137.40
5991.20	-61.80	-168.34
6013.80	-62.55	165.80
6036.50	-62.63	145.78
6059.28	-62.65	125.61
6082.14	-62.90	105.03
6105.09	-62.19	86.98
6128.13	-61.55	66.11
6151.26	-60.70	43.37
6174.47	-60.74	16.32
6197.77	-60.52	-9.45
6221.16	-60.27	-39.57
6244.63	-60.80	-72.18
6268.20	-61.87	-99.28
6291.85	-62.97	-121.95
6315.59	-63.64	-140.68
6339.42	-63.04	-159.61
6363.35	-61.96	179.97
6387.36	-60.38	152.04
6411.46	-60.26	120.51
6435.66	-60.18	99.89
6459.94	-60.14	72.35
6484.32	-60.31	46.14
6508.79	-60.45	21.59
6533.35	-61.33	-1.67
6558.00	-61.30	-20.64
6582.75	-60.83	-45.14
6607.59	-61.14	-70.86
6632.53	-60.05	-95.71
6657.55	-59.74	-127.83
6682.68	-59.33	-156.92
6707.90	-58.76	175.53
6733.21	-59.01	146.44
6758.62	-58.70	121.39
6784.12	-58.76	95.90
6809.72	-58.62	73.09
6835.42	-58.25	47.10
6861.21	-58.00	24.18
6887.10	-57.69	-0.06
6913.09	-57.03	-28.01
6939.18	-56.91	-59.74
6965.36	-56.92	-86.92
6991.65	-56.13	-116.79
7018.03	-55.78	-147.76
7044.51	-55.68	-178.35
7071.10	-55.85	155.05
7097.78	-54.91	130.02
7124.56	-53.95	100.29
7151.45	-53.49	72.31
7178.44	-52.59	43.19
7205.52	-52.04	9.32
7232.71	-51.65	-25.47
7260.01	-51.98	-60.04
7287.40	-52.31	-90.81
7314.90	-52.27	-121.46
7342.51	-51.68	-151.98
7370.21	-51.05	173.76
7398.03	-50.96	139.98
7425.94	-50.65	106.62
7453.97	-50.67	72.77
7482.09	-51.00	37.61
7510.33	-51.33	5.96
7538.67	-51.75	-26.25
7567.12	-52.07	-59.91
7595.67	-52.66	-94.12
7624.33	-52.83	-125.19
7653.10	-53.45	-158.23
7681.98	-53.58	173.50
7710.97	-53.32	138.46
7740.07	-53.94	106.83
7769.28	-54.17	79.06
7798.60	-54.10	47.58
7828.02	-54.25	15.49
7857.56	-54.70	-16.55
7887.21	-55.68	-50.44
7916.98	-56.67	-79.21
7946.85	-55.85	-106.81
7976.84	-55.95	-139.84
8006.94	-55.39	-175.74
8037.16	-56.04	147.47
8067.49	-56.48	120.68
8097.93	-56.56	96.61
8128.49	-55.25	62.90
8159.16	-56.20	28.10
8189.95	-56.41	3.46
8220.86	-55.29	-29.04
8251.88	-55.23	-68.20
8283.02	-55.82	-106.56
8314.27	-56.02	-139.74
8345.65	-56.71	-173.70
8377.14	-56.00	156.68
8408.75	-55.78	119.37
8440.48	-56.02	90.83
8472.33	-55.14	58.52
8504.30	-54.98	25.16
8536.40	-55.34	-12.17
8568.61	-56.02	-48.62
8600.94	-56.98	-80.93
8633.40	-56.36	-115.12
8665.98	-55.96	-153.08
8698.68	-56.48	174.93
8731.51	-55.39	141.63
8764.46	-55.25	101.99
8797.53	-55.84	69.51
8830.73	-55.72	40.84
8864.05	-55.29	6.52
8897.50	-55.11	-29.70
8931.07	-55.08	-67.75
8964.78	-54.81	-104.68
8998.61	-54.72	-142.78
9032.56	-54.01	179.00
9066.65	-53.44	140.30
9100.86	-53.21	99.86
9135.20	-53.60	62.25
9169.68	-53.59	24.64
9204.28	-53.88	-13.85
9239.01	-53.99	-50.87
9273.88	-53.82	-91.50
9308.87	-53.71	-134.43
9344.00	-54.10	-175.10
9379.26	-53.82	144.82
9414.65	-54.29	104.55
9450.18	-54.97	69.00
9485.84	-54.91	36.25
9521.64	-54.76	-2.81
9557.57	-54.47	-44.75
9593.64	-55.08	-90.32
9629.84	-55.95	-134.57
9666.18	-57.25	-174.26
9702.65	-57.18	151.70
9739.27	-56.93	115.74
9776.02	-56.62	76.29
9812.91	-56.46	35.76
9849.94	-57.80	-7.55
9887.11	-59.09	-44.97
9924.42	-60.47	-81.89
9961.87	-61.12	-118.51
9999.46	-60.60	-153.46
10037.19	-59.75	165.70
10075.07	-59.24	126.37
10113.09	-59.04	85.74
10151.25	-59.55	50.02
10189.55	-59.84	16.61
10228.01	-59.63	-18.74
10266.60	-59.59	-58.13
10305.34	-58.98	-103.97
10344.23	-59.15	-152.55
10383.27	-59.30	167.46
10422.45	-58.66	127.37
10461.78	-58.64	91.56
10501.26	-57.52	55.03
10540.88	-56.74	10.13
10580.66	-57.10	-35.34
10620.59	-57.27	-84.01
10660.66	-58.00	-132.70
10700.89	-58.04	-171.45
10741.27	-56.68	147.44
10781.81	-55.91	101.15
10822.49	-55.73	53.76
10863.33	-56.00	5.34
10904.33	-57.63	-41.25
10945.47	-58.33	-82.09
10986.78	-58.20	-126.46
11028.24	-57.79	-176.35
11069.85	-57.46	133.87
11111.63	-57.90	87.29
11153.56	-58.78	45.39
11195.64	-59.53	6.17
11237.89	-59.87	-35.71
11280.30	-60.13	-83.46
11322.87	-60.35	-131.07
11365.59	-60.11	174.89
11408.48	-60.27	126.21
11451.53	-61.11	86.53
11494.75	-61.26	51.07
11538.12	-61.07	10.42
11581.66	-60.81	-40.42
11625.37	-62.61	-91.75
11669.24	-63.22	-143.50
11713.27	-63.12	178.17
11757.47	-61.55	130.76
11801.84	-61.08	85.04
11846.37	-61.16	39.81
11891.08	-62.23	-6.18
11935.95	-63.18	-49.31
11980.99	-64.05	-98.22
12026.20	-63.51	-149.99
12071.58	-62.87	157.88
12117.14	-62.52	109.72
12162.86	-62.28	68.55
12208.76	-62.77	23.29
12254.83	-63.72	-19.23
12301.07	-63.64	-67.85
12347.49	-64.29	-125.18
12394.08	-63.21	-176.88
12440.85	-62.52	128.37
12487.80	-62.26	81.71
12534.92	-62.87	38.57
12582.23	-63.46	-3.03
12629.71	-63.84	-53.49
12677.37	-64.06	-111.19
12725.20	-64.12	-171.00
12773.22	-63.76	139.03
12821.42	-63.64	93.51
12869.81	-62.96	53.97
12918.37	-62.54	6.01
12967.12	-63.52	-48.92
13016.05	-64.60	-108.83
13065.17	-64.87	-163.23
13114.47	-63.27	145.10
13163.96	-62.17	92.12
13213.64	-62.35	41.25
13263.50	-63.88	-5.80
13313.55	-64.44	-51.68
13363.79	-64.71	-114.82
13414.22	-64.73	-173.54
13464.84	-63.64	132.31
13515.65	-62.94	84.32
13566.65	-62.92	36.48
13617.84	-63.77	-14.90
13669.23	-64.86	-70.48
13720.81	-64.85	-129.79
13772.59	-63.86	165.09
13824.56	-63.63	113.67
13876.73	-62.50	68.46
13929.09	-62.60	18.33
13981.66	-63.87	-41.34
14034.42	-64.88	-97.05
14087.38	-64.57	-163.81
14140.54	-63.04	141.57
14193.90	-62.29	84.85
14247.46	-62.37	34.43
14301.22	-63.26	-17.21
14355.19	-63.98	-78.17
14409.36	-64.24	-144.66
14463.73	-63.77	155.79
14518.31	-62.39	102.06
14573.10	-61.39	48.11
14628.09	-62.48	-9.86
14683.29	-63.92	-69.18
14738.70	-64.74	-128.61
14794.32	-62.73	163.83
14850.15	-61.92	102.08
14906.18	-62.13	46.59
14962.43	-63.08	-4.14
15018.90	-63.63	-61.92
15075.57	-63.60	-133.39
15132.46	-63.11	157.42
15189.56	-62.70	101.91
15246.88	-62.00	47.30
15304.42	-62.26	-11.91
15362.17	-64.03	-77.86
15420.14	-64.72	-147.52
15478.33	-63.71	150.40
15536.74	-62.08	91.08
15595.37	-62.34	33.34
15654.22	-63.73	-25.48
15713.29	-65.15	-86.71
15772.58	-64.20	-162.25
15832.10	-63.07	128.30
15891.85	-62.88	70.16
15951.81	-63.39	15.47
16012.01	-64.41	-44.58
16072.43	-65.01	-119.59
16133.08	-64.76	165.24
16193.96	-63.83	103.28
16255.07	-63.57	49.22
16316.41	-64.25	-9.18
16377.98	-65.33	-78.20
16439.79	-66.23	-156.46
16501.82	-65.18	138.66
16564.09	-63.68	79.22
16626.60	-63.79	19.02
16689.34	-65.73	-43.69
16752.32	-66.96	-113.91
16815.54	-64.97	171.15
16878.99	-63.66	102.14
16942.69	-63.55	42.32
17006.62	-64.07	-16.81
17070.79	-65.05	-91.95
17135.21	-64.81	-175.57
17199.87	-63.52	116.08
17264.78	-63.01	58.63
17329.93	-63.16	-5.01
17395.32	-64.37	-83.06
17460.97	-65.31	-164.39
17526.86	-63.40	127.87
17593.00	-61.93	60.89
17659.38	-63.10	-8.49
17726.02	-65.46	-79.81
17792.91	-64.63	-158.45
17860.06	-62.95	122.93
17927.45	-62.70	55.84
17995.10	-63.70	-6.61
18063.01	-64.69	-80.18
18131.17	-64.30	-168.27
18199.59	-63.29	113.64
18268.27	-62.87	52.02
18337.21	-63.12	-16.25
18406.40	-64.93	-99.27
18475.86	-64.73	174.50
18545.58	-62.73	102.12
18615.56	-62.56	30.58
18685.81	-64.75	-43.46
18756.32	-66.12	-126.69
18827.10	-64.30	145.51
18898.15	-63.74	71.60
18969.46	-64.54	6.80
19041.04	-66.81	-71.14
19112.90	-67.61	-167.41
19185.02	-65.53	113.43
19257.42	-65.52	47.34
19330.09	-67.20	-16.21
19403.03	-69.93	-107.87
19476.25	-68.88	152.94
19549.74	-66.98	85.15
19623.51	-67.17	20.86
19697.56	-70.47	-53.88
19771.89	-72.48	-155.33
19846.51	-68.62	118.28
19921.40	-67.97	53.37
19996.57	-70.49	-7.38
20072.03	-75.01	-100.45
20147.78	-72.11	149.76
20223.80	-69.16	80.28
20300.12	-70.15	25.66
20376.72	-73.80	-46.03
20453.62	-75.85	-174.77
20530.80	-71.07	102.60
20608.28	-69.87	47.12
20686.04	-72.99	-19.16
20764.10	-78.13	-128.98
20842.46	-72.62	124.23
20921.11	-69.89	59.81
21000.06	-72.18	0.20
21079.30	-78.37	-103.80
21158.85	-73.80	125.14
21238.69	-71.30	66.84
21318.84	-72.87	13.55
21399.29	-82.11	-86.71
21480.04	-75.90	124.38
21561.09	-72.45	71.36
21642.46	-74.22	19.53
21724.12	-83.01	154.19
21806.10	-76.48	112.30
21888.39	-73.14	61.04
21970.99	-76.26	18.32
22053.89	-84.73	64.17
22137.12	-75.36	89.30
22220.65	-74.44	47.35
22304.50	-80.01	26.78
