Freq[Hz]	[dBV]	Phase[Deg]
10.00	-60.51	-27.02
10.04	-60.48	-26.13
10.08	-60.45	-25.20
10.11	-60.41	-24.26
10.15	-60.38	-23.29
10.19	-60.34	-22.29
10.23	-60.31	-21.28
10.27	-60.27	-20.25
10.31	-60.23	-19.20
10.34	-60.19	-18.13
10.38	-60.15	-17.04
10.42	-60.11	-15.94
10.46	-60.07	-14.82
10.50	-60.02	-13.69
10.54	-59.98	-12.55
10.58	-59.93	-11.40
10.62	-59.89	-10.24
10.66	-59.84	-9.07
10.70	-59.80	-7.89
10.74	-59.75	-6.71
10.78	-59.70	-5.53
10.82	-59.65	-4.34
10.86	-59.60	-3.16
10.90	-59.55	-1.97
10.95	-59.50	-0.79
10.99	-59.45	0.39
11.03	-59.40	1.57
11.07	-59.35	2.73
11.11	-59.30	3.89
11.15	-59.25	5.04
11.20	-59.20	6.17
11.24	-59.15	7.29
11.28	-59.11	8.39
11.32	-59.06	9.48
11.37	-59.01	10.54
11.41	-58.96	11.58
11.45	-58.91	12.60
11.50	-58.87	13.59
11.54	-58.82	14.56
11.58	-58.77	15.49
11.63	-58.73	16.39
11.67	-58.69	17.25
11.71	-58.65	18.08
11.76	-58.60	18.86
11.80	-58.56	19.61
11.85	-58.53	20.32
11.89	-58.49	20.99
11.94	-58.45	21.62
11.98	-58.42	22.21
12.03	-58.38	22.76
12.07	-58.35	23.28
12.12	-58.32	23.75
12.16	-58.29	24.19
12.21	-58.26	24.59
12.26	-58.23	24.96
12.30	-58.20	25.29
12.35	-58.17	25.58
12.39	-58.15	25.84
12.44	-58.12	26.06
12.49	-58.10	26.25
12.54	-58.08	26.41
12.58	-58.05	26.53
12.63	-58.03	26.62
12.68	-58.01	26.67
12.73	-57.99	26.69
12.77	-57.97	26.69
12.82	-57.96	26.65
12.87	-57.94	26.58
12.92	-57.92	26.48
12.97	-57.90	26.35
13.02	-57.89	26.19
13.07	-57.87	26.01
13.12	-57.86	25.80
13.16	-57.84	25.56
13.21	-57.83	25.30
13.26	-57.82	25.01
13.31	-57.80	24.70
13.36	-57.79	24.36
13.41	-57.78	24.00
13.47	-57.77	23.62
13.52	-57.76	23.22
13.57	-57.74	22.80
13.62	-57.73	22.36
13.67	-57.72	21.90
13.72	-57.71	21.43
13.77	-57.70	20.94
13.83	-57.69	20.43
13.88	-57.68	19.91
13.93	-57.67	19.37
13.98	-57.65	18.83
14.04	-57.64	18.27
14.09	-57.63	17.70
14.14	-57.62	17.13
14.19	-57.60	16.54
14.25	-57.59	15.95
14.30	-57.58	15.36
14.36	-57.56	14.76
14.41	-57.55	14.16
14.46	-57.53	13.56
14.52	-57.51	12.95
14.57	-57.50	12.35
14.63	-57.48	11.75
14.68	-57.46	11.16
14.74	-57.44	10.57
14.80	-57.42	9.99
14.85	-57.40	9.41
14.91	-57.37	8.83
14.96	-57.35	8.26
15.02	-57.32	7.70
15.08	-57.30	7.14
15.13	-57.27	6.59
15.19	-57.24	6.04
15.25	-57.21	5.49
15.31	-57.18	4.95
15.36	-57.15	4.42
15.42	-57.12	3.89
15.48	-57.08	3.36
15.54	-57.05	2.85
15.60	-57.01	2.33
15.66	-56.97	1.82
15.71	-56.94	1.32
15.77	-56.90	0.82
15.83	-56.85	0.33
15.89	-56.81	-0.16
15.95	-56.77	-0.65
16.01	-56.72	-1.12
16.07	-56.68	-1.60
16.13	-56.63	-2.06
16.19	-56.58	-2.53
16.26	-56.53	-2.99
16.32	-56.48	-3.44
16.38	-56.43	-3.88
16.44	-56.37	-4.33
16.50	-56.32	-4.76
16.56	-56.26	-5.20
16.63	-56.21	-5.62
16.69	-56.15	-6.04
16.75	-56.08	-6.46
16.82	-56.02	-6.87
16.88	-55.96	-7.28
16.94	-55.89	-7.68
17.01	-55.83	-8.07
17.07	-55.76	-8.46
17.14	-55.69	-8.85
17.20	-55.62	-9.23
17.27	-55.55	-9.61
17.33	-55.47	-9.98
17.40	-55.40	-10.34
17.46	-55.32	-10.70
17.53	-55.24	-11.06
17.59	-55.16	-11.41
17.66	-55.08	-11.76
17.73	-54.99	-12.10
17.79	-54.91	-12.43
17.86	-54.82	-12.76
17.93	-54.73	-13.09
18.00	-54.64	-13.41
18.06	-54.55	-13.72
18.13	-54.46	-14.03
18.20	-54.36	-14.34
18.27	-54.27	-14.64
18.34	-54.17	-14.93
18.41	-54.07	-15.22
18.48	-53.97	-15.50
18.55	-53.87	-15.78
18.62	-53.77	-16.06
18.69	-53.67	-16.32
18.76	-53.57	-16.58
18.83	-53.47	-16.84
18.90	-53.36	-17.09
18.97	-53.26	-17.33
19.04	-53.15	-17.57
19.11	-53.04	-17.81
19.19	-52.94	-18.03
19.26	-52.83	-18.25
19.33	-52.72	-18.47
19.40	-52.61	-18.68
19.48	-52.50	-18.88
19.55	-52.40	-19.08
19.62	-52.29	-19.27
19.70	-52.18	-19.46
19.77	-52.07	-19.64
19.85	-51.96	-19.81
19.92	-51.85	-19.98
20.00	-51.74	-20.14
20.07	-51.64	-20.29
20.15	-51.53	-20.44
20.22	-51.42	-20.58
20.30	-51.32	-20.72
20.38	-51.21	-20.84
20.45	-51.11	-20.97
20.53	-51.00	-21.08
20.61	-50.90	-21.19
20.69	-50.80	-21.30
20.77	-50.70	-21.39
20.84	-50.60	-21.49
20.92	-50.50	-21.57
21.00	-50.40	-21.65
21.08	-50.30	-21.73
21.16	-50.20	-21.80
21.24	-50.10	-21.87
21.32	-50.01	-21.93
21.40	-49.91	-21.99
21.48	-49.82	-22.05
21.56	-49.72	-22.10
21.64	-49.63	-22.15
21.73	-49.53	-22.20
21.81	-49.44	-22.24
21.89	-49.34	-22.29
21.97	-49.25	-22.33
22.06	-49.15	-22.37
22.14	-49.06	-22.41
22.22	-48.97	-22.45
22.31	-48.87	-22.49
22.39	-48.78	-22.53
22.47	-48.68	-22.58
22.56	-48.59	-22.62
22.64	-48.49	-22.66
22.73	-48.39	-22.71
22.82	-48.30	-22.76
22.90	-48.20	-22.81
22.99	-48.10	-22.87
23.07	-48.00	-22.93
23.16	-47.90	-23.00
23.25	-47.80	-23.07
23.34	-47.70	-23.14
23.43	-47.59	-23.22
23.51	-47.49	-23.31
23.60	-47.38	-23.41
23.69	-47.27	-23.51
23.78	-47.17	-23.61
23.87	-47.06	-23.73
23.96	-46.95	-23.85
24.05	-46.83	-23.97
24.14	-46.72	-24.10
24.23	-46.61	-24.24
24.32	-46.49	-24.38
24.42	-46.38	-24.53
24.51	-46.26	-24.68
24.60	-46.14	-24.84
24.69	-46.02	-25.00
24.79	-45.91	-25.16
24.88	-45.79	-25.33
24.97	-45.67	-25.51
25.07	-45.55	-25.68
25.16	-45.43	-25.87
25.26	-45.31	-26.05
25.35	-45.19	-26.24
25.45	-45.07	-26.43
25.54	-44.95	-26.62
25.64	-44.82	-26.82
25.74	-44.70	-27.02
25.84	-44.58	-27.22
25.93	-44.46	-27.42
26.03	-44.34	-27.62
26.13	-44.22	-27.83
26.23	-44.10	-28.04
26.33	-43.98	-28.24
26.43	-43.86	-28.45
26.53	-43.75	-28.66
26.63	-43.63	-28.87
26.73	-43.51	-29.07
26.83	-43.40	-29.28
26.93	-43.28	-29.50
27.03	-43.17	-29.71
27.13	-43.05	-29.92
27.23	-42.94	-30.14
27.34	-42.82	-30.36
27.44	-42.71	-30.58
27.54	-42.59	-30.80
27.65	-42.48	-31.03
27.75	-42.37	-31.26
27.86	-42.25	-31.50
27.96	-42.14	-31.73
28.07	-42.03	-31.97
28.17	-41.91	-32.22
28.28	-41.80	-32.47
28.39	-41.68	-32.73
28.49	-41.57	-32.99
28.60	-41.46	-33.25
28.71	-41.34	-33.53
28.82	-41.22	-33.81
28.93	-41.11	-34.09
29.03	-40.99	-34.38
29.14	-40.87	-34.68
29.25	-40.75	-34.99
29.36	-40.63	-35.31
29.48	-40.51	-35.63
29.59	-40.39	-35.96
29.70	-40.27	-36.30
29.81	-40.15	-36.65
29.92	-40.02	-37.01
30.04	-39.90	-37.37
30.15	-39.77	-37.75
30.26	-39.65	-38.13
30.38	-39.52	-38.52
30.49	-39.39	-38.92
30.61	-39.26	-39.33
30.72	-39.14	-39.75
30.84	-39.01	-40.18
30.95	-38.87	-40.61
31.07	-38.74	-41.06
31.19	-38.61	-41.51
31.31	-38.48	-41.98
31.42	-38.35	-42.45
31.54	-38.21	-42.94
31.66	-38.08	-43.43
31.78	-37.94	-43.93
31.90	-37.81	-44.45
32.02	-37.67	-44.97
32.14	-37.53	-45.51
32.26	-37.40	-46.05
32.39	-37.26	-46.60
32.51	-37.12	-47.17
32.63	-36.98	-47.74
32.75	-36.84	-48.33
32.88	-36.70	-48.93
33.00	-36.56	-49.54
33.13	-36.42	-50.16
33.25	-36.28	-50.79
33.38	-36.14	-51.44
33.50	-36.00	-52.09
33.63	-35.86	-52.76
33.76	-35.72	-53.44
33.88	-35.57	-54.14
34.01	-35.43	-54.85
34.14	-35.29	-55.57
34.27	-35.15	-56.30
34.40	-35.01	-57.05
34.53	-34.87	-57.82
34.66	-34.72	-58.60
34.79	-34.58	-59.39
34.92	-34.44	-60.20
35.05	-34.30	-61.02
35.18	-34.16	-61.86
35.32	-34.01	-62.71
35.45	-33.87	-63.58
35.58	-33.73	-64.47
35.72	-33.59	-65.37
35.85	-33.45	-66.29
35.99	-33.32	-67.23
36.12	-33.18	-68.18
36.26	-33.04	-69.15
36.40	-32.91	-70.14
36.53	-32.77	-71.14
36.67	-32.64	-72.16
36.81	-32.51	-73.20
36.95	-32.38	-74.25
37.09	-32.26	-75.32
37.23	-32.13	-76.41
37.37	-32.01	-77.52
37.51	-31.89	-78.64
37.65	-31.77	-79.79
37.79	-31.66	-80.95
37.94	-31.55	-82.12
38.08	-31.44	-83.32
38.22	-31.34	-84.54
38.37	-31.23	-85.77
38.51	-31.14	-87.02
38.66	-31.04	-88.28
38.80	-30.95	-89.56
38.95	-30.86	-90.85
39.10	-30.78	-92.15
39.24	-30.70	-93.47
39.39	-30.62	-94.79
39.54	-30.55	-96.12
39.69	-30.48	-97.46
39.84	-30.42	-98.81
39.99	-30.36	-100.16
40.14	-30.30	-101.51
40.29	-30.25	-102.87
40.45	-30.21	-104.22
40.60	-30.16	-105.58
40.75	-30.13	-106.93
40.90	-30.09	-108.28
41.06	-30.06	-109.63
41.21	-30.04	-110.97
41.37	-30.02	-112.30
41.53	-30.01	-113.62
41.68	-29.99	-114.94
41.84	-29.99	-116.24
42.00	-29.99	-117.54
42.16	-29.99	-118.82
42.32	-29.99	-120.10
42.47	-30.00	-121.35
42.63	-30.01	-122.60
42.80	-30.02	-123.83
42.96	-30.04	-125.04
43.12	-30.06	-126.24
43.28	-30.08	-127.42
43.45	-30.11	-128.58
43.61	-30.13	-129.72
43.77	-30.16	-130.84
43.94	-30.19	-131.94
44.10	-30.22	-133.01
44.27	-30.26	-134.07
44.44	-30.29	-135.10
44.61	-30.32	-136.10
44.77	-30.36	-137.09
44.94	-30.40	-138.05
45.11	-30.43	-139.00
45.28	-30.47	-139.92
45.45	-30.51	-140.82
45.63	-30.55	-141.70
45.80	-30.59	-142.56
45.97	-30.63	-143.40
46.14	-30.67	-144.22
46.32	-30.71	-145.02
46.49	-30.75	-145.80
46.67	-30.79	-146.57
46.84	-30.83	-147.32
47.02	-30.87	-148.05
47.20	-30.91	-148.76
47.38	-30.95	-149.46
47.56	-30.99	-150.14
47.74	-31.03	-150.80
47.92	-31.06	-151.45
48.10	-31.10	-152.09
48.28	-31.14	-152.71
48.46	-31.17	-153.32
48.64	-31.21	-153.92
48.83	-31.24	-154.50
49.01	-31.28	-155.07
49.20	-31.31	-155.64
49.38	-31.35	-156.19
49.57	-31.38	-156.74
49.75	-31.41	-157.27
49.94	-31.44	-157.80
50.13	-31.47	-158.32
50.32	-31.50	-158.83
50.51	-31.53	-159.34
50.70	-31.56	-159.84
50.89	-31.59	-160.33
51.08	-31.61	-160.82
51.28	-31.64	-161.30
51.47	-31.66	-161.77
51.66	-31.69	-162.24
51.86	-31.71	-162.70
52.05	-31.73	-163.16
52.25	-31.75	-163.61
52.45	-31.77	-164.06
52.65	-31.79	-164.50
52.85	-31.80	-164.94
53.04	-31.82	-165.38
53.24	-31.83	-165.81
53.45	-31.84	-166.24
53.65	-31.85	-166.66
53.85	-31.86	-167.08
54.05	-31.87	-167.50
54.26	-31.87	-167.91
54.46	-31.88	-168.31
54.67	-31.88	-168.71
54.87	-31.89	-169.10
55.08	-31.89	-169.49
55.29	-31.89	-169.87
55.50	-31.89	-170.25
55.71	-31.88	-170.62
55.92	-31.88	-170.98
56.13	-31.87	-171.34
56.34	-31.87	-171.70
56.55	-31.86	-172.04
56.77	-31.85	-172.39
56.98	-31.84	-172.73
57.19	-31.83	-173.06
57.41	-31.82	-173.40
57.63	-31.81	-173.73
57.84	-31.80	-174.06
58.06	-31.78	-174.38
58.28	-31.77	-174.71
58.50	-31.75	-175.03
58.72	-31.74	-175.35
58.94	-31.72	-175.68
59.17	-31.71	-176.00
59.39	-31.69	-176.32
59.61	-31.67	-176.65
59.84	-31.65	-176.98
60.06	-31.63	-177.31
60.29	-31.61	-177.64
60.52	-31.58	-177.97
60.75	-31.56	-178.31
60.98	-31.54	-178.65
61.21	-31.51	-179.00
61.44	-31.48	-179.35
61.67	-31.45	-179.70
61.90	-31.42	179.94
62.14	-31.39	179.58
62.37	-31.35	179.21
62.61	-31.31	178.83
62.84	-31.28	178.46
63.08	-31.24	178.08
63.32	-31.19	177.70
63.56	-31.15	177.31
63.80	-31.10	176.93
64.04	-31.06	176.54
64.28	-31.01	176.15
64.52	-30.95	175.76
64.76	-30.90	175.36
65.01	-30.84	174.97
65.25	-30.79	174.58
65.50	-30.73	174.18
65.75	-30.66	173.78
66.00	-30.60	173.38
66.24	-30.54	172.97
66.49	-30.47	172.56
66.75	-30.40	172.14
67.00	-30.33	171.72
67.25	-30.26	171.29
67.50	-30.19	170.85
67.76	-30.11	170.41
68.01	-30.04	169.96
68.27	-29.96	169.50
68.53	-29.88	169.03
68.79	-29.80	168.55
69.05	-29.72	168.06
69.31	-29.64	167.55
69.57	-29.55	167.04
69.83	-29.46	166.51
70.09	-29.37	165.96
70.36	-29.27	165.40
70.62	-29.18	164.82
70.89	-29.08	164.23
71.16	-28.98	163.62
71.43	-28.87	163.00
71.70	-28.76	162.35
71.97	-28.65	161.69
72.24	-28.54	161.02
72.51	-28.42	160.32
72.79	-28.30	159.60
73.06	-28.18	158.87
73.34	-28.05	158.12
73.61	-27.92	157.35
73.89	-27.79	156.55
74.17	-27.66	155.73
74.45	-27.52	154.88
74.73	-27.38	154.01
75.01	-27.24	153.10
75.29	-27.10	152.16
75.58	-26.95	151.18
75.86	-26.80	150.16
76.15	-26.65	149.10
76.44	-26.50	147.99
76.73	-26.35	146.84
77.02	-26.19	145.63
77.31	-26.04	144.37
77.60	-25.88	143.04
77.89	-25.72	141.66
78.18	-25.56	140.21
78.48	-25.40	138.68
78.78	-25.24	137.08
79.07	-25.08	135.40
79.37	-24.92	133.64
79.67	-24.77	131.79
79.97	-24.61	129.86
80.27	-24.46	127.85
80.58	-24.31	125.74
80.88	-24.17	123.55
81.19	-24.04	121.27
81.49	-23.91	118.91
81.80	-23.80	116.45
82.11	-23.70	113.91
82.42	-23.62	111.28
82.73	-23.55	108.57
83.04	-23.49	105.80
83.35	-23.45	102.97
83.67	-23.43	100.10
83.99	-23.43	97.20
84.30	-23.45	94.28
84.62	-23.49	91.35
84.94	-23.56	88.43
85.26	-23.64	85.52
85.58	-23.75	82.65
85.90	-23.88	79.81
86.23	-24.02	77.01
86.55	-24.18	74.28
86.88	-24.36	71.60
87.21	-24.55	69.00
87.54	-24.76	66.49
87.87	-24.97	64.07
88.20	-25.20	61.76
88.53	-25.43	59.55
88.87	-25.66	57.45
89.20	-25.90	55.44
89.54	-26.15	53.52
89.88	-26.40	51.70
90.22	-26.66	49.96
90.56	-26.91	48.31
90.90	-27.17	46.73
91.24	-27.43	45.24
91.59	-27.69	43.81
91.93	-27.94	42.45
92.28	-28.20	41.16
92.63	-28.45	39.93
92.98	-28.71	38.75
93.33	-28.96	37.62
93.68	-29.21	36.53
94.03	-29.46	35.49
94.39	-29.70	34.48
94.74	-29.94	33.51
95.10	-30.18	32.58
95.46	-30.42	31.69
95.82	-30.65	30.84
96.18	-30.88	30.03
96.54	-31.10	29.25
96.91	-31.32	28.51
97.27	-31.54	27.80
97.64	-31.76	27.13
98.01	-31.97	26.48
98.38	-32.18	25.87
98.75	-32.39	25.27
99.12	-32.59	24.70
99.50	-32.80	24.15
99.87	-33.01	23.61
100.25	-33.21	23.08
100.63	-33.41	22.56
101.01	-33.62	22.05
101.39	-33.82	21.56
101.77	-34.01	21.07
102.16	-34.21	20.58
102.54	-34.40	20.11
102.93	-34.58	19.63
103.32	-34.76	19.16
103.71	-34.94	18.71
104.10	-35.11	18.26
104.49	-35.28	17.83
104.88	-35.45	17.42
105.28	-35.62	17.03
105.68	-35.78	16.67
106.08	-35.95	16.33
106.48	-36.11	16.01
106.88	-36.28	15.70
107.28	-36.44	15.40
107.69	-36.61	15.09
108.09	-36.77	14.78
108.50	-36.93	14.45
108.91	-37.10	14.11
109.32	-37.26	13.75
109.73	-37.42	13.39
110.15	-37.58	13.02
110.56	-37.74	12.66
110.98	-37.89	12.31
111.40	-38.04	11.98
111.82	-38.18	11.67
112.24	-38.32	11.37
112.67	-38.46	11.10
113.09	-38.59	10.85
113.52	-38.73	10.60
113.95	-38.87	10.38
114.38	-39.01	10.16
114.81	-39.16	9.96
115.24	-39.31	9.76
115.68	-39.46	9.55
116.11	-39.60	9.34
116.55	-39.75	9.11
116.99	-39.89	8.85
117.43	-40.03	8.57
117.87	-40.16	8.27
118.32	-40.29	7.95
118.77	-40.42	7.62
119.21	-40.54	7.31
119.66	-40.65	7.01
120.12	-40.77	6.76
120.57	-40.89	6.54
121.02	-41.01	6.36
121.48	-41.12	6.20
121.94	-41.24	6.06
122.40	-41.36	5.91
122.86	-41.49	5.75
123.32	-41.61	5.56
123.79	-41.73	5.34
124.26	-41.86	5.10
124.73	-41.98	4.85
125.20	-42.10	4.59
125.67	-42.22	4.34
126.14	-42.33	4.09
126.62	-42.43	3.85
127.10	-42.53	3.64
127.58	-42.62	3.45
128.06	-42.72	3.28
128.54	-42.82	3.15
129.03	-42.92	3.06
129.51	-43.03	3.00
130.00	-43.15	2.95
130.49	-43.27	2.90
130.98	-43.39	2.83
131.48	-43.51	2.72
131.98	-43.63	2.54
132.47	-43.74	2.29
132.97	-43.84	2.00
133.48	-43.95	1.70
133.98	-44.05	1.41
134.48	-44.14	1.17
134.99	-44.23	1.00
135.50	-44.32	0.90
136.01	-44.41	0.87
136.53	-44.50	0.86
137.04	-44.59	0.84
137.56	-44.70	0.80
138.08	-44.81	0.70
138.60	-44.93	0.54
139.12	-45.05	0.34
139.65	-45.17	0.10
140.17	-45.28	-0.14
140.70	-45.39	-0.39
141.23	-45.48	-0.62
141.77	-45.56	-0.83
142.30	-45.63	-1.02
142.84	-45.71	-1.17
143.38	-45.79	-1.29
143.92	-45.89	-1.37
144.46	-45.99	-1.43
145.01	-46.11	-1.49
145.55	-46.22	-1.58
146.10	-46.33	-1.73
146.65	-46.43	-1.98
147.21	-46.53	-2.32
147.76	-46.61	-2.70
148.32	-46.69	-3.09
148.88	-46.76	-3.42
149.44	-46.83	-3.65
150.01	-46.90	-3.73
150.57	-46.97	-3.72
151.14	-47.04	-3.66
151.71	-47.12	-3.62
152.28	-47.21	-3.65
152.86	-47.31	-3.81
153.43	-47.42	-4.06
154.01	-47.53	-4.37
154.59	-47.63	-4.69
155.18	-47.71	-4.96
155.76	-47.78	-5.14
156.35	-47.83	-5.23
156.94	-47.89	-5.25
157.53	-47.94	-5.22
158.13	-48.02	-5.15
158.72	-48.12	-5.07
159.32	-48.24	-5.00
159.93	-48.37	-4.98
160.53	-48.50	-5.01
161.13	-48.61	-5.14
161.74	-48.70	-5.38
162.35	-48.78	-5.69
162.97	-48.85	-6.00
163.58	-48.92	-6.25
164.20	-48.99	-6.39
164.82	-49.09	-6.39
165.44	-49.19	-6.33
166.06	-49.30	-6.29
166.69	-49.41	-6.36
167.32	-49.52	-6.64
167.95	-49.62	-7.10
168.58	-49.71	-7.65
169.22	-49.80	-8.18
169.86	-49.87	-8.57
170.50	-49.93	-8.74
171.14	-49.98	-8.74
171.79	-50.03	-8.67
172.44	-50.10	-8.65
173.09	-50.18	-8.77
173.74	-50.27	-9.07
174.40	-50.37	-9.48
175.06	-50.46	-9.92
175.72	-50.53	-10.31
176.38	-50.56	-10.57
177.04	-50.56	-10.72
177.71	-50.57	-10.79
178.38	-50.59	-10.82
179.06	-50.65	-10.85
179.73	-50.76	-10.90
180.41	-50.88	-10.99
181.09	-50.99	-11.13
181.77	-51.07	-11.35
182.46	-51.10	-11.62
183.15	-51.11	-11.89
183.84	-51.11	-12.06
184.53	-51.14	-12.07
185.23	-51.22	-11.86
185.93	-51.34	-11.54
186.63	-51.47	-11.28
187.33	-51.59	-11.22
188.04	-51.68	-11.51
188.75	-51.75	-12.05
189.46	-51.80	-12.62
190.18	-51.85	-13.01
190.90	-51.91	-12.99
191.62	-51.98	-12.64
192.34	-52.06	-12.20
193.07	-52.15	-11.92
193.79	-52.25	-12.05
194.53	-52.34	-12.57
195.26	-52.43	-13.21
196.00	-52.50	-13.74
196.74	-52.54	-13.89
197.48	-52.56	-13.68
198.22	-52.59	-13.31
198.97	-52.64	-13.02
199.72	-52.75	-12.99
200.48	-52.89	-13.23
201.23	-53.05	-13.58
201.99	-53.17	-13.90
202.75	-53.25	-14.04
203.52	-53.28	-14.03
204.29	-53.31	-13.97
205.06	-53.37	-13.96
205.83	-53.50	-14.07
206.61	-53.66	-14.31
207.39	-53.82	-14.66
208.17	-53.93	-15.09
208.96	-53.97	-15.57
209.74	-53.97	-16.03
210.54	-53.98	-16.38
211.33	-54.03	-16.57
212.13	-54.12	-16.61
212.93	-54.22	-16.64
213.73	-54.30	-16.80
214.54	-54.32	-17.21
215.35	-54.30	-17.71
216.16	-54.27	-18.06
216.98	-54.28	-18.00
217.80	-54.33	-17.46
218.62	-54.42	-16.75
219.44	-54.51	-16.27
220.27	-54.59	-16.36
221.10	-54.64	-16.91
221.94	-54.68	-17.49
222.77	-54.72	-17.64
223.61	-54.77	-17.14
224.46	-54.82	-16.41
225.30	-54.88	-15.96
226.15	-54.96	-16.26
227.01	-55.03	-17.18
227.86	-55.10	-18.14
228.72	-55.14	-18.57
229.59	-55.16	-18.22
230.45	-55.17	-17.57
231.32	-55.20	-17.16
232.20	-55.27	-17.44
233.07	-55.36	-18.20
233.95	-55.43	-18.97
234.84	-55.45	-19.25
235.72	-55.41	-19.01
236.61	-55.38	-18.58
237.50	-55.41	-18.36
238.40	-55.51	-18.53
239.30	-55.62	-18.90
240.20	-55.69	-19.21
241.11	-55.67	-19.27
242.02	-55.60	-19.22
242.93	-55.56	-19.28
243.85	-55.62	-19.66
244.77	-55.74	-20.23
245.69	-55.82	-20.73
246.62	-55.79	-20.87
247.55	-55.66	-20.68
248.48	-55.54	-20.43
249.42	-55.55	-20.40
250.36	-55.70	-20.67
251.31	-55.86	-21.07
252.26	-55.90	-21.43
253.21	-55.78	-21.63
254.16	-55.64	-21.70
255.12	-55.62	-21.66
256.09	-55.77	-21.59
257.05	-55.99	-21.68
258.02	-56.12	-22.12
259.00	-56.10	-22.97
259.97	-56.04	-23.96
260.95	-56.03	-24.78
261.94	-56.15	-25.25
262.93	-56.29	-25.61
263.92	-56.32	-26.11
264.92	-56.20	-26.83
265.92	-56.04	-27.51
266.92	-55.99	-27.83
267.93	-56.08	-27.72
268.94	-56.21	-27.59
269.95	-56.23	-27.86
270.97	-56.12	-28.56
271.99	-56.01	-29.26
273.02	-56.02	-29.49
274.05	-56.16	-29.33
275.08	-56.29	-29.34
276.12	-56.32	-30.05
277.16	-56.27	-31.30
278.21	-56.25	-32.47
279.26	-56.33	-33.09
280.31	-56.47	-33.40
281.37	-56.57	-33.90
282.43	-56.57	-34.90
283.50	-56.54	-36.03
284.57	-56.56	-36.84
285.64	-56.65	-37.27
286.72	-56.77	-37.83
287.80	-56.85	-39.04
288.89	-56.91	-40.71
289.98	-57.03	-42.08
291.07	-57.24	-42.59
292.17	-57.49	-42.57
293.27	-57.65	-42.63
294.38	-57.68	-43.00
295.49	-57.70	-43.27
296.61	-57.82	-42.99
297.73	-58.01	-42.36
298.85	-58.12	-42.07
299.98	-58.06	-42.56
301.11	-57.96	-43.24
302.25	-57.98	-43.27
303.39	-58.13	-42.56
304.53	-58.25	-41.98
305.68	-58.18	-42.30
306.83	-58.04	-43.19
307.99	-58.03	-43.92
309.15	-58.19	-44.18
310.32	-58.33	-44.36
311.49	-58.25	-44.87
312.67	-58.08	-45.69
313.85	-58.05	-46.60
315.03	-58.24	-47.52
316.22	-58.43	-48.58
317.41	-58.41	-49.92
318.61	-58.30	-51.50
319.81	-58.33	-53.21
321.02	-58.56	-54.96
322.23	-58.74	-56.67
323.45	-58.71	-58.27
324.67	-58.72	-59.62
325.89	-59.10	-60.60
327.12	-59.79	-61.10
328.36	-60.35	-61.02
329.60	-60.57	-60.36
330.84	-60.78	-59.25
332.09	-61.30	-57.83
333.34	-61.90	-56.04
334.60	-62.11	-53.74
335.86	-61.90	-51.15
337.13	-61.69	-48.84
338.40	-61.70	-47.17
339.68	-61.64	-45.98
340.96	-61.21	-45.13
342.25	-60.72	-45.18
343.54	-60.63	-46.89
344.83	-60.90	-49.33
346.14	-61.04	-50.28
347.44	-60.90	-49.19
348.75	-60.86	-48.25
350.07	-61.17	-48.82
351.39	-61.42	-48.97
352.72	-61.21	-46.71
354.05	-60.86	-43.94
355.38	-60.91	-43.68
356.72	-61.23	-44.99
358.07	-61.25	-44.39
359.42	-60.85	-41.93
360.78	-60.37	-41.45
362.14	-60.03	-44.16
363.51	-59.81	-46.45
364.88	-59.63	-46.06
366.25	-59.46	-45.33
367.64	-59.26	-46.41
369.02	-59.09	-48.09
370.42	-59.00	-48.91
371.81	-58.93	-50.15
373.22	-58.81	-53.54
374.63	-58.72	-57.06
376.04	-58.80	-57.55
377.46	-58.85	-56.68
378.88	-58.52	-58.42
380.31	-58.09	-62.55
381.75	-58.17	-66.27
383.19	-58.62	-69.06
384.63	-58.70	-72.10
386.09	-58.58	-75.82
387.54	-59.06	-79.90
389.00	-60.09	-82.90
390.47	-60.82	-82.67
391.95	-61.10	-80.34
393.43	-61.38	-79.75
394.91	-61.70	-80.64
396.40	-61.78	-79.42
397.90	-61.71	-76.59
399.40	-61.89	-75.64
400.90	-62.26	-75.97
402.42	-62.48	-74.46
403.94	-62.48	-72.74
405.46	-62.39	-74.67
406.99	-62.37	-77.72
408.53	-62.57	-77.13
410.07	-62.77	-74.92
411.61	-62.75	-74.69
413.17	-62.77	-74.40
414.73	-63.07	-71.92
416.29	-63.16	-70.73
417.86	-62.82	-73.19
419.44	-62.83	-75.91
421.02	-63.36	-76.41
422.61	-63.35	-75.17
424.21	-62.86	-73.88
425.81	-63.16	-74.93
427.41	-63.97	-76.42
429.03	-64.00	-74.27
430.65	-63.68	-72.00
432.27	-63.92	-74.13
433.90	-64.27	-74.39
435.54	-64.26	-68.96
437.18	-64.17	-66.20
438.83	-64.15	-67.43
440.49	-64.06	-63.34
442.15	-63.87	-57.04
443.82	-63.57	-58.67
445.49	-63.15	-61.46
447.18	-62.63	-57.48
448.86	-62.24	-54.64
450.56	-62.14	-57.25
452.26	-62.30	-60.36
453.96	-62.41	-61.24
455.68	-62.07	-59.83
457.40	-61.65	-58.95
459.12	-61.59	-59.91
460.85	-61.91	-59.01
462.59	-62.16	-56.87
464.34	-61.71	-57.92
466.09	-61.29	-59.30
467.85	-61.51	-57.67
469.62	-61.16	-56.50
471.39	-60.37	-56.42
473.17	-60.57	-54.74
474.95	-60.78	-53.27
476.74	-60.01	-53.94
478.54	-59.70	-54.40
480.35	-59.85	-52.69
482.16	-59.29	-48.80
483.98	-58.75	-47.64
485.81	-58.71	-49.98
487.64	-58.34	-48.40
489.48	-57.62	-45.01
491.33	-56.96	-44.68
493.18	-56.48	-43.37
495.04	-55.95	-40.75
496.91	-55.05	-40.14
498.79	-54.13	-39.28
500.67	-53.24	-37.05
502.56	-51.89	-35.77
504.45	-50.36	-35.53
506.36	-48.87	-35.49
508.27	-46.96	-35.29
510.19	-44.68	-37.60
512.11	-41.92	-43.12
514.04	-37.80	-47.76
515.98	-33.46	-75.19
517.93	-31.59	-136.37
519.89	-34.78	-176.47
521.85	-39.87	171.87
523.82	-42.56	166.75
525.79	-44.51	162.97
527.78	-46.34	160.46
529.77	-47.73	159.50
531.77	-48.82	158.03
533.78	-49.81	156.82
535.79	-50.76	156.75
537.81	-51.51	156.26
539.84	-52.16	155.18
541.88	-52.83	154.22
543.92	-53.44	153.90
545.98	-53.90	153.20
548.04	-54.31	152.48
550.10	-54.83	152.90
552.18	-55.33	152.54
554.26	-55.71	150.91
556.35	-56.00	149.38
558.45	-56.44	149.60
560.56	-56.69	149.12
562.68	-56.85	147.51
564.80	-57.34	147.23
566.93	-57.50	147.49
569.07	-57.67	146.78
571.22	-58.20	145.32
573.37	-58.41	145.12
575.54	-58.55	144.00
577.71	-58.86	142.24
579.89	-59.21	142.10
582.08	-59.38	143.47
584.27	-59.71	142.72
586.48	-59.99	141.63
588.69	-59.85	142.82
590.91	-59.81	141.82
593.14	-59.94	142.71
595.38	-59.86	143.48
597.63	-59.53	140.49
599.88	-59.59	138.47
602.15	-59.54	137.39
604.42	-59.67	134.24
606.70	-60.03	129.81
608.99	-59.95	128.19
611.29	-60.14	125.89
613.59	-60.67	122.15
615.91	-61.09	119.73
618.23	-61.40	117.88
620.57	-62.18	112.92
622.91	-63.06	116.88
625.26	-66.84	111.30
627.62	-68.69	139.78
629.99	-62.53	-157.86
632.36	-55.93	162.97
634.75	-55.88	129.20
637.15	-57.93	120.48
639.55	-58.67	114.99
641.96	-59.15	110.67
644.39	-59.70	107.35
646.82	-60.26	107.13
649.26	-60.59	105.14
651.71	-60.79	102.79
654.17	-60.90	102.50
656.64	-61.13	101.41
659.11	-61.68	98.45
661.60	-61.60	99.78
664.10	-61.53	96.88
666.60	-61.91	95.30
669.12	-62.10	96.22
671.64	-62.12	93.62
674.18	-62.36	90.76
676.72	-62.08	93.02
679.28	-62.15	88.85
681.84	-62.64	88.15
684.41	-62.49	87.80
687.00	-62.57	84.21
689.59	-62.97	83.07
692.19	-63.02	82.56
694.80	-63.20	78.48
697.42	-63.39	79.35
700.06	-63.45	79.18
702.70	-63.52	74.69
705.35	-64.03	75.83
708.01	-63.94	76.74
710.68	-63.85	74.50
713.36	-64.09	75.25
716.06	-63.89	75.53
718.76	-63.78	73.32
721.47	-64.02	72.78
724.19	-63.73	69.80
726.93	-63.92	67.69
729.67	-64.06	70.03
732.42	-63.79	67.72
735.19	-63.89	64.98
737.96	-63.59	63.59
740.75	-63.81	59.93
743.54	-64.08	57.22
746.35	-63.62	56.08
749.16	-63.80	53.10
751.99	-64.13	54.06
754.83	-64.05	50.96
757.68	-64.45	48.22
760.54	-64.76	48.87
763.41	-64.84	47.38
766.29	-65.30	47.31
769.18	-65.20	49.31
772.08	-65.18	47.10
774.99	-65.04	46.97
777.92	-64.90	43.85
780.85	-64.69	42.86
783.80	-64.93	39.62
786.76	-65.32	42.28
789.73	-64.82	40.01
792.71	-65.68	41.16
795.70	-66.04	47.98
798.70	-66.25	52.14
801.71	-65.59	65.06
804.74	-62.48	82.23
807.78	-56.95	70.58
810.83	-56.06	30.16
813.88	-58.16	12.99
816.96	-59.98	9.10
820.04	-60.66	7.20
823.13	-60.95	6.21
826.24	-61.01	4.07
829.36	-61.04	0.61
832.49	-61.17	-9.47
835.63	-62.90	-9.97
838.78	-63.13	-7.62
841.95	-63.09	-9.29
845.12	-63.61	-12.98
848.31	-63.95	-17.32
851.51	-64.55	-17.89
854.73	-64.33	-17.01
857.95	-65.79	-20.69
861.19	-65.54	-19.70
864.44	-65.61	-19.56
867.70	-66.50	-19.47
870.98	-66.27	-19.65
874.26	-66.42	-16.47
877.56	-66.47	-14.85
880.87	-66.05	-16.04
884.20	-66.50	-14.86
887.53	-66.32	-15.46
890.88	-66.52	-17.64
894.25	-66.70	-14.02
897.62	-65.93	-17.54
901.01	-66.21	-15.14
904.41	-65.56	-15.08
907.82	-65.77	-17.01
911.25	-65.66	-11.71
914.68	-64.72	-15.65
918.14	-64.45	-16.88
921.60	-63.90	-22.33
925.08	-64.02	-23.54
928.57	-63.47	-26.58
932.07	-63.14	-32.90
935.59	-63.45	-37.75
939.12	-63.57	-41.87
942.67	-64.18	-44.57
946.22	-63.97	-45.79
949.79	-64.24	-49.60
953.38	-64.47	-49.99
956.97	-65.19	-54.57
960.59	-65.34	-54.12
964.21	-64.98	-53.39
967.85	-65.78	-56.72
971.50	-66.20	-59.37
975.17	-66.70	-59.02
978.85	-68.32	-58.99
982.54	-72.10	-48.25
986.25	-63.19	33.51
989.97	-59.56	-20.38
993.71	-60.79	-41.80
997.46	-61.56	-47.84
1001.22	-61.66	-52.25
1005.00	-61.47	-53.27
1008.79	-61.10	-54.54
1012.60	-60.57	-55.03
1016.42	-59.77	-56.67
1020.25	-58.41	-58.99
1024.10	-55.81	-64.14
1027.97	-53.15	-73.22
1031.85	-50.23	-130.35
1035.74	-56.86	179.77
1039.65	-61.41	178.04
1043.57	-66.17	-177.11
1047.51	-69.86	-167.43
1051.46	-71.18	-158.31
1055.43	-74.09	-143.03
1059.41	-75.53	-125.51
1063.41	-75.32	-115.82
1067.43	-74.73	-96.71
1071.45	-73.41	-90.36
1075.50	-72.36	-80.89
1079.55	-72.80	-70.53
1083.63	-70.88	-70.49
1087.72	-70.16	-68.23
1091.82	-68.65	-64.26
1095.94	-68.52	-66.40
1100.08	-67.25	-65.47
1104.23	-66.53	-65.21
1108.40	-65.37	-63.38
1112.58	-65.47	-67.43
1116.78	-64.08	-66.57
1120.99	-63.56	-68.93
1125.22	-62.71	-69.75
1129.47	-62.10	-73.10
1133.73	-61.41	-75.12
1138.01	-60.84	-79.05
1142.30	-59.85	-81.26
1146.61	-59.15	-85.30
1150.94	-58.44	-88.24
1155.28	-57.54	-92.28
1159.64	-56.95	-96.75
1164.02	-56.33	-102.55
1168.41	-55.78	-108.89
1172.82	-55.18	-115.62
1177.25	-54.96	-122.81
1181.69	-54.67	-130.00
1186.15	-54.71	-137.03
1190.62	-54.89	-143.83
1195.12	-55.42	-149.32
1199.63	-56.48	-152.19
1204.15	-57.72	-134.89
1208.70	-51.76	-124.23
1213.26	-50.83	-154.18
1217.84	-51.57	-168.19
1222.43	-51.94	-176.40
1227.04	-52.41	175.19
1231.67	-52.62	169.17
1236.32	-52.99	164.51
1240.99	-53.17	158.89
1245.67	-53.58	154.77
1250.37	-53.76	150.67
1255.09	-54.05	147.52
1259.83	-53.96	144.23
1264.58	-54.11	140.55
1269.35	-54.07	137.19
1274.14	-54.10	135.48
1278.95	-53.92	132.15
1283.78	-53.98	129.62
1288.62	-53.63	126.87
1293.48	-53.46	124.24
1298.36	-52.96	122.35
1303.26	-52.47	120.13
1308.18	-51.57	116.78
1313.12	-50.71	115.14
1318.07	-49.40	111.76
1323.05	-47.17	106.42
1328.04	-45.00	99.34
1333.05	-41.61	85.80
1338.08	-38.16	34.59
1343.13	-41.91	-16.62
1348.20	-45.75	-32.49
1353.29	-48.53	-40.50
1358.39	-51.46	-47.16
1363.52	-53.47	-50.59
1368.67	-54.91	-53.15
1373.83	-56.76	-56.16
1379.01	-58.07	-59.33
1384.22	-59.46	-60.49
1389.44	-60.39	-64.22
1394.68	-60.96	-64.47
1399.95	-62.05	-66.59
1405.23	-63.09	-68.66
1410.53	-64.10	-70.92
1415.86	-63.95	-71.07
1421.20	-64.92	-72.52
1426.56	-65.13	-72.43
1431.94	-66.04	-73.96
1437.35	-65.86	-75.51
1442.77	-66.22	-74.92
1448.22	-66.20	-79.31
1453.68	-66.58	-74.98
1459.17	-66.16	-81.63
1464.67	-65.44	-81.39
1470.20	-66.96	-94.62
1475.75	-67.25	-84.96
1481.32	-67.36	-84.89
1486.91	-66.03	-81.85
1492.52	-65.00	-76.66
1498.15	-63.14	-76.92
1503.80	-60.77	-78.77
1509.48	-58.26	-89.00
1515.17	-56.54	-100.70
1520.89	-53.92	-109.84
1526.63	-51.40	-124.06
1532.39	-49.36	-151.36
1538.17	-50.04	169.13
1543.98	-52.71	146.06
1549.81	-54.80	134.80
1555.65	-55.93	127.17
1561.52	-56.45	121.07
1567.42	-56.16	112.45
1573.33	-54.48	93.66
1579.27	-53.66	49.48
1585.23	-57.70	10.46
1591.21	-63.72	6.71
1597.21	-65.72	30.10
1603.24	-59.56	35.42
1609.29	-56.17	-13.79
1615.36	-58.19	-53.41
1621.46	-59.70	-70.69
1627.58	-59.45	-81.80
1633.72	-57.61	-94.91
1639.89	-54.76	-118.81
1646.07	-54.30	-155.79
1652.29	-56.67	176.69
1658.52	-59.25	172.28
1664.78	-56.46	176.47
1671.06	-56.34	153.12
1677.37	-56.81	146.50
1683.70	-56.45	142.28
1690.05	-55.28	135.35
1696.43	-53.31	127.94
1702.83	-50.84	119.63
1709.26	-46.60	101.80
1715.70	-42.79	44.58
1722.18	-49.16	-18.30
1728.68	-56.08	-32.23
1735.20	-59.17	-37.72
1741.75	-61.32	-42.79
1748.32	-62.24	-92.23
1754.92	-72.81	58.61
1761.54	-70.79	-1.87
1768.19	-72.16	-12.96
1774.86	-73.00	-15.05
1781.56	-74.24	-16.28
1788.28	-76.66	-22.05
1795.03	-77.44	-20.90
1801.80	-76.60	-36.81
1808.60	-74.71	-113.39
1815.43	-75.20	46.92
1822.28	-73.27	1.68
1829.15	-70.07	-21.20
1836.06	-66.51	-74.95
1842.99	-65.44	-96.28
1849.94	-57.71	-118.56
1856.92	-56.59	162.66
1863.93	-60.97	135.39
1870.96	-61.39	126.69
1878.02	-61.78	117.97
1885.11	-61.20	113.55
1892.22	-60.07	106.85
1899.36	-58.62	99.40
1906.53	-57.13	77.47
1913.72	-58.67	53.70
1920.95	-61.24	57.46
1928.19	-58.76	73.15
1935.47	-52.73	26.35
1942.77	-60.63	-30.75
1950.11	-69.33	-8.80
1957.46	-72.77	50.90
1964.85	-67.42	80.40
1972.27	-62.95	87.44
1979.71	-57.79	83.68
1987.18	-53.66	41.48
1994.68	-54.59	37.00
2002.20	-52.11	-2.60
2009.76	-56.39	-36.72
2017.34	-61.74	-38.78
2024.96	-68.46	-8.72
2032.60	-67.22	56.55
2040.27	-58.46	76.84
2047.97	-51.49	73.15
2055.70	-43.69	42.94
2063.45	-41.75	-24.84
2071.24	-44.06	-55.04
2079.06	-44.86	-70.05
2086.90	-44.24	-89.80
2094.78	-42.67	-115.83
2102.68	-43.41	-162.69
2110.62	-50.15	175.86
2118.58	-49.94	156.83
2126.57	-53.75	134.06
2134.60	-56.72	123.51
2142.65	-59.74	117.21
2150.74	-59.40	115.48
2158.86	-60.70	88.33
2167.00	-62.51	84.65
2175.18	-63.73	73.63
2183.39	-64.09	67.70
2191.63	-63.77	64.29
2199.90	-62.98	63.33
2208.20	-61.21	62.32
2216.53	-58.69	61.86
2224.90	-53.87	55.53
2233.29	-47.23	24.03
2241.72	-47.55	-39.95
2250.18	-51.06	-66.11
2258.67	-53.66	-78.79
2267.19	-55.71	-86.92
2275.75	-58.14	-83.36
2284.34	-55.06	-64.18
2292.96	-52.85	-83.98
2301.61	-51.83	-95.37
2310.29	-50.04	-107.53
2319.01	-46.74	-134.24
2327.76	-45.20	160.82
2336.55	-52.11	108.78
2345.36	-57.58	85.27
2354.21	-58.50	10.02
2363.10	-63.54	-82.99
2372.02	-64.91	-110.63
2380.97	-65.60	-121.94
2389.95	-65.42	-129.19
2398.97	-65.55	-130.85
2408.02	-66.16	-130.68
2417.11	-63.16	-111.49
2426.23	-62.08	-134.17
2435.39	-62.89	-138.21
2444.58	-61.65	-139.16
2453.80	-61.37	-145.13
2463.06	-61.30	-146.70
2472.35	-59.71	-137.04
2481.68	-57.05	-150.54
2491.05	-56.40	-162.50
2500.45	-54.94	-172.14
2509.88	-53.26	177.78
2519.36	-50.68	159.03
2528.86	-49.85	116.80
2538.41	-52.22	75.56
2547.98	-58.83	81.36
2557.60	-58.88	49.74
2567.25	-65.31	25.53
2576.94	-80.20	-105.00
2586.66	-78.87	178.33
2596.42	-62.97	177.50
2606.22	-63.07	124.50
2616.06	-64.18	102.81
2625.93	-62.90	12.37
2635.84	-59.07	-148.10
2645.78	-53.32	163.35
2655.77	-52.42	113.30
2665.79	-52.68	81.77
2675.85	-53.77	47.49
2685.95	-55.22	11.47
2696.08	-57.31	-57.55
2706.26	-69.10	-164.15
2716.47	-74.53	110.92
2726.72	-74.41	133.23
2737.01	-67.63	111.39
2747.34	-65.38	71.40
2757.70	-67.25	-12.80
2768.11	-73.29	-131.42
2778.56	-66.65	-159.87
2789.04	-57.39	174.13
2799.57	-54.05	116.26
2810.13	-54.89	76.87
2820.73	-56.72	45.98
2831.38	-58.87	24.66
2842.06	-62.18	12.08
2852.79	-67.05	26.28
2863.55	-60.96	63.82
2874.36	-57.32	-0.26
2885.21	-64.17	-40.22
2896.09	-71.99	-31.89
2907.02	-77.19	36.92
2917.99	-69.73	27.03
2929.00	-72.90	21.46
2940.06	-67.61	49.08
2951.15	-67.22	8.49
2962.29	-72.70	40.47
2973.47	-62.00	73.06
2984.69	-58.72	21.83
2995.95	-57.44	-11.91
3007.25	-59.33	-50.13
3018.60	-61.75	-73.84
3029.99	-65.81	-102.66
3041.43	-73.43	-71.49
3052.90	-66.97	-42.10
3064.42	-61.26	-104.68
3075.99	-70.33	-163.93
3087.60	-72.98	178.61
3099.25	-74.27	116.74
3110.94	-69.31	83.00
3122.68	-66.81	23.36
3134.47	-66.99	-15.86
3146.29	-69.34	-44.99
3158.17	-68.16	-45.74
3170.08	-67.37	-120.26
3182.05	-68.67	-161.05
3194.05	-64.34	120.54
3206.11	-64.55	35.49
3218.21	-68.34	7.18
3230.35	-68.81	2.67
3242.54	-67.14	-38.71
3254.77	-75.15	-48.52
3267.06	-75.88	-2.65
3279.39	-71.79	-10.93
3291.76	-72.19	-4.15
3304.18	-66.59	-64.59
3316.65	-64.07	164.72
3329.17	-58.50	52.31
3341.73	-57.59	-13.04
3354.34	-60.63	-35.97
3367.00	-61.31	-52.80
3379.70	-59.72	-67.11
3392.46	-61.40	-99.99
3405.26	-70.13	-93.01
3418.11	-61.69	-20.88
3431.01	-56.05	-60.77
3443.95	-53.31	-79.73
3456.95	-51.05	-116.34
3469.99	-50.55	-158.26
3483.09	-52.13	158.47
3496.23	-56.81	114.28
3509.43	-64.45	124.70
3522.67	-66.04	126.99
3535.96	-71.99	145.39
3549.31	-64.85	142.55
3562.70	-66.51	112.40
3576.14	-74.20	66.84
3589.64	-73.82	-140.73
3603.18	-71.61	-177.54
3616.78	-68.75	155.34
3630.43	-65.64	167.50
3644.13	-64.06	68.41
3657.88	-69.46	-129.28
3671.68	-64.56	170.94
3685.54	-63.50	137.29
3699.45	-59.16	130.93
3713.41	-59.54	53.10
3727.42	-61.52	39.20
3741.49	-68.14	-82.60
3755.60	-65.15	154.81
3769.78	-61.23	46.27
3784.00	-66.32	-27.81
3798.28	-69.91	-9.02
3812.61	-62.31	-72.11
3827.00	-66.45	-154.50
3841.44	-70.83	-141.16
3855.94	-58.61	-121.56
3870.49	-54.91	129.31
3885.09	-64.79	86.83
3899.75	-68.32	96.08
3914.47	-65.51	78.85
3929.24	-66.15	23.03
3944.07	-66.25	-126.33
3958.95	-59.58	134.12
3973.89	-61.63	70.95
3988.89	-63.57	96.13
4003.94	-56.55	71.48
4019.05	-55.56	7.57
4034.22	-60.19	-26.19
4049.44	-54.74	-10.85
4064.72	-55.06	-111.66
4080.06	-59.97	138.59
4095.46	-73.82	-53.85
4110.91	-67.14	146.67
4126.42	-67.54	72.56
4141.99	-73.07	53.57
4157.62	-65.20	102.08
4173.31	-65.33	34.80
4189.06	-64.33	12.21
4204.87	-62.30	-25.23
4220.74	-66.63	-71.63
4236.66	-71.22	143.80
4252.65	-66.51	20.67
4268.70	-60.62	-129.36
4284.81	-62.31	11.14
4300.98	-60.80	-71.09
4317.21	-61.03	-131.42
4333.50	-64.95	-174.73
4349.85	-67.37	146.30
4366.26	-73.69	150.74
4382.74	-73.62	178.48
4399.28	-62.25	178.30
4415.88	-61.22	95.07
4432.54	-64.11	99.27
4449.27	-59.51	55.37
4466.06	-60.80	-4.25
4482.91	-68.00	-1.23
4499.83	-63.94	2.23
4516.81	-57.63	-36.02
4533.85	-60.06	-128.45
4550.96	-68.86	-131.94
4568.14	-68.80	-142.46
4585.37	-64.16	-154.36
4602.68	-62.41	164.41
4620.05	-59.76	122.14
4637.48	-62.86	50.21
4654.98	-68.36	64.29
4672.55	-64.51	57.91
4690.18	-58.45	13.85
4707.88	-63.72	-45.48
4725.64	-62.82	-36.26
4743.48	-72.50	-40.63
4761.38	-60.58	-22.05
4779.34	-61.58	-98.42
4797.38	-61.77	-82.05
4815.48	-57.43	-152.88
4833.65	-62.89	112.06
4851.89	-78.64	1.42
4870.20	-80.62	175.28
4888.58	-72.28	-71.80
4907.03	-67.38	-138.59
4925.54	-65.21	-118.83
4944.13	-56.27	160.91
4962.79	-65.72	-68.83
4981.52	-63.06	-179.31
5000.31	-59.57	119.82
5019.18	-62.59	51.75
5038.12	-67.39	24.31
5057.14	-72.95	142.61
5076.22	-68.57	4.84
5095.37	-74.55	-97.95
5114.60	-73.67	170.92
5133.90	-62.41	21.80
5153.27	-64.44	-80.10
5172.72	-57.50	-136.46
5192.24	-58.77	108.32
5211.83	-61.88	28.16
5231.50	-66.89	-54.45
5251.24	-59.91	-154.75
5271.06	-65.01	91.16
5290.95	-68.04	-56.66
5310.91	-60.10	-178.00
5330.96	-64.66	113.53
5351.07	-63.67	67.57
5371.27	-67.26	24.15
5391.53	-67.23	-160.26
5411.88	-71.87	-14.80
5432.30	-71.87	-153.38
5452.80	-65.43	140.28
5473.38	-63.82	63.62
5494.03	-66.05	115.35
5514.76	-68.26	119.94
5535.57	-63.15	-60.96
5556.46	-60.96	120.43
5577.43	-65.70	66.50
5598.48	-65.35	-106.61
5619.60	-59.09	94.89
5640.81	-63.82	85.98
5662.10	-55.38	34.87
5683.46	-64.58	30.17
5704.91	-52.74	33.21
5726.44	-54.50	-65.72
5748.05	-53.75	-175.02
5769.74	-59.50	113.55
5791.51	-52.69	60.62
5813.36	-52.91	3.71
5835.30	-52.81	-6.08
5857.32	-47.91	-95.40
5879.42	-59.43	-130.06
5901.61	-61.68	-159.09
5923.88	-64.06	-77.26
5946.23	-62.71	124.43
5968.67	-56.18	-99.23
5991.20	-59.48	42.01
6013.80	-54.03	-151.79
6036.50	-54.01	101.04
6059.28	-53.41	-30.70
6082.14	-54.65	151.58
6105.09	-64.50	23.86
6128.13	-67.98	171.86
6151.26	-57.20	64.19
6174.47	-54.19	-81.46
6197.77	-51.40	117.08
6221.16	-50.44	-119.58
6244.63	-49.46	-53.58
6268.20	-54.95	88.75
6291.85	-52.89	174.89
6315.59	-49.19	-22.87
6339.42	-55.03	-179.48
6363.35	-52.12	7.81
6387.36	-50.27	-130.63
6411.46	-54.56	69.96
6435.66	-47.57	140.42
6459.94	-51.49	17.04
6484.32	-49.43	-73.47
6508.79	-53.92	94.78
6533.35	-51.80	-76.76
6558.00	-52.16	-128.88
6582.75	-51.82	144.05
6607.59	-52.05	45.68
6632.53	-53.04	-125.77
6657.55	-46.98	132.91
6682.68	-47.29	34.60
6707.90	-55.82	6.38
6733.21	-54.81	-77.88
6758.62	-58.59	1.79
6784.12	-60.45	65.37
6809.72	-53.53	17.46
6835.42	-51.03	-85.35
6861.21	-56.18	108.90
6887.10	-65.47	-93.63
6913.09	-63.07	34.53
6939.18	-64.87	61.63
6965.36	-66.28	-128.66
6991.65	-56.29	139.76
7018.03	-57.75	156.53
7044.51	-59.19	-141.33
7071.10	-56.56	29.49
7097.78	-59.73	-38.10
7124.56	-61.76	-38.42
7151.45	-60.31	-72.51
7178.44	-67.39	54.21
7205.52	-51.10	-49.27
7232.71	-50.82	-178.30
7260.01	-54.08	167.89
7287.40	-54.83	96.40
7314.90	-57.29	68.10
7342.51	-53.42	-18.32
7370.21	-51.00	113.52
7398.03	-44.27	-27.87
7425.94	-46.35	-133.66
7453.97	-52.97	162.79
7482.09	-53.67	173.06
7510.33	-50.86	128.35
7538.67	-55.33	44.83
7567.12	-57.48	58.12
7595.67	-61.34	148.31
7624.33	-60.80	-52.24
7653.10	-55.86	178.42
7681.98	-60.72	132.24
7710.97	-57.45	115.01
7740.07	-52.63	54.97
7769.28	-52.91	-57.96
7798.60	-49.37	-175.31
7828.02	-48.09	64.00
7857.56	-51.33	0.10
7887.21	-52.38	106.01
7916.98	-48.19	-42.62
7946.85	-50.79	-80.42
7976.84	-45.35	-149.95
8006.94	-47.19	69.19
8037.16	-50.93	-149.24
8067.49	-54.85	175.05
8097.93	-47.44	-5.38
8128.49	-53.58	117.78
8159.16	-44.85	-133.70
8189.95	-49.15	113.20
8220.86	-56.09	-117.21
8251.88	-57.12	50.51
8283.02	-49.87	-55.57
8314.27	-49.23	113.49
8345.65	-56.51	31.56
8377.14	-56.05	-86.63
8408.75	-51.63	11.39
8440.48	-45.10	-63.86
8472.33	-55.64	-169.05
8504.30	-50.75	-144.34
8536.40	-47.47	126.69
8568.61	-50.03	86.11
8600.94	-48.37	-90.96
8633.40	-49.17	25.95
8665.98	-50.39	-59.02
8698.68	-51.78	-145.92
8731.51	-56.72	74.96
8764.46	-54.86	65.84
8797.53	-49.75	-19.98
8830.73	-47.72	-157.52
8864.05	-49.96	-86.75
8897.50	-46.25	-158.80
8931.07	-54.46	10.64
8964.78	-53.68	143.76
8998.61	-53.53	80.12
9032.56	-52.53	53.17
9066.65	-49.72	21.50
9100.86	-50.61	-52.21
9135.20	-51.77	-137.51
9169.68	-52.02	-41.90
9204.28	-53.15	121.67
9239.01	-50.83	2.80
9273.88	-55.81	12.70
9308.87	-59.89	145.82
9344.00	-61.41	-30.94
9379.26	-55.14	-161.28
9414.65	-62.27	-151.56
9450.18	-53.86	2.27
9485.84	-57.08	-108.36
9521.64	-56.26	101.93
9557.57	-58.60	145.98
9593.64	-54.12	79.24
9629.84	-61.41	-110.27
9666.18	-59.51	-2.31
9702.65	-62.70	-90.65
9739.27	-60.16	135.24
9776.02	-63.17	56.58
9812.91	-68.98	-106.41
9849.94	-64.70	102.21
9887.11	-65.15	48.25
9924.42	-60.50	113.11
9961.87	-58.68	129.58
9999.46	-50.49	-81.37
10037.19	-55.18	-174.48
10075.07	-56.41	81.78
10113.09	-59.59	-36.18
10151.25	-57.06	25.46
10189.55	-53.00	-158.82
10228.01	-55.91	64.75
10266.60	-52.15	14.89
10305.34	-57.49	-94.28
10344.23	-50.94	-61.41
10383.27	-46.99	69.96
10422.45	-51.76	-5.95
10461.78	-52.44	-135.12
10501.26	-58.79	29.58
10540.88	-57.15	-83.57
10580.66	-52.17	-89.69
10620.59	-48.11	-174.64
10660.66	-47.44	119.79
10700.89	-51.15	68.62
10741.27	-51.64	14.35
10781.81	-56.26	-26.09
10822.49	-57.13	-22.75
10863.33	-55.74	-86.78
10904.33	-52.23	-174.25
10945.47	-63.70	117.32
10986.78	-61.58	124.26
11028.24	-54.65	74.47
11069.85	-52.71	57.34
11111.63	-53.88	-60.87
11153.56	-58.65	-157.48
11195.64	-57.29	27.50
11237.89	-52.52	-83.66
11280.30	-53.48	168.49
11322.87	-59.19	-80.36
11365.59	-63.61	123.14
11408.48	-62.30	36.86
11451.53	-61.80	-23.25
11494.75	-57.66	140.54
11538.12	-58.89	-177.54
11581.66	-60.99	44.79
11625.37	-64.32	-4.83
11669.24	-62.66	-143.20
11713.27	-53.53	17.79
11757.47	-57.69	168.62
11801.84	-64.42	-158.15
11846.37	-61.25	62.14
11891.08	-59.72	-170.83
11935.95	-59.29	149.41
11980.99	-65.63	92.25
12026.20	-67.40	89.79
12071.58	-64.83	89.00
12117.14	-63.43	66.14
12162.86	-55.00	-1.20
12208.76	-57.23	-108.36
12254.83	-56.56	138.17
12301.07	-60.98	43.26
12347.49	-61.89	153.98
12394.08	-63.11	124.95
12440.85	-62.15	-20.48
12487.80	-64.45	145.91
12534.92	-59.22	-74.57
12582.23	-61.35	156.57
12629.71	-61.51	-18.80
12677.37	-68.97	-123.88
12725.20	-59.84	120.14
12773.22	-60.86	35.47
12821.42	-63.45	-144.27
12869.81	-63.92	6.83
12918.37	-58.75	121.03
12967.12	-56.12	-4.74
13016.05	-51.56	-84.19
13065.17	-56.40	-166.66
13114.47	-58.47	164.18
13163.96	-54.37	135.54
13213.64	-58.80	71.56
13263.50	-62.01	51.47
13313.55	-62.52	39.90
13363.79	-59.61	-7.46
13414.22	-70.81	141.84
13464.84	-68.27	-176.99
13515.65	-61.54	19.43
13566.65	-61.45	-57.66
13617.84	-67.93	-71.41
13669.23	-59.14	-142.67
13720.81	-63.42	68.50
13772.59	-58.70	-152.58
13824.56	-56.31	111.46
13876.73	-61.61	173.65
13929.09	-56.39	-85.62
13981.66	-64.17	131.29
14034.42	-58.41	-114.34
14087.38	-56.17	122.83
14140.54	-59.36	25.06
14193.90	-56.01	56.97
14247.46	-59.39	-66.09
14301.22	-58.30	-130.26
14355.19	-60.27	151.06
14409.36	-59.02	83.16
14463.73	-57.34	-2.32
14518.31	-59.86	171.14
14573.10	-63.48	-119.27
14628.09	-62.23	-71.95
14683.29	-66.91	-26.18
14738.70	-63.29	138.56
14794.32	-60.67	-100.01
14850.15	-59.03	-61.23
14906.18	-65.69	-97.26
14962.43	-62.30	-171.30
15018.90	-61.40	57.17
15075.57	-61.16	108.84
15132.46	-61.49	-8.81
15189.56	-67.82	-57.84
15246.88	-66.11	-91.75
15304.42	-61.82	145.31
15362.17	-74.76	-174.80
15420.14	-66.61	118.80
15478.33	-64.98	79.45
15536.74	-62.63	-20.00
15595.37	-69.50	-147.20
15654.22	-75.19	-121.89
15713.29	-64.96	76.26
15772.58	-62.79	7.80
15832.10	-59.25	-136.20
15891.85	-67.00	132.92
15951.81	-63.51	91.08
16012.01	-69.66	-77.88
16072.43	-63.31	44.27
16133.08	-66.90	-21.52
16193.96	-63.52	92.70
16255.07	-63.67	-97.95
16316.41	-65.41	-178.88
16377.98	-65.46	-176.78
16439.79	-62.61	84.69
16501.82	-65.46	69.95
16564.09	-66.95	-9.95
16626.60	-70.20	39.51
16689.34	-70.58	102.18
16752.32	-70.28	133.39
16815.54	-64.79	-90.68
16878.99	-69.86	132.80
16942.69	-68.70	84.87
17006.62	-62.33	-16.66
17070.79	-61.41	-127.52
17135.21	-59.56	109.82
17199.87	-63.11	-47.20
17264.78	-66.50	-116.40
17329.93	-67.20	63.43
17395.32	-63.13	8.56
17460.97	-73.86	-111.69
17526.86	-71.43	-12.55
17593.00	-70.19	145.50
17659.38	-72.47	113.95
17726.02	-71.42	-119.65
17792.91	-72.73	-65.09
17860.06	-70.53	58.32
17927.45	-75.04	-111.03
17995.10	-71.35	77.80
18063.01	-73.00	66.33
18131.17	-70.46	28.41
18199.59	-68.27	-81.16
18268.27	-74.40	178.09
18337.21	-68.73	68.63
18406.40	-62.30	-92.95
18475.86	-60.17	98.75
18545.58	-60.11	8.76
18615.56	-60.94	-80.06
18685.81	-67.17	1.34
18756.32	-61.89	159.94
18827.10	-61.70	45.98
18898.15	-65.82	77.38
18969.46	-65.86	151.34
19041.04	-64.85	24.85
19112.90	-73.01	-139.93
19185.02	-68.80	-17.10
19257.42	-72.15	-122.83
19330.09	-69.10	96.70
19403.03	-72.78	68.01
19476.25	-69.95	-68.47
19549.74	-70.35	67.62
19623.51	-73.68	-124.19
19697.56	-70.74	63.03
19771.89	-69.94	-65.15
19846.51	-70.61	41.09
19921.40	-63.86	113.93
19996.57	-67.49	35.66
20072.03	-70.54	-82.32
20147.78	-80.30	-50.33
20223.80	-69.81	84.95
20300.12	-76.59	-20.48
20376.72	-73.54	-66.23
20453.62	-73.26	-84.33
20530.80	-70.50	22.02
20608.28	-66.55	119.99
20686.04	-71.41	177.71
20764.10	-67.77	20.30
20842.46	-67.82	-39.99
20921.11	-67.51	-177.98
21000.06	-66.58	60.15
21079.30	-69.56	79.57
21158.85	-66.30	123.41
21238.69	-66.61	-161.35
21318.84	-64.45	-30.02
21399.29	-63.58	162.05
21480.04	-66.78	-30.02
21561.09	-68.25	161.62
21642.46	-68.45	43.09
21724.12	-64.25	-27.59
21806.10	-69.77	121.63
21888.39	-74.53	46.85
21970.99	-74.84	-172.67
22053.89	-66.62	49.90
22137.12	-75.72	81.02
22220.65	-73.73	142.67
22304.50	-75.34	107.80
