Freq[Hz]	[dBV]	Phase[Deg]
10.00	-66.23	-113.55
10.04	-66.25	-111.49
10.08	-66.27	-109.39
10.11	-66.29	-107.26
10.15	-66.31	-105.09
10.19	-66.33	-102.89
10.23	-66.34	-100.65
10.27	-66.36	-98.39
10.31	-66.37	-96.10
10.34	-66.38	-93.78
10.38	-66.39	-91.43
10.42	-66.39	-89.06
10.46	-66.40	-86.67
10.50	-66.40	-84.26
10.54	-66.41	-81.83
10.58	-66.41	-79.38
10.62	-66.41	-76.91
10.66	-66.41	-74.44
10.70	-66.41	-71.95
10.74	-66.41	-69.45
10.78	-66.41	-66.94
10.82	-66.41	-64.43
10.86	-66.40	-61.91
10.90	-66.40	-59.39
10.95	-66.40	-56.88
10.99	-66.40	-54.36
11.03	-66.40	-51.85
11.07	-66.39	-49.35
11.11	-66.39	-46.86
11.15	-66.39	-44.38
11.20	-66.39	-41.92
11.24	-66.39	-39.47
11.28	-66.39	-37.05
11.32	-66.39	-34.64
11.37	-66.39	-32.27
11.41	-66.40	-29.92
11.45	-66.40	-27.60
11.50	-66.41	-25.31
11.54	-66.41	-23.07
11.58	-66.42	-20.86
11.63	-66.44	-18.70
11.67	-66.45	-16.58
11.71	-66.47	-14.51
11.76	-66.48	-12.49
11.80	-66.50	-10.53
11.85	-66.53	-8.61
11.89	-66.55	-6.75
11.94	-66.58	-4.94
11.98	-66.61	-3.18
12.03	-66.64	-1.47
12.07	-66.68	0.19
12.12	-66.72	1.81
12.16	-66.76	3.38
12.21	-66.80	4.90
12.26	-66.84	6.38
12.30	-66.89	7.81
12.35	-66.94	9.20
12.39	-66.99	10.54
12.44	-67.04	11.85
12.49	-67.10	13.11
12.54	-67.16	14.33
12.58	-67.22	15.52
12.63	-67.28	16.66
12.68	-67.35	17.77
12.73	-67.42	18.84
12.77	-67.49	19.88
12.82	-67.56	20.89
12.87	-67.64	21.86
12.92	-67.71	22.80
12.97	-67.79	23.71
13.02	-67.88	24.60
13.07	-67.96	25.45
13.12	-68.05	26.28
13.16	-68.14	27.09
13.21	-68.23	27.87
13.26	-68.32	28.64
13.31	-68.42	29.38
13.36	-68.52	30.10
13.41	-68.62	30.81
13.47	-68.72	31.50
13.52	-68.82	32.17
13.57	-68.93	32.84
13.62	-69.04	33.49
13.67	-69.15	34.14
13.72	-69.26	34.78
13.77	-69.38	35.42
13.83	-69.50	36.05
13.88	-69.62	36.68
13.93	-69.74	37.31
13.98	-69.86	37.95
14.04	-69.99	38.59
14.09	-70.12	39.24
14.14	-70.24	39.90
14.19	-70.38	40.57
14.25	-70.51	41.25
14.30	-70.64	41.95
14.36	-70.78	42.67
14.41	-70.92	43.42
14.46	-71.06	44.18
14.52	-71.20	44.97
14.57	-71.35	45.79
14.63	-71.50	46.64
14.68	-71.64	47.53
14.74	-71.79	48.45
14.80	-71.94	49.41
14.85	-72.10	50.40
14.91	-72.25	51.42
14.96	-72.41	52.47
15.02	-72.56	53.56
15.08	-72.72	54.68
15.13	-72.88	55.82
15.19	-73.04	57.00
15.25	-73.20	58.21
15.31	-73.37	59.44
15.36	-73.53	60.70
15.42	-73.70	61.99
15.48	-73.86	63.30
15.54	-74.03	64.64
15.60	-74.20	66.00
15.66	-74.36	67.38
15.71	-74.53	68.78
15.77	-74.70	70.21
15.83	-74.87	71.65
15.89	-75.04	73.12
15.95	-75.21	74.60
16.01	-75.38	76.10
16.07	-75.56	77.61
16.13	-75.73	79.14
16.19	-75.90	80.68
16.26	-76.07	82.23
16.32	-76.24	83.79
16.38	-76.41	85.36
16.44	-76.58	86.95
16.50	-76.75	88.53
16.56	-76.92	90.13
16.63	-77.09	91.72
16.69	-77.26	93.32
16.75	-77.43	94.92
16.82	-77.59	96.52
16.88	-77.76	98.12
16.94	-77.92	99.72
17.01	-78.08	101.31
17.07	-78.25	102.89
17.14	-78.41	104.47
17.20	-78.56	106.03
17.27	-78.72	107.59
17.33	-78.87	109.13
17.40	-79.03	110.66
17.46	-79.18	112.17
17.53	-79.33	113.66
17.59	-79.47	115.13
17.66	-79.61	116.58
17.73	-79.76	118.00
17.79	-79.89	119.42
17.86	-80.03	120.82
17.93	-80.16	122.20
18.00	-80.29	123.58
18.06	-80.42	124.95
18.13	-80.54	126.32
18.20	-80.66	127.68
18.27	-80.78	129.05
18.34	-80.90	130.42
18.41	-81.01	131.80
18.48	-81.12	133.20
18.55	-81.23	134.60
18.62	-81.33	136.02
18.69	-81.43	137.47
18.76	-81.52	138.93
18.83	-81.62	140.43
18.90	-81.70	141.95
18.97	-81.79	143.51
19.04	-81.87	145.11
19.11	-81.95	146.75
19.19	-82.02	148.43
19.26	-82.09	150.16
19.33	-82.16	151.95
19.40	-82.22	153.79
19.48	-82.28	155.70
19.55	-82.34	157.67
19.62	-82.39	159.71
19.70	-82.43	161.83
19.77	-82.48	164.02
19.85	-82.51	166.30
19.92	-82.55	168.66
20.00	-82.58	171.12
20.07	-82.60	173.67
20.15	-82.62	176.33
20.22	-82.64	179.09
20.30	-82.65	-178.03
20.38	-82.65	-175.03
20.45	-82.65	-171.91
20.53	-82.65	-168.67
20.61	-82.64	-165.29
20.69	-82.62	-161.79
20.77	-82.60	-158.19
20.84	-82.58	-154.48
20.92	-82.56	-150.68
21.00	-82.53	-146.80
21.08	-82.50	-142.84
21.16	-82.47	-138.83
21.24	-82.44	-134.77
21.32	-82.41	-130.67
21.40	-82.38	-126.55
21.48	-82.35	-122.41
21.56	-82.32	-118.26
21.64	-82.30	-114.13
21.73	-82.28	-110.02
21.81	-82.26	-105.94
21.89	-82.24	-101.91
21.97	-82.24	-97.94
22.06	-82.23	-94.05
22.14	-82.24	-90.24
22.22	-82.25	-86.54
22.31	-82.27	-82.95
22.39	-82.29	-79.50
22.47	-82.33	-76.20
22.56	-82.38	-73.05
22.64	-82.44	-70.09
22.73	-82.51	-67.32
22.82	-82.60	-64.77
22.90	-82.70	-62.44
22.99	-82.81	-60.36
23.07	-82.94	-58.54
23.16	-83.09	-57.00
23.25	-83.25	-55.76
23.34	-83.43	-54.84
23.43	-83.63	-54.26
23.51	-83.86	-54.03
23.60	-84.10	-54.14
23.69	-84.36	-54.57
23.78	-84.64	-55.30
23.87	-84.93	-56.31
23.96	-85.24	-57.56
24.05	-85.56	-59.04
24.14	-85.89	-60.73
24.23	-86.23	-62.60
24.32	-86.58	-64.62
24.42	-86.94	-66.76
24.51	-87.30	-69.01
24.60	-87.66	-71.33
24.69	-88.03	-73.69
24.79	-88.39	-76.07
24.88	-88.76	-78.44
24.97	-89.11	-80.76
25.07	-89.47	-83.01
25.16	-89.81	-85.16
25.26	-90.15	-87.16
25.35	-90.47	-89.00
25.45	-90.78	-90.64
25.54	-91.08	-92.03
25.64	-91.35	-93.16
25.74	-91.61	-93.97
25.84	-91.84	-94.44
25.93	-92.05	-94.53
26.03	-92.23	-94.20
26.13	-92.38	-93.40
26.23	-92.50	-92.11
26.33	-92.59	-90.29
26.43	-92.64	-87.88
26.53	-92.65	-84.89
26.63	-92.63	-81.35
26.73	-92.57	-77.29
26.83	-92.48	-72.73
26.93	-92.36	-67.72
27.03	-92.21	-62.27
27.13	-92.03	-56.44
27.23	-91.83	-50.24
27.34	-91.61	-43.71
27.44	-91.36	-36.89
27.54	-91.10	-29.82
27.65	-90.82	-22.52
27.75	-90.52	-15.05
27.86	-90.21	-7.44
27.96	-89.89	0.28
28.07	-89.57	8.05
28.17	-89.23	15.85
28.28	-88.89	23.62
28.39	-88.56	31.32
28.49	-88.22	38.91
28.60	-87.88	46.35
28.71	-87.55	53.58
28.82	-87.24	60.56
28.93	-86.93	67.24
29.03	-86.64	73.57
29.14	-86.36	79.49
29.25	-86.10	84.97
29.36	-85.87	89.94
29.48	-85.66	94.40
29.59	-85.47	98.37
29.70	-85.31	101.88
29.81	-85.16	104.93
29.92	-85.03	107.57
30.04	-84.92	109.81
30.15	-84.82	111.68
30.26	-84.73	113.21
30.38	-84.66	114.42
30.49	-84.60	115.34
30.61	-84.54	116.00
30.72	-84.50	116.42
30.84	-84.46	116.64
30.95	-84.42	116.68
31.07	-84.38	116.58
31.19	-84.35	116.37
31.31	-84.31	116.07
31.42	-84.27	115.73
31.54	-84.22	115.37
31.66	-84.17	115.04
31.78	-84.10	114.76
31.90	-84.02	114.57
32.02	-83.93	114.52
32.14	-83.83	114.62
32.26	-83.70	114.94
32.39	-83.56	115.47
32.51	-83.39	116.23
32.63	-83.22	117.19
32.75	-83.03	118.33
32.88	-82.83	119.66
33.00	-82.62	121.14
33.13	-82.40	122.78
33.25	-82.19	124.55
33.38	-81.97	126.44
33.50	-81.75	128.44
33.63	-81.54	130.53
33.76	-81.34	132.69
33.88	-81.14	134.91
34.01	-80.96	137.17
34.14	-80.79	139.46
34.27	-80.65	141.75
34.40	-80.52	144.04
34.53	-80.42	146.29
34.66	-80.35	148.51
34.79	-80.30	150.65
34.92	-80.30	152.71
35.05	-80.33	154.67
35.18	-80.40	156.50
35.32	-80.51	158.19
35.45	-80.67	159.73
35.58	-80.86	161.13
35.72	-81.09	162.36
35.85	-81.35	163.43
35.99	-81.65	164.33
36.12	-81.97	165.05
36.26	-82.32	165.59
36.40	-82.69	165.95
36.53	-83.08	166.11
36.67	-83.49	166.07
36.81	-83.92	165.82
36.95	-84.35	165.36
37.09	-84.80	164.68
37.23	-85.25	163.77
37.37	-85.70	162.63
37.51	-86.15	161.24
37.65	-86.59	159.61
37.79	-87.03	157.72
37.94	-87.45	155.57
38.08	-87.86	153.15
38.22	-88.25	150.45
38.37	-88.62	147.50
38.51	-88.97	144.33
38.66	-89.29	140.96
38.80	-89.58	137.43
38.95	-89.85	133.76
39.10	-90.09	129.99
39.24	-90.29	126.15
39.39	-90.46	122.26
39.54	-90.59	118.37
39.69	-90.68	114.51
39.84	-90.74	110.71
39.99	-90.74	107.01
40.14	-90.71	103.44
40.29	-90.62	100.05
40.45	-90.49	96.86
40.60	-90.30	93.93
40.75	-90.06	91.28
40.90	-89.76	88.96
41.06	-89.40	87.01
41.21	-88.98	85.46
41.37	-88.51	84.28
41.53	-87.98	83.47
41.68	-87.41	83.00
41.84	-86.81	82.85
42.00	-86.17	83.02
42.16	-85.50	83.47
42.32	-84.81	84.19
42.47	-84.11	85.16
42.63	-83.40	86.36
42.80	-82.69	87.76
42.96	-81.98	89.35
43.12	-81.29	91.10
43.28	-80.61	92.99
43.45	-79.97	94.99
43.61	-79.35	97.09
43.77	-78.78	99.26
43.94	-78.25	101.47
44.10	-77.78	103.70
44.27	-77.36	105.95
44.44	-77.00	108.21
44.61	-76.69	110.47
44.77	-76.42	112.73
44.94	-76.21	115.00
45.11	-76.04	117.26
45.28	-75.91	119.52
45.45	-75.82	121.76
45.63	-75.77	123.99
45.80	-75.75	126.20
45.97	-75.77	128.39
46.14	-75.82	130.54
46.32	-75.89	132.67
46.49	-75.99	134.76
46.67	-76.12	136.81
46.84	-76.26	138.81
47.02	-76.43	140.76
47.20	-76.60	142.65
47.38	-76.79	144.45
47.56	-76.99	146.15
47.74	-77.19	147.72
47.92	-77.39	149.15
48.10	-77.59	150.41
48.28	-77.79	151.49
48.46	-77.98	152.37
48.64	-78.15	153.01
48.83	-78.31	153.41
49.01	-78.45	153.53
49.20	-78.57	153.35
49.38	-78.66	152.86
49.57	-78.72	152.02
49.75	-78.74	150.81
49.94	-78.73	149.21
50.13	-78.67	147.25
50.32	-78.58	144.97
50.51	-78.46	142.41
50.70	-78.30	139.65
50.89	-78.11	136.71
51.08	-77.90	133.67
51.28	-77.66	130.56
51.47	-77.40	127.45
51.66	-77.12	124.40
51.86	-76.83	121.46
52.05	-76.52	118.69
52.25	-76.20	116.16
52.45	-75.88	113.92
52.65	-75.54	112.03
52.85	-75.21	110.57
53.04	-74.88	109.54
53.24	-74.55	108.91
53.45	-74.22	108.65
53.65	-73.90	108.71
53.85	-73.58	109.06
54.05	-73.27	109.66
54.26	-72.96	110.47
54.46	-72.66	111.46
54.67	-72.38	112.57
54.87	-72.10	113.78
55.08	-71.84	115.04
55.29	-71.59	116.29
55.50	-71.35	117.51
55.71	-71.14	118.63
55.92	-70.94	119.64
56.13	-70.75	120.51
56.34	-70.58	121.25
56.55	-70.43	121.85
56.77	-70.28	122.31
56.98	-70.15	122.62
57.19	-70.02	122.77
57.41	-69.91	122.77
57.63	-69.79	122.60
57.84	-69.69	122.26
58.06	-69.58	121.75
58.28	-69.48	121.07
58.50	-69.37	120.20
58.72	-69.26	119.14
58.94	-69.15	117.90
59.17	-69.03	116.51
59.39	-68.91	114.98
59.61	-68.78	113.34
59.84	-68.64	111.62
60.06	-68.49	109.83
60.29	-68.33	108.00
60.52	-68.15	106.16
60.75	-67.97	104.33
60.98	-67.77	102.55
61.21	-67.55	100.83
61.44	-67.32	99.20
61.67	-67.07	97.70
61.90	-66.80	96.32
62.14	-66.51	95.06
62.37	-66.22	93.91
62.61	-65.92	92.85
62.84	-65.61	91.87
63.08	-65.30	90.97
63.32	-65.00	90.12
63.56	-64.70	89.33
63.80	-64.41	88.56
64.04	-64.13	87.82
64.28	-63.87	87.09
64.52	-63.63	86.36
64.76	-63.41	85.61
65.01	-63.21	84.83
65.25	-63.03	84.00
65.50	-62.87	83.12
65.75	-62.72	82.17
66.00	-62.58	81.13
66.24	-62.45	79.99
66.49	-62.33	78.74
66.75	-62.22	77.37
67.00	-62.10	75.85
67.25	-61.98	74.17
67.50	-61.87	72.31
67.76	-61.74	70.29
68.01	-61.62	68.11
68.27	-61.49	65.81
68.53	-61.35	63.40
68.79	-61.21	60.91
69.05	-61.07	58.37
69.31	-60.92	55.80
69.57	-60.78	53.22
69.83	-60.63	50.66
70.09	-60.48	48.16
70.36	-60.32	45.73
70.62	-60.17	43.40
70.89	-60.01	41.15
71.16	-59.86	38.98
71.43	-59.72	36.88
71.70	-59.58	34.84
71.97	-59.46	32.83
72.24	-59.35	30.86
72.51	-59.27	28.91
72.79	-59.20	26.97
73.06	-59.15	25.02
73.34	-59.13	23.06
73.61	-59.14	21.06
73.89	-59.18	19.05
74.17	-59.23	17.00
74.45	-59.30	14.93
74.73	-59.38	12.83
75.01	-59.47	10.70
75.29	-59.57	8.54
75.58	-59.66	6.36
75.86	-59.75	4.14
76.15	-59.83	1.89
76.44	-59.90	-0.39
76.73	-59.96	-2.68
77.02	-60.01	-4.96
77.31	-60.05	-7.21
77.60	-60.08	-9.42
77.89	-60.12	-11.55
78.18	-60.16	-13.59
78.48	-60.20	-15.51
78.78	-60.25	-17.30
79.07	-60.31	-18.92
79.37	-60.38	-20.36
79.67	-60.47	-21.63
79.97	-60.57	-22.78
80.27	-60.68	-23.82
80.58	-60.81	-24.78
80.88	-60.94	-25.71
81.19	-61.09	-26.63
81.49	-61.25	-27.58
81.80	-61.42	-28.58
82.11	-61.60	-29.68
82.42	-61.78	-30.90
82.73	-61.98	-32.22
83.04	-62.17	-33.63
83.35	-62.37	-35.11
83.67	-62.55	-36.66
83.99	-62.73	-38.25
84.30	-62.89	-39.87
84.62	-63.03	-41.50
84.94	-63.16	-43.14
85.26	-63.25	-44.75
85.58	-63.32	-46.32
85.90	-63.38	-47.82
86.23	-63.42	-49.24
86.55	-63.45	-50.55
86.88	-63.49	-51.71
87.21	-63.52	-52.71
87.54	-63.57	-53.53
87.87	-63.63	-54.13
88.20	-63.72	-54.50
88.53	-63.82	-54.68
88.87	-63.94	-54.73
89.20	-64.07	-54.73
89.54	-64.22	-54.73
89.88	-64.38	-54.81
90.22	-64.54	-55.03
90.56	-64.71	-55.45
90.90	-64.88	-56.17
91.24	-65.05	-57.20
91.59	-65.22	-58.48
91.93	-65.38	-59.96
92.28	-65.52	-61.56
92.63	-65.65	-63.21
92.98	-65.76	-64.84
93.33	-65.84	-66.38
93.68	-65.90	-67.74
94.03	-65.92	-68.86
94.39	-65.91	-69.73
94.74	-65.89	-70.38
95.10	-65.85	-70.83
95.46	-65.82	-71.11
95.82	-65.80	-71.24
96.18	-65.80	-71.25
96.54	-65.83	-71.15
96.91	-65.90	-71.00
97.27	-66.01	-70.81
97.64	-66.16	-70.66
98.01	-66.33	-70.59
98.38	-66.51	-70.65
98.75	-66.69	-70.92
99.12	-66.87	-71.44
99.50	-67.04	-72.27
99.87	-67.18	-73.47
100.25	-67.29	-74.98
100.63	-67.38	-76.68
101.01	-67.44	-78.45
101.39	-67.47	-80.16
101.77	-67.49	-81.70
102.16	-67.48	-82.91
102.54	-67.44	-83.68
102.93	-67.39	-83.91
103.32	-67.33	-83.67
103.71	-67.27	-83.10
104.10	-67.23	-82.33
104.49	-67.22	-81.48
104.88	-67.25	-80.70
105.28	-67.33	-80.11
105.68	-67.48	-79.86
106.08	-67.70	-79.99
106.48	-67.95	-80.46
106.88	-68.22	-81.23
107.28	-68.47	-82.25
107.69	-68.70	-83.48
108.09	-68.85	-84.85
108.50	-68.93	-86.33
108.91	-68.90	-87.86
109.32	-68.79	-89.35
109.73	-68.64	-90.74
110.15	-68.46	-91.93
110.56	-68.29	-92.84
110.98	-68.15	-93.39
111.40	-68.07	-93.49
111.82	-68.08	-93.12
112.24	-68.16	-92.44
112.67	-68.29	-91.63
113.09	-68.47	-90.87
113.52	-68.67	-90.35
113.95	-68.88	-90.27
114.38	-69.08	-90.83
114.81	-69.27	-92.09
115.24	-69.43	-93.86
115.68	-69.56	-95.91
116.11	-69.66	-98.02
116.55	-69.72	-99.96
116.99	-69.74	-101.47
117.43	-69.72	-102.34
117.87	-69.65	-102.52
118.32	-69.56	-102.19
118.77	-69.47	-101.49
119.21	-69.40	-100.60
119.66	-69.35	-99.69
120.12	-69.36	-98.94
120.57	-69.44	-98.49
121.02	-69.57	-98.40
121.48	-69.73	-98.67
121.94	-69.89	-99.34
122.40	-70.02	-100.40
122.86	-70.11	-101.89
123.32	-70.12	-103.81
123.79	-70.06	-106.04
124.26	-69.95	-108.37
124.73	-69.81	-110.56
125.20	-69.66	-112.37
125.67	-69.51	-113.57
126.14	-69.40	-113.92
126.62	-69.34	-113.39
127.10	-69.33	-112.30
127.58	-69.36	-110.99
128.06	-69.45	-109.83
128.54	-69.60	-109.17
129.03	-69.80	-109.39
129.51	-70.05	-110.63
130.00	-70.32	-112.60
130.49	-70.56	-114.96
130.98	-70.74	-117.36
131.48	-70.82	-119.41
131.98	-70.77	-120.76
132.47	-70.57	-121.22
132.97	-70.30	-120.98
133.48	-70.00	-120.27
133.98	-69.76	-119.30
134.48	-69.63	-118.33
134.99	-69.69	-117.58
135.50	-69.94	-117.21
136.01	-70.31	-117.27
136.53	-70.72	-117.82
137.04	-71.08	-118.91
137.56	-71.32	-120.58
138.08	-71.35	-122.85
138.60	-71.21	-125.51
139.12	-70.95	-128.16
139.65	-70.67	-130.41
140.17	-70.42	-131.86
140.70	-70.30	-132.10
141.23	-70.34	-130.97
141.77	-70.52	-128.96
142.30	-70.78	-126.67
142.84	-71.07	-124.73
143.38	-71.34	-123.77
143.92	-71.54	-124.39
144.46	-71.65	-126.45
145.01	-71.69	-129.35
145.55	-71.66	-132.48
146.10	-71.57	-135.21
146.65	-71.43	-136.89
147.21	-71.25	-137.24
147.76	-71.09	-136.64
148.32	-70.99	-135.52
148.88	-71.01	-134.33
149.44	-71.18	-133.52
150.01	-71.54	-133.43
150.57	-72.00	-133.97
151.14	-72.46	-134.96
151.71	-72.81	-136.21
152.28	-72.94	-137.53
152.86	-72.77	-138.72
153.43	-72.38	-139.70
154.01	-71.89	-140.37
154.59	-71.44	-140.66
155.18	-71.18	-140.48
155.76	-71.21	-139.79
156.35	-71.48	-138.85
156.94	-71.88	-138.02
157.53	-72.28	-137.69
158.13	-72.55	-138.26
158.72	-72.59	-140.01
159.32	-72.43	-142.54
159.93	-72.17	-145.17
160.53	-71.88	-147.23
161.13	-71.67	-148.01
161.74	-71.60	-147.08
162.35	-71.67	-145.07
162.97	-71.86	-142.93
163.58	-72.13	-141.60
164.20	-72.46	-142.06
164.82	-72.81	-144.68
165.44	-73.12	-148.54
166.06	-73.34	-152.52
166.69	-73.39	-155.48
167.32	-73.21	-156.31
167.95	-72.84	-154.93
168.58	-72.42	-152.29
169.22	-72.07	-149.41
169.86	-71.94	-147.32
170.50	-72.13	-146.89
171.14	-72.54	-147.87
171.79	-73.01	-149.69
172.44	-73.35	-151.73
173.09	-73.40	-153.37
173.74	-73.11	-154.28
174.40	-72.65	-154.58
175.06	-72.21	-154.39
175.72	-71.98	-153.88
176.38	-72.11	-153.21
177.04	-72.49	-152.65
177.71	-72.96	-152.50
178.38	-73.33	-153.08
179.06	-73.40	-154.67
179.73	-73.18	-157.04
180.41	-72.79	-159.39
181.09	-72.40	-160.89
181.77	-72.17	-160.71
182.46	-72.18	-158.60
183.15	-72.36	-155.67
183.84	-72.61	-153.26
184.53	-72.82	-152.76
185.23	-72.89	-155.15
185.93	-72.84	-159.46
186.63	-72.68	-164.16
187.33	-72.45	-167.64
188.04	-72.17	-168.50
188.75	-71.90	-167.20
189.46	-71.70	-165.16
190.18	-71.64	-163.82
190.90	-71.78	-164.53
191.62	-72.07	-167.12
192.34	-72.35	-170.36
193.07	-72.50	-172.96
193.79	-72.35	-173.69
194.53	-71.97	-172.57
195.26	-71.53	-170.65
196.00	-71.24	-169.01
196.74	-71.27	-168.70
197.48	-71.60	-169.89
198.22	-71.98	-172.02
198.97	-72.17	-174.52
199.72	-71.98	-176.86
200.48	-71.46	-178.80
201.23	-70.89	179.63
201.99	-70.55	178.44
202.75	-70.68	177.58
203.52	-71.14	176.94
204.29	-71.62	176.34
205.06	-71.81	175.59
205.83	-71.47	174.58
206.61	-70.84	173.49
207.39	-70.24	172.59
208.17	-70.03	172.16
208.96	-70.37	172.24
209.74	-70.98	172.33
210.54	-71.52	171.83
211.33	-71.67	170.20
212.13	-71.38	167.59
212.93	-70.90	164.94
213.73	-70.52	163.23
214.54	-70.47	163.25
215.35	-70.71	164.34
216.16	-71.04	165.22
216.98	-71.30	164.56
217.80	-71.37	161.89
218.62	-71.29	158.50
219.44	-71.16	155.92
220.27	-71.03	155.60
221.10	-70.95	157.04
221.94	-70.95	158.48
222.77	-71.05	158.08
223.61	-71.26	154.94
224.46	-71.48	150.79
225.30	-71.62	147.85
226.15	-71.60	148.12
227.01	-71.45	150.96
227.86	-71.29	153.93
228.72	-71.25	154.52
229.59	-71.37	151.69
230.45	-71.51	147.46
231.32	-71.52	144.20
232.20	-71.30	143.89
233.07	-70.94	145.56
233.95	-70.68	147.06
234.84	-70.71	146.30
235.72	-71.02	143.25
236.61	-71.36	139.84
237.50	-71.48	138.14
238.40	-71.26	139.02
239.30	-70.92	140.80
240.20	-70.73	141.40
241.11	-70.88	139.33
242.02	-71.18	135.75
242.93	-71.34	132.60
243.85	-71.09	131.61
244.77	-70.58	132.40
245.69	-70.14	133.45
246.62	-70.10	133.27
247.55	-70.43	131.67
248.48	-70.79	129.58
249.42	-70.81	127.96
250.36	-70.45	127.12
251.31	-70.07	126.57
252.26	-70.03	125.73
253.21	-70.43	124.44
254.16	-70.88	123.20
255.12	-70.95	122.57
256.09	-70.50	122.66
257.05	-69.92	122.58
258.02	-69.70	121.34
259.00	-70.05	118.61
259.97	-70.59	115.51
260.95	-70.84	113.38
261.94	-70.58	112.83
262.93	-70.11	112.87
263.92	-69.84	112.26
264.92	-69.94	110.47
265.92	-70.15	108.34
266.92	-70.14	106.92
267.93	-69.84	106.52
268.94	-69.55	106.30
269.95	-69.61	105.28
270.97	-70.04	103.30
271.99	-70.43	101.22
273.02	-70.37	99.94
274.05	-69.91	99.41
275.08	-69.54	98.71
276.12	-69.71	97.00
277.16	-70.25	94.49
278.21	-70.61	92.07
279.26	-70.36	90.46
280.31	-69.81	89.53
281.37	-69.53	88.85
282.43	-69.85	88.05
283.50	-70.35	87.08
284.57	-70.48	85.89
285.64	-70.08	84.49
286.72	-69.59	82.90
287.80	-69.44	81.16
288.89	-69.64	79.55
289.98	-69.84	78.54
291.07	-69.79	78.37
292.17	-69.66	78.31
293.27	-69.79	77.30
294.38	-70.24	75.19
295.49	-70.58	73.48
296.61	-70.36	73.73
297.73	-69.78	75.30
298.85	-69.51	76.02
299.98	-69.98	74.37
301.11	-70.66	71.70
302.25	-70.82	70.01
303.39	-70.33	69.79
304.53	-69.87	69.58
305.68	-69.99	68.15
306.83	-70.42	66.41
307.99	-70.54	66.11
309.15	-70.13	67.51
310.32	-69.66	68.42
311.49	-69.56	66.82
312.67	-69.73	63.82
313.85	-69.76	61.92
315.03	-69.53	61.88
316.22	-69.29	61.56
317.41	-69.28	59.00
318.61	-69.35	55.48
319.81	-69.18	53.60
321.02	-68.76	53.76
322.23	-68.48	53.43
323.45	-68.64	50.64
324.67	-68.96	47.01
325.89	-69.04	45.05
327.12	-68.86	44.52
328.36	-68.73	42.82
329.60	-68.83	38.94
330.84	-69.00	35.89
332.09	-69.06	36.54
333.34	-68.99	38.48
334.60	-68.82	37.23
335.86	-68.69	32.58
337.13	-68.76	28.83
338.40	-69.06	28.49
339.68	-69.21	28.95
340.96	-68.86	27.44
342.25	-68.42	25.06
343.54	-68.51	24.22
344.83	-69.00	24.64
346.14	-69.17	23.91
347.44	-68.82	21.28
348.75	-68.60	18.81
350.07	-68.95	17.94
351.39	-69.30	17.40
352.72	-69.04	15.72
354.05	-68.64	13.14
355.38	-68.86	10.60
356.72	-69.40	8.90
358.07	-69.29	8.77
359.42	-68.56	9.61
360.78	-68.36	9.50
362.14	-69.03	7.90
363.51	-69.49	6.66
364.88	-69.13	6.67
366.25	-68.70	5.76
367.64	-68.89	2.40
369.02	-69.10	-0.75
370.42	-68.65	-1.00
371.81	-68.06	-0.84
373.22	-68.05	-3.72
374.63	-68.39	-7.47
376.04	-68.48	-8.06
377.46	-68.29	-7.32
378.88	-68.10	-9.80
380.31	-68.00	-14.04
381.75	-67.95	-15.06
383.19	-67.92	-14.16
384.63	-67.88	-16.96
386.09	-67.91	-22.52
387.54	-68.15	-24.71
389.00	-68.46	-23.76
390.47	-68.45	-25.18
391.95	-68.23	-29.22
393.43	-68.26	-31.57
394.91	-68.45	-31.68
396.40	-68.26	-32.15
397.90	-67.92	-33.89
399.40	-68.21	-36.29
400.90	-68.78	-37.99
402.42	-68.61	-37.51
403.94	-68.03	-37.33
405.46	-68.07	-41.46
406.99	-68.50	-46.01
408.53	-68.59	-44.77
410.07	-68.37	-42.59
411.61	-68.16	-46.31
413.17	-68.19	-50.61
414.73	-68.48	-49.67
416.29	-68.48	-48.99
417.86	-67.97	-52.70
419.44	-67.80	-55.54
421.02	-68.19	-54.71
422.61	-68.09	-53.84
424.21	-67.43	-55.38
425.81	-67.33	-59.59
427.41	-67.64	-63.98
429.03	-67.41	-65.02
430.65	-67.02	-65.68
432.27	-67.15	-70.01
433.90	-67.12	-73.85
435.54	-66.50	-74.37
437.18	-66.31	-76.89
438.83	-66.81	-82.22
440.49	-67.11	-84.21
442.15	-66.91	-84.24
443.82	-66.50	-88.16
445.49	-66.35	-93.15
447.18	-66.70	-95.19
448.86	-66.75	-96.73
450.56	-66.42	-99.77
452.26	-66.78	-103.83
453.96	-67.37	-107.14
455.68	-66.99	-108.12
457.40	-66.64	-109.93
459.12	-67.18	-114.25
460.85	-67.55	-116.13
462.59	-67.37	-116.05
464.34	-67.16	-119.37
466.09	-67.32	-123.39
467.85	-67.85	-124.71
469.62	-67.97	-126.99
471.39	-67.75	-131.15
473.17	-68.05	-134.27
474.95	-68.37	-135.44
476.74	-68.19	-135.80
478.54	-68.33	-139.04
480.35	-68.74	-143.70
482.16	-68.64	-145.04
483.98	-68.42	-145.86
485.81	-68.55	-148.73
487.64	-69.02	-151.91
489.48	-69.15	-153.19
491.33	-68.58	-152.59
493.18	-68.85	-156.16
495.04	-69.70	-161.89
496.91	-69.46	-162.09
498.79	-69.18	-161.68
500.67	-69.67	-165.95
502.56	-70.32	-174.30
504.45	-70.01	-176.81
506.36	-69.96	175.69
508.27	-74.53	125.61
510.19	-76.25	137.55
512.11	-69.58	-101.60
514.04	-65.85	-86.92
515.98	-66.29	-147.94
517.93	-66.55	-158.55
519.89	-66.77	-162.27
521.85	-67.22	-172.31
523.82	-67.74	-175.26
525.79	-67.84	-176.84
527.78	-67.85	178.43
529.77	-68.17	171.89
531.77	-68.35	170.69
533.78	-68.32	168.65
535.79	-68.25	162.49
537.81	-68.19	164.14
539.84	-68.15	163.55
541.88	-68.19	156.35
543.92	-68.42	155.55
545.98	-68.65	155.61
548.04	-68.71	151.28
550.10	-68.65	145.44
552.18	-68.65	145.53
554.26	-68.59	144.67
556.35	-68.43	137.33
558.45	-68.64	136.07
560.56	-68.60	135.65
562.68	-68.44	131.17
564.80	-68.94	126.76
566.93	-69.06	126.69
569.07	-69.13	124.53
571.22	-69.62	117.75
573.37	-69.78	116.57
575.54	-69.73	117.30
577.71	-69.85	112.49
579.89	-70.19	104.29
582.08	-70.24	106.52
584.27	-70.48	103.99
586.48	-71.18	99.17
588.69	-71.77	102.54
590.91	-71.56	98.68
593.14	-72.36	91.66
595.38	-73.37	93.88
597.63	-73.56	103.39
599.88	-75.18	102.07
602.15	-76.91	110.90
604.42	-77.80	137.57
606.70	-75.95	169.25
608.99	-69.11	-176.28
611.29	-61.18	159.02
613.59	-59.22	115.05
615.91	-62.02	85.14
618.23	-63.60	77.22
620.57	-64.16	69.25
622.91	-65.79	65.34
625.26	-66.58	66.44
627.62	-66.46	64.13
629.99	-67.29	57.31
632.36	-67.87	57.66
634.75	-67.76	53.79
637.15	-67.89	48.22
639.55	-68.29	48.40
641.96	-68.33	48.87
644.39	-68.45	41.81
646.82	-69.21	42.65
649.26	-68.92	41.91
651.71	-68.84	35.22
654.17	-69.24	33.92
656.64	-69.05	36.97
659.11	-69.09	29.27
661.60	-69.66	27.86
664.10	-69.05	27.33
666.60	-69.00	21.92
669.12	-69.48	21.24
671.64	-69.40	23.42
674.18	-69.55	17.96
676.72	-69.87	15.18
679.28	-69.07	14.73
681.84	-69.07	7.74
684.41	-69.82	11.04
687.00	-69.15	8.45
689.59	-68.92	0.08
692.19	-69.49	1.59
694.80	-68.78	-0.39
697.42	-69.53	-8.04
700.06	-69.94	-3.78
702.70	-69.02	-9.74
705.35	-69.79	-17.21
708.01	-69.72	-17.20
710.68	-69.50	-19.15
713.36	-69.92	-23.93
716.06	-70.17	-25.14
718.76	-70.14	-28.67
721.47	-70.28	-33.11
724.19	-70.36	-30.34
726.93	-69.95	-34.77
729.67	-70.99	-39.38
732.42	-70.34	-35.53
735.19	-70.51	-44.69
737.96	-70.56	-40.89
740.75	-70.16	-40.23
743.54	-70.64	-49.52
746.35	-70.28	-46.96
749.16	-69.85	-49.58
751.99	-70.22	-58.17
754.83	-70.36	-57.45
757.68	-69.80	-60.19
760.54	-70.00	-63.14
763.41	-70.38	-65.35
766.29	-70.09	-69.73
769.18	-70.10	-71.80
772.08	-70.24	-74.06
774.99	-70.22	-82.13
777.92	-70.84	-85.79
780.85	-72.22	-86.63
783.80	-71.99	-89.60
786.76	-73.67	-89.60
789.73	-75.24	-58.61
792.71	-66.96	-43.09
795.70	-64.97	-83.28
798.70	-66.24	-98.26
801.71	-66.31	-107.36
804.74	-67.08	-115.02
807.78	-67.47	-118.69
810.83	-67.66	-122.66
813.88	-68.21	-127.49
816.96	-68.33	-128.35
820.04	-67.94	-134.64
823.13	-67.94	-137.80
826.24	-68.75	-147.48
829.36	-68.23	-147.98
832.49	-69.01	-148.90
835.63	-68.66	-151.39
838.78	-68.94	-157.32
841.95	-69.14	-157.09
845.12	-69.00	-166.22
848.31	-69.84	-171.10
851.51	-69.61	-176.40
854.73	-70.13	177.95
857.95	-70.17	-178.22
861.19	-70.12	171.91
864.44	-70.72	171.47
867.70	-70.50	171.54
870.98	-70.07	164.44
874.26	-70.80	164.43
877.56	-71.02	162.52
880.87	-71.03	164.66
884.20	-70.81	159.32
887.53	-71.18	155.40
890.88	-71.28	159.67
894.25	-70.34	152.90
897.62	-71.26	148.61
901.01	-70.38	142.76
904.41	-70.96	144.93
907.82	-70.24	140.86
911.25	-69.83	134.82
914.68	-69.65	134.96
918.14	-69.32	129.62
921.60	-70.33	123.04
925.08	-69.28	124.94
928.57	-69.07	114.22
932.07	-69.79	114.04
935.59	-69.03	110.78
939.12	-69.40	104.03
942.67	-68.40	99.05
946.22	-68.61	92.51
949.79	-68.85	92.41
953.38	-68.66	84.34
956.97	-68.80	78.91
960.59	-68.63	72.75
964.21	-69.83	63.19
967.85	-70.38	63.30
971.50	-71.10	62.07
975.17	-70.46	65.38
978.85	-69.82	62.48
982.54	-69.83	61.28
986.25	-69.28	54.04
989.97	-68.93	51.87
993.71	-68.59	41.41
997.46	-68.72	23.73
1001.22	-70.03	12.04
1005.00	-72.22	9.61
1008.79	-74.42	26.38
1012.60	-73.38	35.43
1016.42	-73.08	38.39
1020.25	-71.39	33.90
1024.10	-70.87	29.13
1027.97	-70.69	26.61
1031.85	-71.29	17.45
1035.74	-70.95	22.51
1039.65	-70.52	11.20
1043.57	-70.46	9.36
1047.51	-70.11	5.95
1051.46	-70.17	-0.65
1055.43	-69.88	-1.74
1059.41	-70.66	-6.07
1063.41	-69.85	-11.23
1067.43	-69.75	-15.08
1071.45	-69.82	-19.57
1075.50	-69.81	-23.87
1079.55	-70.07	-25.55
1083.63	-69.97	-30.58
1087.72	-70.20	-32.19
1091.82	-70.55	-35.51
1095.94	-70.08	-38.19
1100.08	-69.47	-43.86
1104.23	-69.90	-45.63
1108.40	-69.48	-49.30
1112.58	-69.72	-50.29
1116.78	-69.82	-56.46
1120.99	-69.05	-59.04
1125.22	-68.97	-66.07
1129.47	-68.13	-66.25
1133.73	-69.14	-69.63
1138.01	-67.97	-72.19
1142.30	-68.49	-80.82
1146.61	-67.90	-86.40
1150.94	-67.25	-86.81
1155.28	-67.14	-90.51
1159.64	-67.14	-97.01
1164.02	-66.38	-103.97
1168.41	-66.45	-108.99
1172.82	-66.46	-111.76
1177.25	-65.97	-122.47
1181.69	-65.44	-125.06
1186.15	-65.08	-133.15
1190.62	-65.19	-141.51
1195.12	-65.05	-149.67
1199.63	-65.71	-156.55
1204.15	-66.50	-159.09
1208.70	-66.20	-152.42
1213.26	-65.39	-160.54
1217.84	-64.87	-164.65
1222.43	-64.71	-175.62
1227.04	-64.39	176.33
1231.67	-63.63	167.25
1236.32	-64.02	163.75
1240.99	-64.08	158.20
1245.67	-64.27	151.75
1250.37	-63.70	143.44
1255.09	-63.72	137.60
1259.83	-63.93	131.22
1264.58	-63.98	124.36
1269.35	-63.70	117.97
1274.14	-63.90	113.09
1278.95	-64.13	106.65
1283.78	-63.81	99.81
1288.62	-64.33	93.34
1293.48	-64.58	89.23
1298.36	-64.06	83.78
1303.26	-64.57	76.77
1308.18	-64.67	71.62
1313.12	-64.93	68.93
1318.07	-64.43	62.07
1323.05	-64.48	55.28
1328.04	-64.43	50.41
1333.05	-64.61	47.30
1338.08	-64.85	40.45
1343.13	-64.23	34.68
1348.20	-64.40	30.18
1353.29	-64.67	24.75
1358.39	-64.40	20.40
1363.52	-63.88	13.71
1368.67	-63.65	5.91
1373.83	-63.76	-3.28
1379.01	-64.11	-10.59
1384.22	-64.11	-19.96
1389.44	-64.00	-23.10
1394.68	-64.36	-27.29
1399.95	-64.71	-37.51
1405.23	-64.91	-44.07
1410.53	-65.03	-53.93
1415.86	-65.27	-55.80
1421.20	-65.43	-61.13
1426.56	-66.15	-68.75
1431.94	-66.27	-77.29
1437.35	-66.14	-80.85
1442.77	-67.15	-85.97
1448.22	-66.78	-92.81
1453.68	-66.87	-95.21
1459.17	-66.96	-101.47
1464.67	-67.42	-105.03
1470.20	-67.38	-112.73
1475.75	-67.75	-117.53
1481.32	-67.57	-124.59
1486.91	-67.96	-128.49
1492.52	-67.99	-130.36
1498.15	-67.55	-131.26
1503.80	-65.99	-134.87
1509.48	-65.98	-152.71
1515.17	-66.30	-161.46
1520.89	-66.51	-170.21
1526.63	-66.85	-173.30
1532.39	-67.11	179.02
1538.17	-67.70	177.02
1543.98	-68.06	168.53
1549.81	-68.00	163.48
1555.65	-68.47	159.28
1561.52	-68.68	155.99
1567.42	-69.71	152.95
1573.33	-69.45	156.78
1579.27	-67.18	163.51
1585.23	-65.73	149.25
1591.21	-64.98	134.44
1597.21	-65.24	124.01
1603.24	-65.60	117.17
1609.29	-65.80	111.27
1615.36	-66.40	104.88
1621.46	-65.82	106.06
1627.58	-64.55	98.35
1633.72	-63.71	88.56
1639.89	-63.91	77.65
1646.07	-64.26	68.89
1652.29	-64.23	57.85
1658.52	-64.75	48.92
1664.78	-64.73	44.87
1671.06	-64.50	37.75
1677.37	-64.81	29.51
1683.70	-65.00	20.48
1690.05	-64.73	13.11
1696.43	-65.49	6.28
1702.83	-65.59	-2.40
1709.26	-66.07	-7.72
1715.70	-65.77	-9.57
1722.18	-65.70	-19.63
1728.68	-65.80	-29.22
1735.20	-65.99	-34.55
1741.75	-66.19	-40.62
1748.32	-66.11	-47.77
1754.92	-66.20	-56.06
1761.54	-66.77	-60.42
1768.19	-66.57	-65.83
1774.86	-66.11	-73.82
1781.56	-66.30	-81.52
1788.28	-65.55	-87.84
1795.03	-65.79	-97.59
1801.80	-65.58	-110.36
1808.60	-65.72	-114.49
1815.43	-65.89	-126.12
1822.28	-66.44	-135.00
1829.15	-66.12	-143.40
1836.06	-66.50	-150.59
1842.99	-66.64	-158.30
1849.94	-67.04	-165.57
1856.92	-66.95	-172.99
1863.93	-67.08	179.31
1870.96	-67.64	171.53
1878.02	-67.94	161.14
1885.11	-67.59	161.22
1892.22	-67.70	151.45
1899.36	-68.07	148.79
1906.53	-68.25	144.41
1913.72	-67.41	136.80
1920.95	-67.01	130.98
1928.19	-66.62	124.64
1935.47	-66.14	114.47
1942.77	-66.16	101.78
1950.11	-66.11	94.87
1957.46	-65.80	83.02
1964.85	-65.73	76.82
1972.27	-66.16	66.57
1979.71	-66.39	57.63
1987.18	-66.63	47.63
1994.68	-67.04	41.26
2002.20	-67.98	34.96
2009.76	-67.35	31.99
2017.34	-67.31	26.02
2024.96	-67.40	14.28
2032.60	-67.33	5.41
2040.27	-66.76	-0.86
2047.97	-66.44	-10.64
2055.70	-66.68	-22.03
2063.45	-66.87	-30.42
2071.24	-67.34	-40.44
2079.06	-67.62	-48.61
2086.90	-67.70	-56.06
2094.78	-67.78	-66.64
2102.68	-68.01	-79.44
2110.62	-68.23	-87.39
2118.58	-69.07	-95.51
2126.57	-68.92	-97.74
2134.60	-68.88	-110.35
2142.65	-69.57	-121.81
2150.74	-69.33	-130.58
2158.86	-70.40	-136.67
2167.00	-69.68	-143.24
2175.18	-70.09	-150.29
2183.39	-69.90	-162.95
2191.63	-70.17	-174.79
2199.90	-70.08	173.64
2208.20	-70.67	165.70
2216.53	-71.06	157.86
2224.90	-72.12	155.72
2233.29	-72.78	151.37
2241.72	-71.43	145.14
2250.18	-71.56	137.78
2258.67	-70.42	128.54
2267.19	-70.92	117.86
2275.75	-70.64	109.79
2284.34	-70.49	105.85
2292.96	-70.76	99.32
2301.61	-70.79	96.27
2310.29	-69.95	84.23
2319.01	-69.56	72.94
2327.76	-69.46	65.23
2336.55	-69.69	56.30
2345.36	-69.74	46.89
2354.21	-69.75	41.10
2363.10	-69.48	30.34
2372.02	-69.12	18.28
2380.97	-69.45	12.80
2389.95	-69.33	1.89
2398.97	-69.51	-8.26
2408.02	-69.56	-17.75
2417.11	-69.55	-25.71
2426.23	-69.89	-37.56
2435.39	-69.81	-45.29
2444.58	-70.59	-52.99
2453.80	-69.76	-63.28
2463.06	-69.98	-70.86
2472.35	-69.61	-83.06
2481.68	-69.47	-89.95
2491.05	-69.61	-109.58
2500.45	-69.90	-122.34
2509.88	-70.77	-133.36
2519.36	-71.53	-138.05
2528.86	-70.86	-146.53
2538.41	-70.74	-153.02
2547.98	-70.94	-165.96
2557.60	-69.81	-169.48
2567.25	-69.89	173.68
2576.94	-70.00	167.66
2586.66	-69.18	155.79
2596.42	-68.88	141.69
2606.22	-68.97	130.69
2616.06	-69.13	123.62
2625.93	-69.13	112.00
2635.84	-68.55	104.15
2645.78	-68.21	92.77
2655.77	-68.79	79.91
2665.79	-68.41	68.07
2675.85	-68.75	56.86
2685.95	-69.67	45.95
2696.08	-69.69	40.08
2706.26	-69.91	34.96
2716.47	-69.58	23.90
2726.72	-69.05	17.34
2737.01	-69.16	4.11
2747.34	-68.76	-7.97
2757.70	-69.62	-22.07
2768.11	-69.90	-32.97
2778.56	-70.46	-40.77
2789.04	-71.00	-51.03
2799.57	-70.23	-53.74
2810.13	-69.77	-64.65
2820.73	-68.98	-82.56
2831.38	-68.76	-95.03
2842.06	-69.27	-110.59
2852.79	-69.88	-121.00
2863.55	-69.90	-127.42
2874.36	-69.80	-142.31
2885.21	-68.49	-155.92
2896.09	-68.50	-172.96
2907.02	-68.19	173.34
2917.99	-68.37	161.41
2929.00	-68.55	148.12
2940.06	-68.69	138.15
2951.15	-68.39	125.56
2962.29	-69.05	116.68
2973.47	-69.47	109.51
2984.69	-68.81	99.79
2995.95	-68.06	86.77
3007.25	-67.57	75.20
3018.60	-67.40	59.27
3029.99	-67.83	44.91
3041.43	-68.47	35.16
3052.90	-68.53	24.42
3064.42	-69.25	13.24
3075.99	-69.38	3.15
3087.60	-69.06	-9.45
3099.25	-69.58	-21.34
3110.94	-69.64	-32.33
3122.68	-69.60	-45.01
3134.47	-69.42	-60.57
3146.29	-70.14	-79.56
3158.17	-70.87	-88.85
3170.08	-71.44	-97.62
3182.05	-71.35	-110.08
3194.05	-70.42	-121.79
3206.11	-70.28	-133.26
3218.21	-70.41	-150.44
3230.35	-70.52	-167.26
3242.54	-70.85	-178.00
3254.77	-70.40	171.29
3267.06	-70.60	157.53
3279.39	-70.82	148.77
3291.76	-69.88	137.43
3304.18	-69.78	124.02
3316.65	-69.60	108.29
3329.17	-69.55	97.48
3341.73	-70.36	84.12
3354.34	-69.87	70.64
3367.00	-70.60	63.89
3379.70	-70.01	56.31
3392.46	-69.89	42.93
3405.26	-69.62	28.33
3418.11	-69.98	17.85
3431.01	-70.17	5.65
3443.95	-69.73	-8.39
3456.95	-70.17	-23.55
3469.99	-70.79	-38.61
3483.09	-70.52	-47.10
3496.23	-70.85	-61.45
3509.43	-71.16	-72.42
3522.67	-69.35	-88.46
3535.96	-69.17	-108.65
3549.31	-69.64	-127.11
3562.70	-69.86	-141.42
3576.14	-70.22	-160.78
3589.64	-70.38	-173.75
3603.18	-69.98	174.24
3616.78	-69.64	166.03
3630.43	-69.52	147.67
3644.13	-69.56	133.86
3657.88	-69.59	119.74
3671.68	-69.62	108.86
3685.54	-69.50	99.23
3699.45	-69.20	87.31
3713.41	-68.44	68.50
3727.42	-68.54	51.37
3741.49	-69.35	39.64
3755.60	-69.38	27.84
3769.78	-69.27	20.98
3784.00	-69.61	3.61
3798.28	-70.23	-9.49
3812.61	-70.55	-18.68
3827.00	-69.63	-30.32
3841.44	-69.41	-43.78
3855.94	-69.56	-64.06
3870.49	-69.27	-82.82
3885.09	-69.75	-100.03
3899.75	-69.18	-109.78
3914.47	-68.77	-128.82
3929.24	-68.09	-142.30
3944.07	-68.02	-164.64
3958.95	-68.03	-176.62
3973.89	-68.09	165.84
3988.89	-67.05	152.04
4003.94	-66.94	134.99
4019.05	-66.90	119.21
4034.22	-66.41	105.02
4049.44	-65.99	90.45
4064.72	-65.81	72.41
4080.06	-65.81	55.07
4095.46	-65.92	44.11
4110.91	-65.62	31.27
4126.42	-65.45	17.04
4141.99	-64.99	-1.98
4157.62	-65.43	-23.45
4173.31	-65.83	-41.00
4189.06	-65.67	-56.86
4204.87	-65.64	-70.34
4220.74	-65.30	-87.84
4236.66	-65.10	-105.03
4252.65	-64.96	-125.78
4268.70	-65.12	-147.40
4284.81	-64.98	-164.57
4300.98	-64.22	-178.57
4317.21	-63.84	163.12
4333.50	-63.76	144.62
4349.85	-63.70	125.87
4366.26	-63.62	113.33
4382.74	-63.28	94.22
4399.28	-62.82	78.52
4415.88	-62.48	61.02
4432.54	-62.36	40.78
4449.27	-62.93	21.56
4466.06	-63.22	4.32
4482.91	-63.15	-11.29
4499.83	-62.74	-26.42
4516.81	-62.61	-45.35
4533.85	-62.62	-68.78
4550.96	-62.76	-87.82
4568.14	-62.71	-107.21
4585.37	-62.37	-122.30
4602.68	-62.25	-142.99
4620.05	-61.69	-163.79
4637.48	-61.99	175.11
4654.98	-61.56	157.47
4672.55	-61.44	138.18
4690.18	-61.50	119.06
4707.88	-61.00	100.59
4725.64	-60.83	82.69
4743.48	-60.88	61.54
4761.38	-60.91	41.66
4779.34	-60.52	23.18
4797.38	-60.19	4.36
4815.48	-60.28	-18.47
4833.65	-60.57	-40.32
4851.89	-61.11	-63.51
4870.20	-61.20	-79.99
4888.58	-61.58	-99.80
4907.03	-61.18	-119.61
4925.54	-60.90	-143.04
4944.13	-60.83	-163.11
4962.79	-60.88	176.34
4981.52	-60.28	154.62
5000.31	-60.56	132.49
5019.18	-60.58	113.28
5038.12	-60.50	91.81
5057.14	-60.64	74.39
5076.22	-60.68	51.90
5095.37	-60.85	32.90
5114.60	-60.68	12.96
5133.90	-61.16	-9.11
5153.27	-61.28	-29.50
5172.72	-61.74	-49.18
5192.24	-61.65	-71.17
5211.83	-61.64	-90.08
5231.50	-61.29	-111.79
5251.24	-61.06	-137.12
5271.06	-61.25	-163.28
5290.95	-61.94	174.67
5310.91	-61.41	157.75
5330.96	-61.30	139.13
5351.07	-60.76	116.67
5371.27	-60.72	94.23
5391.53	-60.70	72.57
5411.88	-61.09	51.22
5432.30	-61.17	32.88
5452.80	-61.01	9.03
5473.38	-61.21	-12.97
5494.03	-61.86	-37.99
5514.76	-61.76	-55.89
5535.57	-61.52	-80.92
5556.46	-62.14	-107.67
5577.43	-62.67	-128.63
5598.48	-62.42	-150.79
5619.60	-62.19	-172.12
5640.81	-62.07	160.04
5662.10	-62.33	137.54
5683.46	-62.40	118.05
5704.91	-61.81	99.40
5726.44	-61.75	69.93
5748.05	-62.28	53.80
5769.74	-62.53	34.13
5791.51	-62.37	13.68
5813.36	-62.64	-11.11
5835.30	-63.11	-33.24
5857.32	-63.03	-54.29
5879.42	-62.69	-75.34
5901.61	-62.67	-102.48
5923.88	-62.35	-128.74
5946.23	-62.91	-153.62
5968.67	-62.17	-170.42
5991.20	-61.36	160.64
6013.80	-61.76	131.64
6036.50	-62.09	112.25
6059.28	-62.13	89.70
6082.14	-61.92	72.67
6105.09	-60.95	45.43
6128.13	-61.43	18.19
6151.26	-61.84	-3.06
6174.47	-61.50	-25.64
6197.77	-61.43	-51.68
6221.16	-61.90	-82.84
6244.63	-62.97	-105.56
6268.20	-62.72	-126.95
6291.85	-61.78	-154.34
6315.59	-61.79	176.63
6339.42	-61.81	153.22
6363.35	-61.67	132.03
6387.36	-60.53	108.16
6411.46	-60.55	80.37
6435.66	-61.50	55.40
6459.94	-61.94	37.40
6484.32	-60.89	13.23
6508.79	-60.75	-13.11
6533.35	-60.70	-40.57
6558.00	-61.23	-64.88
6582.75	-61.64	-88.92
6607.59	-60.64	-116.15
6632.53	-60.15	-146.85
6657.55	-60.01	-174.74
6682.68	-60.13	159.14
6707.90	-59.76	134.77
6733.21	-59.21	105.69
6758.62	-59.09	79.80
6784.12	-59.06	58.64
6809.72	-59.14	33.93
6835.42	-58.58	8.06
6861.21	-58.65	-22.30
6887.10	-59.12	-45.48
6913.09	-57.91	-67.96
6939.18	-57.37	-102.65
6965.36	-57.58	-132.33
6991.65	-56.98	-156.74
7018.03	-56.00	175.53
7044.51	-55.66	141.61
7071.10	-55.38	114.81
7097.78	-54.46	87.42
7124.56	-53.91	56.06
7151.45	-53.70	27.51
7178.44	-52.98	-2.03
7205.52	-53.01	-32.95
7232.71	-52.36	-66.91
7260.01	-52.11	-99.74
7287.40	-51.72	-131.85
7314.90	-51.14	-168.35
7342.51	-51.23	157.14
7370.21	-50.88	127.29
7398.03	-50.70	90.81
7425.94	-50.99	57.69
7453.97	-51.18	25.89
7482.09	-51.41	-9.43
7510.33	-51.60	-41.96
7538.67	-52.26	-74.35
7567.12	-52.30	-109.38
7595.67	-52.99	-144.69
7624.33	-53.45	-175.18
7653.10	-53.09	153.06
7681.98	-53.67	119.75
7710.97	-54.11	86.51
7740.07	-55.10	60.12
7769.28	-54.97	32.47
7798.60	-55.03	-1.27
7828.02	-55.64	-30.08
7857.56	-55.30	-59.57
7887.21	-55.58	-99.09
7916.98	-56.66	-134.68
7946.85	-57.22	-160.49
7976.84	-56.52	168.84
8006.94	-56.68	136.27
8037.16	-56.69	101.68
8067.49	-57.40	80.44
8097.93	-56.51	52.79
8128.49	-55.83	17.29
8159.16	-56.35	-15.06
8189.95	-56.02	-47.08
8220.86	-55.90	-84.76
8251.88	-56.50	-120.41
8283.02	-55.95	-154.71
8314.27	-56.02	171.80
8345.65	-55.94	137.43
8377.14	-56.17	103.51
8408.75	-55.80	71.96
8440.48	-55.77	36.97
8472.33	-55.85	4.58
8504.30	-56.18	-27.60
8536.40	-56.44	-61.49
8568.61	-56.23	-99.16
8600.94	-56.47	-138.71
8633.40	-56.88	-174.42
8665.98	-56.70	153.20
8698.68	-56.36	119.01
8731.51	-56.17	87.56
8764.46	-56.08	53.74
8797.53	-56.39	17.54
8830.73	-56.55	-13.15
8864.05	-56.07	-47.68
8897.50	-56.19	-84.77
8931.07	-56.11	-122.35
8964.78	-55.42	-159.50
8998.61	-54.86	162.02
9032.56	-54.88	124.28
9066.65	-54.32	88.84
9100.86	-53.94	50.48
9135.20	-54.39	11.97
9169.68	-54.35	-25.43
9204.28	-54.68	-68.70
9239.01	-54.82	-106.18
9273.88	-54.59	-146.52
9308.87	-54.65	170.17
9344.00	-54.57	131.24
9379.26	-54.63	94.20
9414.65	-54.66	55.53
9450.18	-54.68	15.05
9485.84	-55.09	-20.37
9521.64	-55.14	-63.51
9557.57	-55.71	-108.28
9593.64	-56.06	-145.56
9629.84	-55.98	174.19
9666.18	-56.26	131.14
9702.65	-56.56	94.83
9739.27	-56.91	56.66
9776.02	-57.72	15.54
9812.91	-58.15	-19.83
9849.94	-58.72	-61.73
9887.11	-59.71	-101.51
9924.42	-59.49	-139.52
9961.87	-60.07	178.36
9999.46	-60.39	139.55
10037.19	-59.72	105.70
10075.07	-60.02	66.89
10113.09	-59.49	34.78
10151.25	-59.22	-2.08
10189.55	-60.21	-44.78
10228.01	-59.87	-83.42
10266.60	-59.85	-132.73
10305.34	-59.95	-172.67
10344.23	-58.99	150.74
10383.27	-59.13	107.31
10422.45	-58.39	70.69
10461.78	-58.13	28.70
10501.26	-58.37	-11.29
10540.88	-58.27	-50.16
10580.66	-58.32	-103.60
10620.59	-58.02	-144.54
10660.66	-57.44	168.86
10700.89	-56.98	121.46
10741.27	-56.61	82.05
10781.81	-56.48	35.97
10822.49	-57.30	-8.15
10863.33	-57.55	-55.25
10904.33	-57.69	-100.80
10945.47	-58.46	-152.03
10986.78	-57.74	163.27
11028.24	-58.25	116.07
11069.85	-57.87	74.97
11111.63	-58.70	29.88
11153.56	-59.02	-7.82
11195.64	-59.62	-59.17
11237.89	-59.88	-103.78
11280.30	-60.43	-154.25
11322.87	-59.45	160.67
11365.59	-59.95	112.34
11408.48	-59.15	70.49
11451.53	-60.04	26.39
11494.75	-60.49	-14.35
11538.12	-61.19	-66.42
11581.66	-61.54	-111.67
11625.37	-61.55	-168.11
11669.24	-61.42	146.71
11713.27	-61.11	101.34
11757.47	-61.25	60.27
11801.84	-61.15	17.70
11846.37	-62.36	-30.56
11891.08	-62.68	-75.87
11935.95	-63.06	-134.24
11980.99	-62.98	179.31
12026.20	-62.15	127.94
12071.58	-62.49	84.79
12117.14	-61.85	42.61
12162.86	-62.99	-3.47
12208.76	-63.84	-48.38
12254.83	-64.65	-104.77
12301.07	-64.79	-156.90
12347.49	-63.59	155.03
12394.08	-62.39	103.16
12440.85	-62.85	60.45
12487.80	-62.36	16.10
12534.92	-63.37	-35.52
12582.23	-65.03	-85.93
12629.71	-64.59	-138.81
12677.37	-63.63	163.62
12725.20	-63.32	112.83
12773.22	-62.72	70.25
12821.42	-62.49	23.84
12869.81	-63.62	-25.49
12918.37	-64.40	-77.12
12967.12	-64.06	-134.63
13016.05	-63.48	163.98
13065.17	-62.72	112.62
13114.47	-62.61	64.02
13163.96	-62.57	18.97
13213.64	-63.85	-36.90
13263.50	-64.84	-92.49
13313.55	-65.64	-151.10
13363.79	-64.17	155.53
13414.22	-63.34	104.34
13464.84	-62.84	55.18
13515.65	-63.70	8.36
13566.65	-64.51	-43.57
13617.84	-65.24	-100.27
13669.23	-64.05	-162.45
13720.81	-62.99	137.04
13772.59	-62.55	84.80
13824.56	-62.83	37.29
13876.73	-63.56	-12.89
13929.09	-64.62	-65.68
13981.66	-64.80	-130.40
14034.42	-63.61	167.51
14087.38	-62.75	109.86
14140.54	-62.31	60.75
14193.90	-62.85	8.72
14247.46	-63.74	-50.12
14301.22	-64.85	-113.31
14355.19	-64.14	-178.69
14409.36	-63.40	123.82
14463.73	-62.83	71.51
14518.31	-62.93	20.33
14573.10	-64.10	-35.77
14628.09	-64.96	-97.68
14683.29	-64.50	-167.74
14738.70	-63.63	133.63
14794.32	-62.68	78.74
14850.15	-62.73	22.75
14906.18	-64.12	-36.17
14962.43	-64.61	-102.70
15018.90	-64.53	-170.67
15075.57	-63.44	125.54
15132.46	-62.82	71.18
15189.56	-62.86	16.82
15246.88	-63.90	-41.29
15304.42	-65.05	-107.71
15362.17	-64.38	-176.02
15420.14	-63.53	122.45
15478.33	-63.16	66.90
15536.74	-63.67	10.14
15595.37	-65.04	-53.97
15654.22	-65.26	-123.26
15713.29	-64.05	165.67
15772.58	-63.06	106.29
15832.10	-63.10	48.60
15891.85	-63.90	-12.53
15951.81	-65.19	-81.24
16012.01	-64.72	-156.02
16072.43	-63.92	139.69
16133.08	-63.57	76.72
16193.96	-63.79	16.72
16255.07	-65.25	-44.71
16316.41	-66.73	-116.78
16377.98	-66.23	167.01
16439.79	-64.59	103.61
16501.82	-64.24	51.27
16564.09	-65.83	-7.63
16626.60	-67.30	-76.89
16689.34	-67.12	-153.62
16752.32	-65.92	137.92
16815.54	-63.95	75.79
16878.99	-64.05	20.37
16942.69	-65.89	-48.69
17006.62	-65.89	-128.45
17070.79	-64.72	157.63
17135.21	-63.33	87.85
17199.87	-63.26	30.94
17264.78	-64.48	-38.11
17329.93	-65.75	-113.88
17395.32	-64.44	161.70
17460.97	-62.94	97.03
17526.86	-63.03	30.08
17593.00	-64.21	-31.72
17659.38	-65.17	-116.78
17726.02	-64.51	161.92
17792.91	-62.95	91.49
17860.06	-63.19	29.62
17927.45	-64.20	-38.57
17995.10	-65.70	-121.65
18063.01	-64.32	157.52
18131.17	-62.73	84.59
18199.59	-63.34	18.61
18268.27	-64.47	-52.02
18337.21	-65.71	-140.65
18406.40	-64.37	137.71
18475.86	-63.26	70.39
18545.58	-64.03	0.79
18615.56	-66.41	-78.43
18685.81	-66.53	-167.96
18756.32	-64.80	114.14
18827.10	-64.42	46.66
18898.15	-66.18	-25.19
18969.46	-68.64	-108.52
19041.04	-67.57	159.60
19112.90	-65.77	85.74
19185.02	-66.17	23.31
19257.42	-69.51	-51.21
19330.09	-71.37	-146.95
19403.03	-68.39	124.07
19476.25	-67.23	61.27
19549.74	-68.73	-1.33
19623.51	-72.78	-84.44
19697.56	-71.95	168.21
19771.89	-68.67	94.34
19846.51	-68.61	35.21
19921.40	-71.90	-29.63
19996.57	-75.27	-143.31
20072.03	-71.20	125.71
20147.78	-68.90	63.97
20223.80	-70.28	5.58
20300.12	-75.25	-83.30
20376.72	-73.17	158.80
20453.62	-69.35	86.91
20530.80	-69.47	28.01
20608.28	-73.85	-47.38
20686.04	-75.32	-171.58
20764.10	-70.47	100.42
20842.46	-69.10	42.35
20921.11	-72.60	-25.89
21000.06	-76.20	-151.25
21079.30	-71.34	104.39
21158.85	-70.28	45.90
21238.69	-74.41	-13.89
21318.84	-80.82	-147.42
21399.29	-73.45	105.22
21480.04	-71.53	53.60
21561.09	-75.37	2.28
21642.46	-83.39	-151.44
21724.12	-74.50	100.73
21806.10	-72.80	52.25
21888.39	-76.63	-0.17
21970.99	-82.71	164.27
22053.89	-74.57	84.62
22137.12	-74.55	37.20
22220.65	-81.72	40.94
22304.50	-78.09	83.46
