Freq[Hz]	[dBV]	Phase[Deg]
10.00	-61.92	89.40
10.04	-61.98	88.53
10.08	-62.04	87.66
10.11	-62.09	86.79
10.15	-62.15	85.92
10.19	-62.20	85.05
10.23	-62.26	84.19
10.27	-62.31	83.34
10.31	-62.36	82.49
10.34	-62.41	81.64
10.38	-62.45	80.81
10.42	-62.50	79.98
10.46	-62.54	79.16
10.50	-62.58	78.35
10.54	-62.62	77.55
10.58	-62.66	76.76
10.62	-62.69	75.99
10.66	-62.72	75.23
10.70	-62.75	74.49
10.74	-62.78	73.76
10.78	-62.81	73.04
10.82	-62.83	72.35
10.86	-62.85	71.68
10.90	-62.87	71.02
10.95	-62.89	70.39
10.99	-62.91	69.78
11.03	-62.92	69.19
11.07	-62.93	68.63
11.11	-62.93	68.10
11.15	-62.94	67.59
11.20	-62.94	67.11
11.24	-62.94	66.66
11.28	-62.93	66.24
11.32	-62.93	65.86
11.37	-62.92	65.51
11.41	-62.91	65.19
11.45	-62.89	64.91
11.50	-62.87	64.67
11.54	-62.85	64.47
11.58	-62.82	64.32
11.63	-62.80	64.20
11.67	-62.76	64.13
11.71	-62.73	64.11
11.76	-62.69	64.13
11.80	-62.65	64.20
11.85	-62.60	64.32
11.89	-62.56	64.48
11.94	-62.51	64.70
11.98	-62.45	64.95
12.03	-62.40	65.25
12.07	-62.34	65.60
12.12	-62.28	65.99
12.16	-62.22	66.42
12.21	-62.16	66.89
12.26	-62.10	67.41
12.30	-62.03	67.97
12.35	-61.97	68.56
12.39	-61.91	69.20
12.44	-61.84	69.87
12.49	-61.78	70.59
12.54	-61.72	71.34
12.58	-61.65	72.12
12.63	-61.59	72.95
12.68	-61.53	73.80
12.73	-61.48	74.69
12.77	-61.42	75.61
12.82	-61.37	76.57
12.87	-61.32	77.55
12.92	-61.27	78.56
12.97	-61.23	79.61
13.02	-61.19	80.67
13.07	-61.16	81.77
13.12	-61.13	82.89
13.16	-61.10	84.03
13.21	-61.08	85.20
13.26	-61.07	86.39
13.31	-61.06	87.60
13.36	-61.06	88.83
13.41	-61.07	90.07
13.47	-61.08	91.33
13.52	-61.10	92.61
13.57	-61.13	93.90
13.62	-61.17	95.20
13.67	-61.22	96.51
13.72	-61.28	97.83
13.77	-61.35	99.16
13.83	-61.43	100.49
13.88	-61.52	101.83
13.93	-61.62	103.16
13.98	-61.74	104.50
14.04	-61.87	105.84
14.09	-62.01	107.18
14.14	-62.16	108.51
14.19	-62.33	109.83
14.25	-62.52	111.14
14.30	-62.72	112.45
14.36	-62.94	113.74
14.41	-63.17	115.02
14.46	-63.43	116.27
14.52	-63.70	117.51
14.57	-63.98	118.73
14.63	-64.29	119.93
14.68	-64.62	121.10
14.74	-64.97	122.24
14.80	-65.34	123.36
14.85	-65.73	124.45
14.91	-66.13	125.51
14.96	-66.56	126.55
15.02	-67.00	127.56
15.08	-67.46	128.55
15.13	-67.93	129.51
15.19	-68.42	130.44
15.25	-68.92	131.35
15.31	-69.44	132.23
15.36	-69.97	133.09
15.42	-70.52	133.93
15.48	-71.07	134.73
15.54	-71.64	135.52
15.60	-72.21	136.28
15.66	-72.80	137.01
15.71	-73.39	137.72
15.77	-74.00	138.41
15.83	-74.61	139.07
15.89	-75.22	139.71
15.95	-75.84	140.33
16.01	-76.47	140.92
16.07	-77.09	141.49
16.13	-77.72	142.04
16.19	-78.36	142.57
16.26	-78.99	143.07
16.32	-79.62	143.56
16.38	-80.25	144.02
16.44	-80.87	144.46
16.50	-81.50	144.88
16.56	-82.11	145.28
16.63	-82.72	145.66
16.69	-83.33	146.03
16.75	-83.92	146.37
16.82	-84.51	146.69
16.88	-85.08	147.00
16.94	-85.64	147.29
17.01	-86.19	147.56
17.07	-86.72	147.81
17.14	-87.24	148.05
17.20	-87.74	148.27
17.27	-88.21	148.47
17.33	-88.67	148.67
17.40	-89.11	148.84
17.46	-89.52	149.00
17.53	-89.91	149.15
17.59	-90.27	149.29
17.66	-90.60	149.41
17.73	-90.90	149.52
17.79	-91.18	149.61
17.86	-91.43	149.68
17.93	-91.66	149.73
18.00	-91.86	149.75
18.06	-92.04	149.75
18.13	-92.19	149.72
18.20	-92.32	149.66
18.27	-92.43	149.56
18.34	-92.51	149.43
18.41	-92.58	149.26
18.48	-92.62	149.05
18.55	-92.65	148.79
18.62	-92.66	148.49
18.69	-92.65	148.14
18.76	-92.62	147.73
18.83	-92.58	147.27
18.90	-92.52	146.75
18.97	-92.44	146.17
19.04	-92.36	145.52
19.11	-92.26	144.80
19.19	-92.15	144.02
19.26	-92.03	143.16
19.33	-91.90	142.22
19.40	-91.77	141.20
19.48	-91.62	140.09
19.55	-91.47	138.90
19.62	-91.32	137.61
19.70	-91.16	136.23
19.77	-91.00	134.75
19.85	-90.83	133.16
19.92	-90.67	131.47
20.00	-90.51	129.66
20.07	-90.35	127.74
20.15	-90.19	125.70
20.22	-90.04	123.54
20.30	-89.90	121.25
20.38	-89.76	118.83
20.45	-89.64	116.26
20.53	-89.52	113.56
20.61	-89.42	110.72
20.69	-89.33	107.73
20.77	-89.25	104.62
20.84	-89.18	101.38
20.92	-89.12	98.02
21.00	-89.07	94.54
21.08	-89.03	90.96
21.16	-89.00	87.28
21.24	-88.99	83.50
21.32	-88.98	79.64
21.40	-88.97	75.69
21.48	-88.98	71.67
21.56	-89.00	67.59
21.64	-89.02	63.44
21.73	-89.05	59.25
21.81	-89.09	55.01
21.89	-89.13	50.73
21.97	-89.18	46.43
22.06	-89.23	42.11
22.14	-89.29	37.78
22.22	-89.35	33.45
22.31	-89.42	29.12
22.39	-89.49	24.82
22.47	-89.57	20.53
22.56	-89.65	16.29
22.64	-89.73	12.09
22.73	-89.81	7.94
22.82	-89.89	3.86
22.90	-89.97	-0.14
22.99	-90.05	-4.06
23.07	-90.14	-7.87
23.16	-90.22	-11.58
23.25	-90.30	-15.17
23.34	-90.37	-18.63
23.43	-90.45	-21.94
23.51	-90.51	-25.10
23.60	-90.58	-28.10
23.69	-90.64	-30.95
23.78	-90.70	-33.65
23.87	-90.76	-36.19
23.96	-90.81	-38.58
24.05	-90.86	-40.83
24.14	-90.90	-42.93
24.23	-90.94	-44.90
24.32	-90.99	-46.71
24.42	-91.02	-48.40
24.51	-91.06	-49.94
24.60	-91.09	-51.35
24.69	-91.12	-52.63
24.79	-91.15	-53.79
24.88	-91.18	-54.81
24.97	-91.20	-55.72
25.07	-91.23	-56.50
25.16	-91.25	-57.16
25.26	-91.27	-57.72
25.35	-91.29	-58.16
25.45	-91.31	-58.49
25.54	-91.33	-58.72
25.64	-91.35	-58.84
25.74	-91.37	-58.87
25.84	-91.39	-58.81
25.93	-91.41	-58.65
26.03	-91.43	-58.40
26.13	-91.45	-58.08
26.23	-91.47	-57.67
26.33	-91.49	-57.19
26.43	-91.52	-56.64
26.53	-91.55	-56.02
26.63	-91.57	-55.34
26.73	-91.60	-54.61
26.83	-91.63	-53.83
26.93	-91.65	-53.01
27.03	-91.68	-52.16
27.13	-91.70	-51.28
27.23	-91.72	-50.38
27.34	-91.73	-49.47
27.44	-91.74	-48.55
27.54	-91.75	-47.64
27.65	-91.75	-46.74
27.75	-91.75	-45.86
27.86	-91.74	-45.00
27.96	-91.72	-44.18
28.07	-91.69	-43.40
28.17	-91.66	-42.67
28.28	-91.61	-42.01
28.39	-91.55	-41.41
28.49	-91.49	-40.89
28.60	-91.41	-40.47
28.71	-91.31	-40.14
28.82	-91.21	-39.92
28.93	-91.08	-39.81
29.03	-90.95	-39.84
29.14	-90.79	-40.00
29.25	-90.62	-40.32
29.36	-90.43	-40.79
29.48	-90.23	-41.43
29.59	-90.00	-42.21
29.70	-89.76	-43.15
29.81	-89.50	-44.22
29.92	-89.23	-45.42
30.04	-88.94	-46.74
30.15	-88.65	-48.18
30.26	-88.33	-49.72
30.38	-88.01	-51.35
30.49	-87.68	-53.08
30.61	-87.34	-54.88
30.72	-86.99	-56.74
30.84	-86.63	-58.67
30.95	-86.27	-60.65
31.07	-85.91	-62.66
31.19	-85.54	-64.70
31.31	-85.16	-66.76
31.42	-84.79	-68.82
31.54	-84.42	-70.88
31.66	-84.04	-72.92
31.78	-83.68	-74.94
31.90	-83.31	-76.91
32.02	-82.95	-78.83
32.14	-82.60	-80.69
32.26	-82.25	-82.47
32.39	-81.91	-84.17
32.51	-81.59	-85.79
32.63	-81.27	-87.33
32.75	-80.96	-88.80
32.88	-80.66	-90.21
33.00	-80.37	-91.55
33.13	-80.08	-92.84
33.25	-79.81	-94.08
33.38	-79.54	-95.27
33.50	-79.28	-96.42
33.63	-79.03	-97.54
33.76	-78.79	-98.63
33.88	-78.55	-99.70
34.01	-78.32	-100.76
34.14	-78.10	-101.80
34.27	-77.89	-102.84
34.40	-77.69	-103.89
34.53	-77.49	-104.94
34.66	-77.30	-106.01
34.79	-77.12	-107.10
34.92	-76.94	-108.23
35.05	-76.77	-109.39
35.18	-76.60	-110.60
35.32	-76.45	-111.85
35.45	-76.30	-113.16
35.58	-76.15	-114.51
35.72	-76.01	-115.90
35.85	-75.88	-117.33
35.99	-75.76	-118.80
36.12	-75.64	-120.30
36.26	-75.54	-121.83
36.40	-75.44	-123.38
36.53	-75.34	-124.96
36.67	-75.26	-126.55
36.81	-75.18	-128.16
36.95	-75.12	-129.79
37.09	-75.06	-131.41
37.23	-75.01	-133.05
37.37	-74.97	-134.68
37.51	-74.95	-136.30
37.65	-74.93	-137.92
37.79	-74.92	-139.53
37.94	-74.92	-141.11
38.08	-74.93	-142.68
38.22	-74.96	-144.22
38.37	-74.99	-145.73
38.51	-75.04	-147.22
38.66	-75.09	-148.69
38.80	-75.15	-150.14
38.95	-75.21	-151.58
39.10	-75.28	-153.00
39.24	-75.36	-154.41
39.39	-75.43	-155.81
39.54	-75.51	-157.20
39.69	-75.59	-158.59
39.84	-75.67	-159.97
39.99	-75.75	-161.36
40.14	-75.83	-162.74
40.29	-75.90	-164.14
40.45	-75.97	-165.54
40.60	-76.03	-166.95
40.75	-76.08	-168.38
40.90	-76.12	-169.82
41.06	-76.15	-171.28
41.21	-76.18	-172.76
41.37	-76.19	-174.26
41.53	-76.18	-175.78
41.68	-76.17	-177.29
41.84	-76.15	-178.82
42.00	-76.12	179.66
42.16	-76.07	178.15
42.32	-76.02	176.65
42.47	-75.95	175.17
42.63	-75.88	173.70
42.80	-75.80	172.27
42.96	-75.71	170.87
43.12	-75.61	169.51
43.28	-75.50	168.19
43.45	-75.38	166.92
43.61	-75.25	165.71
43.77	-75.12	164.56
43.94	-74.98	163.47
44.10	-74.83	162.46
44.27	-74.68	161.53
44.44	-74.52	160.67
44.61	-74.37	159.88
44.77	-74.21	159.16
44.94	-74.05	158.52
45.11	-73.90	157.94
45.28	-73.75	157.43
45.45	-73.61	157.00
45.63	-73.48	156.63
45.80	-73.37	156.32
45.97	-73.26	156.09
46.14	-73.17	155.91
46.32	-73.10	155.81
46.49	-73.06	155.76
46.67	-73.03	155.77
46.84	-73.03	155.85
47.02	-73.06	155.98
47.20	-73.11	156.17
47.38	-73.19	156.39
47.56	-73.28	156.64
47.74	-73.39	156.91
47.92	-73.52	157.19
48.10	-73.65	157.46
48.28	-73.79	157.71
48.46	-73.93	157.94
48.64	-74.06	158.12
48.83	-74.20	158.24
49.01	-74.32	158.30
49.20	-74.43	158.28
49.38	-74.52	158.16
49.57	-74.59	157.93
49.75	-74.64	157.58
49.94	-74.65	157.09
50.13	-74.64	156.47
50.32	-74.60	155.73
50.51	-74.53	154.90
50.70	-74.44	153.98
50.89	-74.32	153.00
51.08	-74.19	151.96
51.28	-74.04	150.89
51.47	-73.88	149.81
51.66	-73.71	148.73
51.86	-73.52	147.67
52.05	-73.33	146.64
52.25	-73.13	145.68
52.45	-72.94	144.80
52.65	-72.74	144.02
52.85	-72.55	143.35
53.04	-72.36	142.81
53.24	-72.18	142.38
53.45	-72.00	142.05
53.65	-71.83	141.81
53.85	-71.66	141.65
54.05	-71.50	141.55
54.26	-71.34	141.50
54.46	-71.18	141.50
54.67	-71.03	141.52
54.87	-70.88	141.55
55.08	-70.74	141.58
55.29	-70.60	141.60
55.50	-70.46	141.59
55.71	-70.32	141.53
55.92	-70.19	141.43
56.13	-70.05	141.26
56.34	-69.92	141.04
56.55	-69.79	140.77
56.77	-69.67	140.45
56.98	-69.54	140.07
57.19	-69.41	139.64
57.41	-69.28	139.16
57.63	-69.15	138.63
57.84	-69.03	138.05
58.06	-68.89	137.42
58.28	-68.76	136.74
58.50	-68.63	136.01
58.72	-68.49	135.24
58.94	-68.35	134.42
59.17	-68.20	133.57
59.39	-68.06	132.68
59.61	-67.90	131.76
59.84	-67.75	130.83
60.06	-67.59	129.87
60.29	-67.42	128.90
60.52	-67.25	127.93
60.75	-67.08	126.96
60.98	-66.90	126.00
61.21	-66.71	125.05
61.44	-66.52	124.12
61.67	-66.32	123.22
61.90	-66.12	122.34
62.14	-65.91	121.49
62.37	-65.70	120.66
62.61	-65.48	119.85
62.84	-65.27	119.05
63.08	-65.05	118.26
63.32	-64.83	117.49
63.56	-64.62	116.71
63.80	-64.41	115.94
64.04	-64.20	115.17
64.28	-64.00	114.40
64.52	-63.81	113.61
64.76	-63.62	112.82
65.01	-63.44	112.00
65.25	-63.27	111.16
65.50	-63.10	110.30
65.75	-62.93	109.40
66.00	-62.77	108.47
66.24	-62.60	107.49
66.49	-62.44	106.47
66.75	-62.28	105.39
67.00	-62.11	104.25
67.25	-61.94	103.05
67.50	-61.76	101.78
67.76	-61.58	100.43
68.01	-61.39	99.02
68.27	-61.19	97.55
68.53	-61.00	96.02
68.79	-60.79	94.44
69.05	-60.59	92.81
69.31	-60.38	91.14
69.57	-60.17	89.44
69.83	-59.96	87.70
70.09	-59.75	85.94
70.36	-59.53	84.17
70.62	-59.32	82.37
70.89	-59.11	80.56
71.16	-58.90	78.73
71.43	-58.69	76.88
71.70	-58.49	74.99
71.97	-58.28	73.07
72.24	-58.09	71.11
72.51	-57.90	69.10
72.79	-57.72	67.05
73.06	-57.54	64.95
73.34	-57.38	62.79
73.61	-57.22	60.57
73.89	-57.07	58.29
74.17	-56.93	55.95
74.45	-56.80	53.56
74.73	-56.68	51.10
75.01	-56.57	48.58
75.29	-56.47	46.01
75.58	-56.38	43.37
75.86	-56.29	40.68
76.15	-56.22	37.93
76.44	-56.15	35.12
76.73	-56.09	32.27
77.02	-56.04	29.38
77.31	-56.00	26.47
77.60	-55.97	23.55
77.89	-55.96	20.64
78.18	-55.96	17.75
78.48	-55.97	14.89
78.78	-56.00	12.07
79.07	-56.04	9.33
79.37	-56.10	6.65
79.67	-56.18	4.06
79.97	-56.27	1.54
80.27	-56.37	-0.89
80.58	-56.49	-3.25
80.88	-56.61	-5.54
81.19	-56.74	-7.75
81.49	-56.88	-9.88
81.80	-57.03	-11.94
82.11	-57.18	-13.92
82.42	-57.33	-15.84
82.73	-57.48	-17.70
83.04	-57.64	-19.50
83.35	-57.80	-21.27
83.67	-57.96	-23.01
83.99	-58.12	-24.74
84.30	-58.28	-26.47
84.62	-58.44	-28.20
84.94	-58.60	-29.95
85.26	-58.77	-31.73
85.58	-58.93	-33.53
85.90	-59.09	-35.33
86.23	-59.25	-37.11
86.55	-59.41	-38.84
86.88	-59.57	-40.52
87.21	-59.73	-42.11
87.54	-59.89	-43.60
87.87	-60.05	-44.96
88.20	-60.21	-46.18
88.53	-60.37	-47.28
88.87	-60.52	-48.28
89.20	-60.68	-49.22
89.54	-60.84	-50.11
89.88	-61.00	-51.00
90.22	-61.15	-51.91
90.56	-61.31	-52.88
90.90	-61.47	-53.93
91.24	-61.62	-55.08
91.59	-61.77	-56.31
91.93	-61.92	-57.59
92.28	-62.07	-58.89
92.63	-62.21	-60.18
92.98	-62.34	-61.44
93.33	-62.47	-62.63
93.68	-62.59	-63.72
94.03	-62.71	-64.69
94.39	-62.81	-65.53
94.74	-62.91	-66.27
95.10	-63.00	-66.93
95.46	-63.10	-67.51
95.82	-63.19	-68.04
96.18	-63.28	-68.54
96.54	-63.37	-69.03
96.91	-63.47	-69.52
97.27	-63.58	-70.04
97.64	-63.69	-70.58
98.01	-63.80	-71.16
98.38	-63.92	-71.79
98.75	-64.05	-72.49
99.12	-64.18	-73.25
99.50	-64.31	-74.09
99.87	-64.44	-75.01
100.25	-64.58	-76.01
100.63	-64.72	-77.04
101.01	-64.85	-78.06
101.39	-64.98	-79.04
101.77	-65.10	-79.94
102.16	-65.22	-80.72
102.54	-65.31	-81.33
102.93	-65.40	-81.76
103.32	-65.47	-82.03
103.71	-65.53	-82.20
104.10	-65.59	-82.34
104.49	-65.64	-82.48
104.88	-65.70	-82.70
105.28	-65.76	-83.04
105.68	-65.83	-83.57
106.08	-65.91	-84.30
106.48	-66.00	-85.18
106.88	-66.09	-86.17
107.28	-66.18	-87.22
107.69	-66.28	-88.29
108.09	-66.37	-89.33
108.50	-66.45	-90.30
108.91	-66.53	-91.15
109.32	-66.61	-91.91
109.73	-66.68	-92.58
110.15	-66.75	-93.17
110.56	-66.83	-93.71
110.98	-66.91	-94.21
111.40	-66.99	-94.67
111.82	-67.09	-95.12
112.24	-67.18	-95.56
112.67	-67.29	-96.01
113.09	-67.39	-96.48
113.52	-67.48	-96.98
113.95	-67.57	-97.52
114.38	-67.64	-98.12
114.81	-67.70	-98.78
115.24	-67.75	-99.48
115.68	-67.79	-100.20
116.11	-67.82	-100.95
116.55	-67.86	-101.69
116.99	-67.89	-102.41
117.43	-67.93	-103.09
117.87	-67.97	-103.74
118.32	-68.02	-104.38
118.77	-68.06	-105.03
119.21	-68.09	-105.70
119.66	-68.10	-106.43
120.12	-68.10	-107.22
120.57	-68.07	-108.10
121.02	-68.03	-109.02
121.48	-67.99	-109.92
121.94	-67.95	-110.74
122.40	-67.93	-111.42
122.86	-67.93	-111.89
123.32	-67.98	-112.11
123.79	-68.05	-112.09
124.26	-68.16	-111.94
124.73	-68.29	-111.75
125.20	-68.43	-111.64
125.67	-68.58	-111.70
126.14	-68.72	-112.05
126.62	-68.84	-112.72
127.10	-68.96	-113.63
127.58	-69.06	-114.71
128.06	-69.15	-115.85
128.54	-69.22	-116.99
129.03	-69.27	-118.01
129.51	-69.31	-118.88
130.00	-69.33	-119.59
130.49	-69.34	-120.16
130.98	-69.35	-120.62
131.48	-69.36	-120.98
131.98	-69.37	-121.26
132.47	-69.39	-121.50
132.97	-69.41	-121.75
133.48	-69.44	-122.07
133.98	-69.48	-122.53
134.48	-69.53	-123.17
134.99	-69.60	-124.08
135.50	-69.67	-125.24
136.01	-69.75	-126.56
136.53	-69.83	-127.98
137.04	-69.89	-129.39
137.56	-69.94	-130.71
138.08	-69.97	-131.84
138.60	-69.99	-132.76
139.12	-70.00	-133.46
139.65	-70.03	-133.94
140.17	-70.09	-134.19
140.70	-70.19	-134.21
141.23	-70.33	-134.03
141.77	-70.51	-133.76
142.30	-70.69	-133.53
142.84	-70.85	-133.48
143.38	-70.96	-133.74
143.92	-71.01	-134.45
144.46	-71.00	-135.55
145.01	-70.96	-136.90
145.55	-70.90	-138.34
146.10	-70.85	-139.70
146.65	-70.84	-140.83
147.21	-70.88	-141.64
147.76	-70.96	-142.20
148.32	-71.06	-142.61
148.88	-71.18	-142.96
149.44	-71.30	-143.34
150.01	-71.41	-143.82
150.57	-71.51	-144.42
151.14	-71.60	-145.16
151.71	-71.68	-146.03
152.28	-71.75	-147.05
152.86	-71.82	-148.20
153.43	-71.88	-149.34
154.01	-71.95	-150.31
154.59	-72.02	-150.91
155.18	-72.10	-150.97
155.76	-72.19	-150.35
156.35	-72.29	-149.31
156.94	-72.38	-148.29
157.53	-72.45	-147.73
158.13	-72.47	-148.07
158.72	-72.45	-149.67
159.32	-72.39	-152.21
159.93	-72.32	-155.11
160.53	-72.25	-157.80
161.13	-72.21	-159.67
161.74	-72.22	-160.29
162.35	-72.28	-159.90
162.97	-72.37	-158.91
163.58	-72.49	-157.74
164.20	-72.63	-156.83
164.82	-72.78	-156.47
165.44	-72.91	-156.60
166.06	-73.02	-157.12
166.69	-73.08	-157.93
167.32	-73.07	-158.93
167.95	-73.00	-160.01
168.58	-72.92	-161.07
169.22	-72.84	-161.98
169.86	-72.81	-162.63
170.50	-72.86	-162.93
171.14	-72.98	-162.90
171.79	-73.13	-162.63
172.44	-73.29	-162.20
173.09	-73.43	-161.69
173.74	-73.53	-161.19
174.40	-73.60	-160.77
175.06	-73.64	-160.51
175.72	-73.63	-160.49
176.38	-73.59	-160.78
177.04	-73.52	-161.29
177.71	-73.45	-161.93
178.38	-73.37	-162.57
179.06	-73.31	-163.10
179.73	-73.27	-163.54
180.41	-73.25	-164.01
181.09	-73.26	-164.66
181.77	-73.28	-165.61
182.46	-73.31	-166.92
183.15	-73.33	-168.36
183.84	-73.32	-169.67
184.53	-73.24	-170.60
185.23	-73.09	-170.94
185.93	-72.90	-170.82
186.63	-72.72	-170.46
187.33	-72.62	-170.07
188.04	-72.64	-169.86
188.75	-72.75	-169.87
189.46	-72.89	-170.02
190.18	-73.01	-170.27
190.90	-73.03	-170.54
191.62	-72.96	-170.88
192.34	-72.85	-171.38
193.07	-72.73	-172.14
193.79	-72.66	-173.26
194.53	-72.63	-174.69
195.26	-72.64	-176.30
196.00	-72.65	-177.92
196.74	-72.66	-179.42
197.48	-72.65	179.25
198.22	-72.61	178.00
198.97	-72.55	176.78
199.72	-72.47	175.51
200.48	-72.37	174.26
201.23	-72.29	173.15
201.99	-72.25	172.32
202.75	-72.26	171.86
203.52	-72.31	171.65
204.29	-72.34	171.46
205.06	-72.30	171.06
205.83	-72.16	170.26
206.61	-71.97	169.22
207.39	-71.80	168.18
208.17	-71.74	167.38
208.96	-71.81	166.92
209.74	-71.95	166.57
210.54	-72.07	166.03
211.33	-72.09	165.02
212.13	-72.01	163.54
212.93	-71.88	161.85
213.73	-71.77	160.27
214.54	-71.73	159.04
215.35	-71.77	158.10
216.16	-71.83	157.24
216.98	-71.86	156.25
217.80	-71.85	155.04
218.62	-71.81	153.79
219.44	-71.78	152.73
220.27	-71.76	152.03
221.10	-71.77	151.50
221.94	-71.81	150.68
222.77	-71.86	149.10
223.61	-71.93	146.64
224.46	-71.98	144.16
225.30	-72.00	142.68
226.15	-71.96	143.14
227.01	-71.90	145.08
227.86	-71.88	147.10
228.72	-71.97	147.77
229.59	-72.17	146.44
230.45	-72.37	144.05
231.32	-72.44	141.76
232.20	-72.28	140.55
233.07	-71.97	140.10
233.95	-71.70	139.57
234.84	-71.63	138.16
235.72	-71.76	135.92
236.61	-71.93	133.75
237.50	-71.96	132.60
238.40	-71.79	132.83
239.30	-71.55	133.51
240.20	-71.43	133.53
241.11	-71.55	132.06
242.02	-71.80	129.69
242.93	-71.97	127.39
243.85	-71.90	126.06
244.77	-71.67	125.69
245.69	-71.47	125.78
246.62	-71.49	125.82
247.55	-71.72	125.53
248.48	-71.92	124.84
249.42	-71.89	123.67
250.36	-71.57	122.15
251.31	-71.15	120.60
252.26	-70.85	119.41
253.21	-70.76	118.67
254.16	-70.79	118.11
255.12	-70.82	117.39
256.09	-70.81	116.36
257.05	-70.76	115.25
258.02	-70.71	114.35
259.00	-70.70	113.71
259.97	-70.66	112.97
260.95	-70.58	111.70
261.94	-70.44	109.75
262.93	-70.29	107.63
263.92	-70.20	105.95
264.92	-70.19	104.93
265.92	-70.20	104.00
266.92	-70.18	102.48
267.93	-70.10	100.16
268.94	-70.06	97.59
269.95	-70.13	95.40
270.97	-70.29	93.71
271.99	-70.38	92.00
273.02	-70.26	89.77
274.05	-69.95	87.22
275.08	-69.66	85.26
276.12	-69.60	84.69
277.16	-69.73	84.87
278.21	-69.88	84.26
279.26	-69.91	81.71
280.31	-69.85	78.20
281.37	-69.83	75.52
282.43	-69.89	74.72
283.50	-69.97	74.71
284.57	-69.95	74.01
285.64	-69.83	72.11
286.72	-69.69	69.88
287.80	-69.62	68.25
288.89	-69.66	67.27
289.98	-69.80	66.32
291.07	-70.03	64.87
292.17	-70.28	62.96
293.27	-70.47	60.76
294.38	-70.57	58.54
295.49	-70.60	56.66
296.61	-70.63	55.47
297.73	-70.67	54.69
298.85	-70.75	53.58
299.98	-70.87	51.70
301.11	-71.02	49.94
302.25	-71.17	49.45
303.39	-71.29	50.12
304.53	-71.34	50.23
305.68	-71.30	48.38
306.83	-71.21	45.65
307.99	-71.11	44.11
309.15	-71.04	44.36
310.32	-71.02	44.57
311.49	-71.04	42.98
312.67	-71.06	40.29
313.85	-71.06	38.31
315.03	-71.02	37.83
316.22	-71.02	37.99
317.41	-71.09	37.82
318.61	-71.19	36.93
319.81	-71.21	35.16
321.02	-71.13	32.80
322.23	-71.00	30.66
323.45	-70.92	29.40
324.67	-70.96	28.78
325.89	-71.22	28.29
327.12	-71.58	27.41
328.36	-71.78	25.55
329.60	-71.69	22.70
330.84	-71.50	20.22
332.09	-71.44	19.40
333.34	-71.50	19.65
334.60	-71.61	19.57
335.86	-71.71	18.76
337.13	-71.78	17.81
338.40	-71.80	17.09
339.68	-71.73	16.27
340.96	-71.55	15.04
342.25	-71.41	13.59
343.54	-71.49	12.33
344.83	-71.74	11.28
346.14	-71.95	10.18
347.44	-72.05	8.82
348.75	-72.14	7.19
350.07	-72.31	5.37
351.39	-72.40	3.89
352.72	-72.25	3.20
354.05	-72.06	2.92
355.38	-72.10	2.40
356.72	-72.32	1.58
358.07	-72.49	0.80
359.42	-72.51	-0.11
360.78	-72.45	-1.86
362.14	-72.39	-4.35
363.51	-72.42	-6.10
364.88	-72.56	-6.30
366.25	-72.66	-6.17
367.64	-72.61	-6.83
369.02	-72.52	-7.75
370.42	-72.54	-8.23
371.81	-72.69	-8.86
373.22	-72.92	-10.39
374.63	-73.07	-11.57
376.04	-72.96	-10.66
377.46	-72.58	-9.26
378.88	-72.07	-10.46
380.31	-71.68	-13.39
381.75	-71.69	-14.79
383.19	-71.91	-14.79
384.63	-71.79	-16.02
386.09	-71.40	-18.83
387.54	-71.31	-21.76
389.00	-71.52	-23.81
390.47	-71.57	-24.55
391.95	-71.45	-24.63
393.43	-71.49	-25.57
394.91	-71.66	-27.68
396.40	-71.58	-30.16
397.90	-71.30	-32.34
399.40	-71.22	-33.73
400.90	-71.33	-34.85
402.42	-71.41	-36.73
403.94	-71.30	-38.67
405.46	-71.01	-39.19
406.99	-70.84	-39.43
408.53	-71.12	-41.25
410.07	-71.41	-42.53
411.61	-71.15	-40.87
413.17	-70.76	-40.31
414.73	-70.73	-44.37
416.29	-70.82	-47.79
417.86	-70.79	-46.89
419.44	-70.82	-46.46
421.02	-70.95	-49.04
422.61	-70.96	-51.44
424.21	-70.73	-52.43
425.81	-70.38	-53.58
427.41	-70.05	-55.74
429.03	-69.88	-58.95
430.65	-69.81	-61.92
432.27	-69.72	-63.47
433.90	-69.55	-65.38
435.54	-69.31	-68.78
437.18	-69.18	-71.60
438.83	-69.17	-73.33
440.49	-69.13	-76.10
442.15	-68.99	-79.68
443.82	-68.81	-82.32
445.49	-68.73	-84.30
447.18	-68.90	-86.63
448.86	-69.19	-90.19
450.56	-69.34	-94.68
452.26	-69.06	-98.26
453.96	-68.79	-99.97
455.68	-69.23	-100.15
457.40	-69.71	-101.63
459.12	-69.58	-105.76
460.85	-69.34	-108.86
462.59	-69.31	-110.73
464.34	-69.48	-114.28
466.09	-69.60	-116.47
467.85	-69.51	-115.02
469.62	-69.45	-116.02
471.39	-69.49	-120.68
473.17	-69.52	-124.36
474.95	-69.55	-126.87
476.74	-69.66	-128.98
478.54	-69.96	-129.40
480.35	-70.23	-130.02
482.16	-70.05	-134.31
483.98	-69.80	-138.26
485.81	-69.84	-139.04
487.64	-70.11	-139.29
489.48	-70.31	-139.39
491.33	-70.24	-139.75
493.18	-70.27	-144.73
495.04	-70.31	-151.48
496.91	-70.01	-152.49
498.79	-69.89	-152.43
500.67	-70.07	-154.07
502.56	-69.86	-153.88
504.45	-69.36	-155.57
506.36	-68.89	-161.50
508.27	-68.51	-166.31
510.19	-68.12	-166.85
512.11	-67.26	-173.13
514.04	-65.48	147.57
515.98	-68.16	124.89
517.93	-76.91	163.00
519.89	-77.70	-173.38
521.85	-73.09	-177.88
523.82	-72.34	176.96
525.79	-72.55	176.70
527.78	-72.52	176.35
529.77	-72.66	171.86
531.77	-72.52	169.55
533.78	-72.31	168.30
535.79	-72.39	165.81
537.81	-72.56	165.15
539.84	-72.53	163.41
541.88	-72.40	159.75
543.92	-72.64	158.45
545.98	-72.72	156.93
548.04	-72.56	153.90
550.10	-72.60	151.34
552.18	-72.70	150.64
554.26	-72.84	151.13
556.35	-73.05	149.79
558.45	-73.10	143.53
560.56	-73.04	140.56
562.68	-72.89	141.59
564.80	-72.67	138.97
566.93	-72.82	138.65
569.07	-72.95	137.58
571.22	-72.97	132.83
573.37	-73.58	131.06
575.54	-73.52	131.53
577.71	-73.22	131.29
579.89	-73.64	128.82
582.08	-73.74	125.41
584.27	-73.54	124.31
586.48	-73.65	123.61
588.69	-74.04	121.70
590.91	-73.60	124.53
593.14	-73.62	126.58
595.38	-73.97	123.86
597.63	-73.66	120.47
599.88	-73.20	123.11
602.15	-72.70	123.94
604.42	-72.21	118.91
606.70	-72.38	113.84
608.99	-73.41	114.60
611.29	-72.77	111.26
613.59	-73.06	110.55
615.91	-73.66	111.20
618.23	-73.30	106.51
620.57	-75.59	105.42
622.91	-76.69	117.16
625.26	-78.68	133.26
627.62	-79.56	160.60
629.99	-74.92	-162.23
632.36	-68.75	-154.47
634.75	-62.56	-161.08
637.15	-56.23	171.07
639.55	-53.46	125.29
641.96	-55.68	87.46
644.39	-57.87	72.08
646.82	-59.49	63.09
649.26	-60.68	57.51
651.71	-61.48	51.91
654.17	-62.02	46.27
656.64	-62.47	42.17
659.11	-62.78	37.18
661.60	-63.09	34.51
664.10	-63.46	31.84
666.60	-63.67	28.60
669.12	-64.03	24.92
671.64	-64.21	21.10
674.18	-64.05	17.70
676.72	-64.62	14.32
679.28	-64.74	11.41
681.84	-64.62	8.27
684.41	-64.92	3.34
687.00	-65.04	0.48
689.59	-64.91	-1.12
692.19	-64.99	-4.47
694.80	-65.23	-7.85
697.42	-65.47	-11.90
700.06	-65.34	-16.56
702.70	-65.63	-18.68
705.35	-65.84	-22.53
708.01	-66.22	-27.82
710.68	-66.15	-32.05
713.36	-65.89	-34.15
716.06	-66.19	-36.47
718.76	-66.48	-42.61
721.47	-66.54	-47.62
724.19	-66.85	-48.63
726.93	-67.03	-53.44
729.67	-67.33	-54.13
732.42	-67.42	-56.27
735.19	-67.67	-61.87
737.96	-68.25	-65.38
740.75	-68.04	-68.15
743.54	-68.34	-71.46
746.35	-68.63	-74.44
749.16	-69.10	-75.66
751.99	-69.35	-77.34
754.83	-69.49	-79.27
757.68	-69.49	-79.44
760.54	-70.27	-80.87
763.41	-70.25	-82.82
766.29	-69.99	-85.56
769.18	-70.02	-85.56
772.08	-69.70	-86.72
774.99	-69.84	-86.07
777.92	-70.00	-91.31
780.85	-69.71	-95.98
783.80	-69.47	-94.33
786.76	-69.42	-100.86
789.73	-69.16	-103.55
792.71	-69.27	-102.61
795.70	-68.59	-109.43
798.70	-68.58	-112.68
801.71	-68.48	-116.14
804.74	-68.43	-123.88
807.78	-68.76	-126.27
810.83	-68.55	-137.57
813.88	-70.39	-154.74
816.96	-77.56	-119.02
820.04	-70.18	-103.98
823.13	-68.33	-116.82
826.24	-67.44	-126.31
829.36	-67.43	-128.25
832.49	-66.97	-134.79
835.63	-66.79	-140.73
838.78	-66.46	-148.07
841.95	-66.50	-150.04
845.12	-66.33	-157.73
848.31	-66.30	-163.45
851.51	-66.32	-168.26
854.73	-66.19	-171.38
857.95	-66.01	-177.19
861.19	-66.15	178.36
864.44	-66.30	173.30
867.70	-66.16	171.01
870.98	-65.90	165.33
874.26	-65.90	158.82
877.56	-65.74	153.76
880.87	-65.81	148.71
884.20	-66.36	145.29
887.53	-65.99	140.02
890.88	-66.33	137.20
894.25	-66.19	132.57
897.62	-66.24	128.22
901.01	-66.08	123.83
904.41	-66.42	120.83
907.82	-66.14	116.55
911.25	-66.15	113.10
914.68	-66.22	109.65
918.14	-66.35	105.16
921.60	-66.50	100.75
925.08	-66.40	95.22
928.57	-66.62	91.02
932.07	-66.67	90.34
935.59	-66.37	84.97
939.12	-66.19	80.20
942.67	-66.06	75.66
946.22	-66.05	69.47
949.79	-66.26	69.03
953.38	-66.39	59.73
956.97	-66.66	52.63
960.59	-66.44	50.87
964.21	-66.70	47.37
967.85	-67.13	42.97
971.50	-67.55	37.34
975.17	-67.14	33.19
978.85	-67.79	30.34
982.54	-68.45	25.58
986.25	-68.06	23.98
989.97	-68.57	21.35
993.71	-69.02	17.31
997.46	-68.66	14.30
1001.22	-69.22	10.99
1005.00	-69.13	9.89
1008.79	-69.15	7.17
1012.60	-69.78	7.36
1016.42	-69.59	11.12
1020.25	-67.66	9.32
1024.10	-67.29	-6.19
1027.97	-67.92	-9.69
1031.85	-68.02	-13.59
1035.74	-67.79	-16.72
1039.65	-67.74	-19.44
1043.57	-67.70	-21.74
1047.51	-67.65	-25.60
1051.46	-67.34	-29.60
1055.43	-67.50	-35.74
1059.41	-67.41	-40.01
1063.41	-67.22	-38.98
1067.43	-66.95	-50.12
1071.45	-67.59	-56.96
1075.50	-66.81	-59.89
1079.55	-67.34	-64.92
1083.63	-67.48	-69.96
1087.72	-67.51	-76.99
1091.82	-67.39	-81.17
1095.94	-67.89	-84.38
1100.08	-67.74	-90.15
1104.23	-68.12	-93.37
1108.40	-67.87	-101.02
1112.58	-67.95	-100.19
1116.78	-68.14	-103.84
1120.99	-67.87	-108.74
1125.22	-67.94	-112.93
1129.47	-68.03	-119.82
1133.73	-67.86	-122.26
1138.01	-67.83	-125.06
1142.30	-67.62	-131.75
1146.61	-67.63	-135.35
1150.94	-67.58	-142.20
1155.28	-67.20	-144.61
1159.64	-67.15	-151.92
1164.02	-67.28	-155.34
1168.41	-66.99	-161.09
1172.82	-66.56	-165.95
1177.25	-66.70	-172.64
1181.69	-66.93	-179.10
1186.15	-66.94	168.35
1190.62	-67.80	167.35
1195.12	-69.50	163.19
1199.63	-69.57	178.80
1204.15	-67.88	170.65
1208.70	-66.66	162.24
1213.26	-66.96	156.96
1217.84	-66.50	150.28
1222.43	-66.45	143.55
1227.04	-66.03	135.66
1231.67	-66.33	131.38
1236.32	-66.12	126.08
1240.99	-66.18	121.55
1245.67	-66.22	118.83
1250.37	-65.96	111.25
1255.09	-65.60	108.59
1259.83	-65.50	102.24
1264.58	-65.34	95.90
1269.35	-65.22	92.63
1274.14	-64.81	84.76
1278.95	-65.09	79.43
1283.78	-64.69	74.58
1288.62	-64.34	66.25
1293.48	-64.44	63.02
1298.36	-64.14	55.02
1303.26	-64.30	46.63
1308.18	-64.17	37.75
1313.12	-64.04	30.34
1318.07	-64.36	24.21
1323.05	-64.35	17.04
1328.04	-64.52	9.92
1333.05	-64.92	5.57
1338.08	-65.16	2.16
1343.13	-64.66	-3.46
1348.20	-64.29	-11.48
1353.29	-64.51	-18.10
1358.39	-64.67	-28.01
1363.52	-64.85	-32.63
1368.67	-65.13	-39.81
1373.83	-65.48	-45.87
1379.01	-65.43	-56.08
1384.22	-66.05	-60.71
1389.44	-66.14	-66.42
1394.68	-66.25	-71.55
1399.95	-66.54	-80.25
1405.23	-67.02	-87.48
1410.53	-67.26	-93.48
1415.86	-68.32	-97.04
1421.20	-68.47	-101.48
1426.56	-68.65	-106.93
1431.94	-68.65	-111.96
1437.35	-68.93	-116.59
1442.77	-69.13	-118.97
1448.22	-69.39	-127.14
1453.68	-68.88	-127.59
1459.17	-69.45	-134.53
1464.67	-69.43	-138.48
1470.20	-69.26	-143.04
1475.75	-69.43	-150.02
1481.32	-69.37	-154.75
1486.91	-69.70	-158.69
1492.52	-69.35	-160.63
1498.15	-69.13	-170.51
1503.80	-68.31	-177.08
1509.48	-68.80	175.08
1515.17	-69.40	165.60
1520.89	-69.94	171.44
1526.63	-69.08	172.03
1532.39	-67.67	166.73
1538.17	-67.12	157.89
1543.98	-66.71	146.01
1549.81	-67.01	137.53
1555.65	-67.35	126.86
1561.52	-67.34	123.96
1567.42	-67.56	122.90
1573.33	-66.45	117.68
1579.27	-64.24	104.17
1585.23	-64.69	85.18
1591.21	-65.68	75.93
1597.21	-66.12	67.66
1603.24	-67.02	59.49
1609.29	-67.28	51.86
1615.36	-68.16	45.71
1621.46	-68.88	35.91
1627.58	-71.37	36.94
1633.72	-70.06	53.63
1639.89	-68.34	44.06
1646.07	-68.45	37.34
1652.29	-68.26	29.06
1658.52	-68.97	21.64
1664.78	-67.98	18.80
1671.06	-67.83	12.02
1677.37	-66.83	7.54
1683.70	-66.19	-7.60
1690.05	-67.13	-26.12
1696.43	-70.77	-36.87
1702.83	-71.70	-8.59
1709.26	-67.75	-5.20
1715.70	-66.00	-22.03
1722.18	-65.10	-40.05
1728.68	-65.00	-56.15
1735.20	-65.35	-64.95
1741.75	-65.42	-75.61
1748.32	-65.90	-87.19
1754.92	-66.08	-97.30
1761.54	-66.34	-104.67
1768.19	-66.57	-111.19
1774.86	-66.42	-122.48
1781.56	-66.44	-138.69
1788.28	-67.31	-142.68
1795.03	-67.60	-150.25
1801.80	-68.20	-159.40
1808.60	-68.43	-164.90
1815.43	-68.15	-172.75
1822.28	-68.44	-179.42
1829.15	-67.70	170.98
1836.06	-69.31	159.86
1842.99	-70.10	152.18
1849.94	-70.69	150.16
1856.92	-70.75	141.97
1863.93	-70.29	137.72
1870.96	-70.87	133.00
1878.02	-70.88	127.50
1885.11	-71.33	126.43
1892.22	-70.55	124.41
1899.36	-70.11	115.61
1906.53	-69.53	112.15
1913.72	-69.28	103.69
1920.95	-69.11	92.89
1928.19	-69.36	89.94
1935.47	-66.90	93.27
1942.77	-65.36	67.70
1950.11	-66.70	47.72
1957.46	-67.83	36.37
1964.85	-68.62	30.55
1972.27	-68.86	26.44
1979.71	-69.16	20.70
1987.18	-69.78	4.75
1994.68	-70.13	0.81
2002.20	-70.97	-10.50
2009.76	-71.84	-13.90
2017.34	-72.14	-14.72
2024.96	-72.20	-22.73
2032.60	-72.59	-26.30
2040.27	-72.01	-25.07
2047.97	-71.69	-31.11
2055.70	-70.52	-33.81
2063.45	-69.55	-47.18
2071.24	-69.09	-66.36
2079.06	-70.12	-78.95
2086.90	-70.60	-84.62
2094.78	-70.37	-96.97
2102.68	-71.25	-99.44
2110.62	-70.15	-117.77
2118.58	-71.28	-132.19
2126.57	-73.02	-143.78
2134.60	-73.27	-143.91
2142.65	-74.16	-145.98
2150.74	-73.47	-144.97
2158.86	-72.17	-148.79
2167.00	-72.05	-153.76
2175.18	-71.58	-166.30
2183.39	-70.58	-177.56
2191.63	-70.23	171.93
2199.90	-70.32	153.37
2208.20	-71.12	142.13
2216.53	-71.40	137.71
2224.90	-71.79	138.71
2233.29	-69.82	132.80
2241.72	-69.72	118.57
2250.18	-69.75	109.16
2258.67	-69.80	99.83
2267.19	-69.79	91.91
2275.75	-69.86	82.17
2284.34	-69.74	76.46
2292.96	-69.66	64.23
2301.61	-69.11	57.97
2310.29	-69.43	48.88
2319.01	-70.01	42.05
2327.76	-69.63	33.75
2336.55	-69.33	22.30
2345.36	-69.98	14.93
2354.21	-70.06	0.24
2363.10	-70.68	-10.25
2372.02	-71.31	-14.47
2380.97	-71.47	-18.48
2389.95	-70.49	-24.83
2398.97	-69.91	-33.73
2408.02	-69.69	-43.95
2417.11	-69.83	-51.17
2426.23	-69.12	-63.76
2435.39	-69.90	-73.51
2444.58	-69.72	-86.20
2453.80	-69.07	-96.93
2463.06	-69.17	-112.64
2472.35	-69.17	-118.92
2481.68	-68.77	-127.43
2491.05	-68.23	-139.87
2500.45	-68.03	-154.15
2509.88	-67.85	-167.74
2519.36	-67.53	179.90
2528.86	-67.87	159.80
2538.41	-69.14	150.83
2547.98	-69.75	149.92
2557.60	-69.35	140.03
2567.25	-69.40	129.86
2576.94	-69.39	119.35
2586.66	-69.36	112.44
2596.42	-68.49	105.21
2606.22	-68.18	90.85
2616.06	-68.73	81.89
2625.93	-69.05	72.92
2635.84	-68.63	68.84
2645.78	-67.67	55.17
2655.77	-67.43	43.15
2665.79	-67.17	32.92
2675.85	-67.65	20.75
2685.95	-67.77	11.47
2696.08	-67.61	-1.09
2706.26	-68.42	-12.30
2716.47	-68.37	-19.50
2726.72	-68.05	-28.53
2737.01	-67.16	-43.35
2747.34	-67.78	-56.53
2757.70	-67.68	-70.59
2768.11	-67.87	-86.80
2778.56	-68.49	-103.72
2789.04	-69.54	-114.66
2799.57	-70.27	-119.75
2810.13	-69.68	-122.10
2820.73	-68.71	-132.61
2831.38	-66.96	-147.29
2842.06	-67.00	-165.08
2852.79	-67.53	179.51
2863.55	-67.61	166.01
2874.36	-67.89	149.09
2885.21	-68.33	142.66
2896.09	-68.27	133.19
2907.02	-67.30	124.74
2917.99	-67.30	112.13
2929.00	-66.50	97.68
2940.06	-66.67	82.02
2951.15	-67.30	67.27
2962.29	-68.10	54.67
2973.47	-68.64	48.50
2984.69	-69.40	42.48
2995.95	-69.50	31.23
3007.25	-68.77	23.39
3018.60	-67.75	11.96
3029.99	-67.01	-2.33
3041.43	-67.74	-14.29
3052.90	-68.31	-30.14
3064.42	-67.82	-42.41
3075.99	-68.03	-53.29
3087.60	-68.77	-72.85
3099.25	-69.14	-83.68
3110.94	-69.47	-92.27
3122.68	-68.79	-104.94
3134.47	-68.25	-118.66
3146.29	-68.20	-135.77
3158.17	-67.99	-150.50
3170.08	-68.21	-171.65
3182.05	-69.57	172.71
3194.05	-69.82	164.34
3206.11	-70.02	153.93
3218.21	-69.03	146.40
3230.35	-68.97	133.61
3242.54	-69.23	120.92
3254.77	-68.42	109.25
3267.06	-68.60	92.72
3279.39	-69.17	85.18
3291.76	-68.64	74.26
3304.18	-68.53	63.43
3316.65	-68.05	47.56
3329.17	-68.16	36.35
3341.73	-68.67	19.80
3354.34	-69.35	8.17
3367.00	-69.09	-0.77
3379.70	-68.96	-18.71
3392.46	-69.94	-33.58
3405.26	-69.90	-42.45
3418.11	-69.25	-55.33
3431.01	-68.89	-72.01
3443.95	-69.75	-91.71
3456.95	-70.36	-99.98
3469.99	-69.73	-114.03
3483.09	-69.70	-128.85
3496.23	-69.14	-151.98
3509.43	-69.67	-166.49
3522.67	-70.38	-177.89
3535.96	-70.09	-179.71
3549.31	-68.81	170.00
3562.70	-67.36	147.03
3576.14	-68.44	131.01
3589.64	-67.48	113.08
3603.18	-68.73	98.86
3616.78	-67.50	92.12
3630.43	-67.75	68.13
3644.13	-68.09	60.62
3657.88	-67.87	45.83
3671.68	-68.37	31.04
3685.54	-69.06	18.48
3699.45	-69.19	10.84
3713.41	-69.34	-0.73
3727.42	-68.35	-17.29
3741.49	-68.48	-35.59
3755.60	-69.01	-54.98
3769.78	-70.05	-68.06
3784.00	-69.64	-77.92
3798.28	-69.17	-91.54
3812.61	-68.56	-113.89
3827.00	-69.70	-130.88
3841.44	-68.68	-143.82
3855.94	-68.41	-159.43
3870.49	-68.31	-178.24
3885.09	-67.97	166.23
3899.75	-67.40	147.53
3914.47	-67.84	128.76
3929.24	-68.14	111.69
3944.07	-69.76	103.74
3958.95	-68.49	96.10
3973.89	-68.30	80.89
3988.89	-67.72	67.71
4003.94	-68.01	47.16
4019.05	-69.55	37.73
4034.22	-67.80	34.16
4049.44	-66.65	14.52
4064.72	-66.97	-2.38
4080.06	-65.90	-21.57
4095.46	-66.33	-39.78
4110.91	-66.49	-55.89
4126.42	-66.67	-77.09
4141.99	-67.32	-93.38
4157.62	-66.49	-109.75
4173.31	-65.95	-125.61
4189.06	-64.62	-146.10
4204.87	-65.61	-169.14
4220.74	-65.64	174.04
4236.66	-65.19	159.23
4252.65	-64.93	140.34
4268.70	-64.48	123.47
4284.81	-65.02	106.30
4300.98	-64.81	89.21
4317.21	-64.91	75.89
4333.50	-64.97	59.41
4349.85	-64.35	45.35
4366.26	-64.19	27.42
4382.74	-63.92	10.66
4399.28	-63.68	-5.45
4415.88	-63.34	-29.66
4432.54	-64.01	-48.94
4449.27	-64.05	-67.91
4466.06	-64.31	-84.34
4482.91	-63.84	-105.38
4499.83	-64.40	-121.25
4516.81	-63.46	-140.38
4533.85	-63.09	-160.06
4550.96	-62.60	178.42
4568.14	-62.32	161.23
4585.37	-62.29	141.88
4602.68	-62.06	127.50
4620.05	-61.27	105.98
4637.48	-60.92	85.78
4654.98	-60.63	64.73
4672.55	-61.14	40.35
4690.18	-62.08	22.20
4707.88	-62.34	12.39
4725.64	-61.49	-7.25
4743.48	-61.41	-26.45
4761.38	-60.54	-47.60
4779.34	-60.32	-73.53
4797.38	-60.66	-96.19
4815.48	-60.63	-117.66
4833.65	-60.73	-138.99
4851.89	-60.67	-163.99
4870.20	-60.67	176.86
4888.58	-60.85	158.02
4907.03	-60.38	137.02
4925.54	-60.30	115.71
4944.13	-60.08	95.76
4962.79	-60.09	75.08
4981.52	-60.69	53.38
5000.31	-60.63	35.30
5019.18	-60.61	16.84
5038.12	-60.28	-3.45
5057.14	-60.03	-26.54
5076.22	-60.45	-51.71
5095.37	-60.74	-74.19
5114.60	-61.33	-95.92
5133.90	-61.04	-118.12
5153.27	-61.56	-137.48
5172.72	-61.01	-158.35
5192.24	-60.59	175.71
5211.83	-60.76	150.59
5231.50	-60.94	130.98
5251.24	-61.75	110.18
5271.06	-61.58	92.05
5290.95	-61.10	72.66
5310.91	-61.03	52.26
5330.96	-61.36	29.98
5351.07	-61.15	13.66
5371.27	-60.91	-10.48
5391.53	-60.61	-33.92
5411.88	-60.79	-63.71
5432.30	-61.99	-91.99
5452.80	-62.06	-111.37
5473.38	-62.73	-136.39
5494.03	-63.32	-154.64
5514.76	-62.82	-173.98
5535.57	-62.79	164.95
5556.46	-62.49	141.65
5577.43	-61.76	122.60
5598.48	-61.52	97.07
5619.60	-61.00	77.60
5640.81	-60.77	45.77
5662.10	-62.60	20.65
5683.46	-62.63	6.83
5704.91	-63.19	-27.33
5726.44	-66.93	-26.14
5748.05	-61.91	-38.45
5769.74	-61.93	-83.31
5791.51	-63.75	-113.22
5813.36	-64.08	-129.14
5835.30	-63.72	-150.61
5857.32	-61.85	-173.08
5879.42	-62.16	154.35
5901.61	-63.20	132.31
5923.88	-62.19	121.94
5946.23	-61.14	91.68
5968.67	-60.76	69.91
5991.20	-60.88	40.63
6013.80	-61.12	13.63
6036.50	-61.74	-10.56
6059.28	-62.37	-34.67
6082.14	-62.77	-58.91
6105.09	-63.53	-82.30
6128.13	-63.87	-102.12
6151.26	-62.39	-121.38
6174.47	-61.58	-161.75
6197.77	-62.92	-178.61
6221.16	-61.45	158.72
6244.63	-60.85	130.63
6268.20	-60.70	102.01
6291.85	-59.68	81.15
6315.59	-60.15	43.54
6339.42	-63.03	19.93
6363.35	-62.65	12.71
6387.36	-61.18	-11.52
6411.46	-61.23	-46.09
6435.66	-62.38	-65.68
6459.94	-61.69	-96.88
6484.32	-61.85	-117.47
6508.79	-61.03	-149.75
6533.35	-60.96	-173.18
6558.00	-60.33	156.69
6582.75	-60.21	136.48
6607.59	-58.67	104.06
6632.53	-59.54	76.47
6657.55	-59.89	51.17
6682.68	-59.01	24.05
6707.90	-61.20	-3.42
6733.21	-60.89	-15.65
6758.62	-59.24	-42.09
6784.12	-59.07	-76.23
6809.72	-58.58	-105.79
6835.42	-58.94	-134.17
6861.21	-58.03	-163.29
6887.10	-57.85	168.91
6913.09	-57.73	138.66
6939.18	-58.00	114.36
6965.36	-57.38	93.88
6991.65	-55.80	68.38
7018.03	-54.95	35.89
7044.51	-54.55	3.69
7071.10	-54.52	-30.12
7097.78	-54.33	-62.71
7124.56	-54.39	-95.01
7151.45	-54.43	-124.60
7178.44	-54.30	-152.15
7205.52	-53.31	-178.10
7232.71	-51.66	145.72
7260.01	-51.32	110.75
7287.40	-51.11	76.18
7314.90	-50.91	40.64
7342.51	-51.41	4.15
7370.21	-52.11	-26.25
7398.03	-52.66	-58.42
7425.94	-52.40	-83.05
7453.97	-51.33	-119.28
7482.09	-51.38	-158.25
7510.33	-51.29	168.12
7538.67	-51.19	131.92
7567.12	-51.63	93.27
7595.67	-53.05	59.93
7624.33	-53.67	36.85
7653.10	-53.26	6.81
7681.98	-53.50	-27.17
7710.97	-53.77	-61.41
7740.07	-54.14	-95.65
7769.28	-54.26	-132.69
7798.60	-55.83	-163.53
7828.02	-55.17	167.66
7857.56	-55.27	134.71
7887.21	-55.75	103.14
7916.98	-55.22	73.23
7946.85	-55.63	42.22
7976.84	-55.61	14.13
8006.94	-55.05	-24.43
8037.16	-56.17	-63.24
8067.49	-57.95	-89.64
8097.93	-57.04	-112.60
8128.49	-55.30	-151.58
8159.16	-55.76	173.26
8189.95	-55.23	135.81
8220.86	-55.11	98.47
8251.88	-55.62	63.54
8283.02	-56.91	32.24
8314.27	-57.13	7.26
8345.65	-57.10	-21.66
8377.14	-55.68	-54.86
8408.75	-55.47	-102.67
8440.48	-56.59	-137.79
8472.33	-55.88	-169.67
8504.30	-55.98	151.18
8536.40	-56.29	119.79
8568.61	-56.22	87.50
8600.94	-55.53	52.49
8633.40	-56.02	14.60
8665.98	-56.28	-20.67
8698.68	-56.84	-52.84
8731.51	-56.83	-86.53
8764.46	-56.84	-123.23
8797.53	-56.24	-160.07
8830.73	-55.97	165.69
8864.05	-55.29	128.24
8897.50	-54.63	92.76
8931.07	-54.60	54.24
8964.78	-54.60	18.47
8998.61	-54.83	-18.64
9032.56	-54.63	-54.14
9066.65	-53.78	-93.34
9100.86	-53.25	-137.13
9135.20	-53.24	177.68
9169.68	-53.48	136.31
9204.28	-53.63	96.02
9239.01	-54.19	61.25
9273.88	-53.63	26.22
9308.87	-53.09	-15.96
9344.00	-53.50	-62.53
9379.26	-54.42	-106.50
9414.65	-55.12	-145.40
9450.18	-55.44	175.32
9485.84	-55.02	140.23
9521.64	-54.75	99.13
9557.57	-54.58	55.35
9593.64	-55.61	13.31
9629.84	-56.78	-24.35
9666.18	-57.66	-64.37
9702.65	-58.14	-97.91
9739.27	-57.25	-138.78
9776.02	-57.01	171.95
9812.91	-57.48	129.78
9849.94	-58.41	87.34
9887.11	-59.43	57.04
9924.42	-59.54	24.62
9961.87	-59.93	-16.05
9999.46	-60.34	-51.43
10037.19	-59.89	-93.46
10075.07	-59.83	-141.50
10113.09	-60.99	174.09
10151.25	-60.08	149.64
10189.55	-58.40	107.02
10228.01	-58.35	62.49
10266.60	-58.48	22.82
10305.34	-58.98	-18.24
10344.23	-59.52	-60.88
10383.27	-59.65	-101.32
10422.45	-58.89	-146.11
10461.78	-58.19	168.30
10501.26	-58.12	121.64
10540.88	-57.82	85.22
10580.66	-57.36	43.20
10620.59	-57.89	-1.06
10660.66	-57.55	-43.13
10700.89	-57.36	-93.36
10741.27	-57.42	-139.58
10781.81	-56.68	169.90
10822.49	-57.23	120.91
10863.33	-56.95	79.67
10904.33	-57.31	35.59
10945.47	-57.38	-6.54
10986.78	-57.37	-56.43
11028.24	-58.39	-109.51
11069.85	-58.69	-155.07
11111.63	-58.65	156.18
11153.56	-58.17	110.92
11195.64	-58.60	62.86
11237.89	-59.13	24.54
11280.30	-59.17	-23.82
11322.87	-61.11	-72.39
11365.59	-60.84	-119.85
11408.48	-61.01	-170.79
11451.53	-60.54	143.67
11494.75	-60.67	93.87
11538.12	-60.99	54.35
11581.66	-61.71	7.40
11625.37	-62.76	-34.93
11669.24	-63.88	-81.15
11713.27	-62.93	-126.54
11757.47	-62.17	173.53
11801.84	-62.51	127.22
11846.37	-62.37	84.66
11891.08	-61.53	42.94
11935.95	-61.84	-6.49
11980.99	-63.68	-55.98
12026.20	-64.50	-105.89
12071.58	-63.75	-157.10
12117.14	-63.16	148.58
12162.86	-62.73	101.88
12208.76	-62.75	59.31
12254.83	-62.89	16.02
12301.07	-63.07	-35.30
12347.49	-63.85	-87.07
12394.08	-63.84	-148.58
12440.85	-63.29	162.01
12487.80	-62.18	106.74
12534.92	-63.08	60.88
12582.23	-63.12	20.03
12629.71	-63.74	-26.31
12677.37	-64.78	-83.89
12725.20	-64.37	-143.87
12773.22	-64.41	156.36
12821.42	-64.23	113.34
12869.81	-62.80	67.77
12918.37	-63.09	20.64
12967.12	-63.95	-30.66
13016.05	-65.29	-86.42
13065.17	-65.54	-145.63
13114.47	-63.69	162.03
13163.96	-61.58	106.04
13213.64	-62.17	47.62
13263.50	-63.91	4.81
13313.55	-64.38	-45.68
13363.79	-64.17	-105.11
13414.22	-64.35	-172.75
13464.84	-63.58	136.49
13515.65	-62.77	83.22
13566.65	-62.71	37.10
13617.84	-63.22	-24.55
13669.23	-65.54	-74.27
13720.81	-65.19	-138.39
13772.59	-64.51	163.51
13824.56	-63.22	107.62
13876.73	-62.58	59.21
13929.09	-64.14	8.14
13981.66	-64.22	-42.33
14034.42	-64.33	-107.26
14087.38	-63.99	-176.75
14140.54	-63.25	125.02
14193.90	-62.83	72.63
14247.46	-62.67	23.20
14301.22	-63.41	-38.33
14355.19	-64.37	-99.43
14409.36	-64.03	-164.92
14463.73	-62.58	134.43
14518.31	-61.64	75.49
14573.10	-62.64	19.09
14628.09	-63.32	-31.92
14683.29	-64.10	-102.43
14738.70	-64.07	-168.83
14794.32	-63.09	131.79
14850.15	-62.29	76.67
14906.18	-61.73	14.51
14962.43	-64.06	-43.19
15018.90	-64.61	-106.63
15075.57	-64.50	-176.22
15132.46	-62.73	122.55
15189.56	-61.88	64.97
15246.88	-62.66	4.26
15304.42	-63.90	-55.25
15362.17	-64.12	-125.10
15420.14	-63.31	161.65
15478.33	-62.95	100.34
15536.74	-62.54	45.36
15595.37	-63.17	-14.25
15654.22	-64.72	-82.11
15713.29	-64.61	-157.60
15772.58	-63.79	135.59
15832.10	-62.68	75.63
15891.85	-62.91	15.11
15951.81	-64.86	-48.48
16012.01	-65.99	-119.86
16072.43	-64.96	170.54
16133.08	-63.35	101.06
16193.96	-63.69	43.73
16255.07	-64.55	-14.03
16316.41	-65.92	-87.95
16377.98	-66.25	-164.25
16439.79	-65.02	129.73
16501.82	-63.47	68.86
16564.09	-64.35	11.06
16626.60	-66.05	-54.56
16689.34	-66.01	-132.94
16752.32	-64.92	147.75
16815.54	-64.04	86.09
16878.99	-63.61	26.43
16942.69	-64.92	-39.07
17006.62	-66.30	-120.04
17070.79	-64.70	162.00
17135.21	-63.28	96.20
17199.87	-63.26	32.33
17264.78	-64.38	-31.69
17329.93	-65.13	-110.27
17395.32	-64.46	163.83
17460.97	-63.22	97.78
17526.86	-62.66	34.61
17593.00	-63.52	-38.10
17659.38	-65.16	-123.69
17726.02	-64.52	158.18
17792.91	-62.55	87.97
17860.06	-62.98	20.48
17927.45	-64.53	-49.26
17995.10	-65.29	-132.81
18063.01	-63.83	144.08
18131.17	-62.95	74.63
18199.59	-63.14	8.67
18268.27	-64.74	-71.98
18337.21	-65.56	-156.27
18406.40	-63.36	124.78
18475.86	-62.54	53.29
18545.58	-63.84	-19.45
18615.56	-65.63	-105.14
18685.81	-64.92	165.46
18756.32	-63.79	89.70
18827.10	-64.11	21.41
18898.15	-66.21	-53.78
18969.46	-67.10	-149.58
19041.04	-65.82	125.61
19112.90	-64.76	57.99
19185.02	-66.65	-11.95
19257.42	-69.20	-97.47
19330.09	-68.30	163.68
19403.03	-66.53	88.34
19476.25	-67.10	25.76
19549.74	-69.29	-55.35
19623.51	-72.57	-158.53
19697.56	-68.45	119.63
19771.89	-67.70	52.77
19846.51	-69.93	-12.53
19921.40	-74.04	-107.34
19996.57	-71.47	143.86
20072.03	-68.87	77.49
20147.78	-69.84	17.75
20223.80	-74.16	-65.44
20300.12	-74.25	177.57
20376.72	-70.31	96.59
20453.62	-69.24	36.32
20530.80	-73.71	-30.44
20608.28	-76.08	-153.54
20686.04	-70.82	108.25
20764.10	-69.16	49.59
20842.46	-72.40	-22.12
20921.11	-78.25	-135.69
21000.06	-71.85	113.62
21079.30	-70.24	50.09
21158.85	-74.03	-8.76
21238.69	-79.05	-133.78
21318.84	-73.54	105.32
21399.29	-71.65	50.96
21480.04	-75.63	-0.40
21561.09	-83.02	-122.54
21642.46	-74.08	99.25
21724.12	-72.82	51.43
21806.10	-76.07	-5.77
21888.39	-81.58	166.25
21970.99	-73.91	80.44
22053.89	-74.84	32.14
22137.12	-82.59	34.03
22220.65	-78.10	89.51
22304.50	-74.82	58.47
