Freq[Hz]	[dBV]	Phase[Deg]
10.00	-59.47	48.75
10.04	-59.57	49.50
10.08	-59.67	50.23
10.11	-59.77	50.94
10.15	-59.87	51.63
10.19	-59.98	52.29
10.23	-60.08	52.94
10.27	-60.18	53.56
10.31	-60.28	54.17
10.34	-60.38	54.75
10.38	-60.48	55.31
10.42	-60.58	55.86
10.46	-60.68	56.38
10.50	-60.78	56.87
10.54	-60.88	57.35
10.58	-60.97	57.81
10.62	-61.07	58.24
10.66	-61.17	58.65
10.70	-61.26	59.04
10.74	-61.35	59.41
10.78	-61.44	59.76
10.82	-61.53	60.08
10.86	-61.62	60.39
10.90	-61.71	60.67
10.95	-61.80	60.92
10.99	-61.88	61.16
11.03	-61.96	61.37
11.07	-62.04	61.56
11.11	-62.12	61.73
11.15	-62.20	61.87
11.20	-62.27	61.99
11.24	-62.34	62.09
11.28	-62.41	62.17
11.32	-62.48	62.22
11.37	-62.55	62.25
11.41	-62.61	62.26
11.45	-62.67	62.24
11.50	-62.72	62.20
11.54	-62.78	62.14
11.58	-62.83	62.05
11.63	-62.87	61.94
11.67	-62.92	61.81
11.71	-62.95	61.65
11.76	-62.99	61.47
11.80	-63.02	61.26
11.85	-63.05	61.04
11.89	-63.08	60.79
11.94	-63.10	60.51
11.98	-63.12	60.22
12.03	-63.13	59.90
12.07	-63.14	59.56
12.12	-63.15	59.20
12.16	-63.15	58.82
12.21	-63.15	58.41
12.26	-63.15	57.99
12.30	-63.14	57.54
12.35	-63.13	57.08
12.39	-63.12	56.59
12.44	-63.11	56.09
12.49	-63.09	55.56
12.54	-63.07	55.02
12.58	-63.04	54.46
12.63	-63.01	53.88
12.68	-62.98	53.28
12.73	-62.95	52.67
12.77	-62.91	52.03
12.82	-62.87	51.39
12.87	-62.83	50.72
12.92	-62.78	50.04
12.97	-62.74	49.35
13.02	-62.69	48.64
13.07	-62.64	47.91
13.12	-62.58	47.18
13.16	-62.52	46.42
13.21	-62.46	45.66
13.26	-62.40	44.89
13.31	-62.34	44.10
13.36	-62.27	43.30
13.41	-62.21	42.49
13.47	-62.14	41.67
13.52	-62.07	40.85
13.57	-61.99	40.01
13.62	-61.92	39.17
13.67	-61.84	38.32
13.72	-61.77	37.46
13.77	-61.69	36.60
13.83	-61.61	35.73
13.88	-61.53	34.85
13.93	-61.45	33.98
13.98	-61.36	33.10
14.04	-61.28	32.22
14.09	-61.20	31.33
14.14	-61.11	30.45
14.19	-61.03	29.57
14.25	-60.94	28.68
14.30	-60.85	27.80
14.36	-60.77	26.93
14.41	-60.68	26.05
14.46	-60.60	25.18
14.52	-60.51	24.32
14.57	-60.43	23.46
14.63	-60.34	22.61
14.68	-60.26	21.77
14.74	-60.18	20.94
14.80	-60.09	20.12
14.85	-60.01	19.31
14.91	-59.93	18.50
14.96	-59.85	17.71
15.02	-59.77	16.92
15.08	-59.70	16.15
15.13	-59.62	15.38
15.19	-59.54	14.62
15.25	-59.46	13.88
15.31	-59.39	13.14
15.36	-59.31	12.41
15.42	-59.24	11.69
15.48	-59.17	10.98
15.54	-59.09	10.27
15.60	-59.02	9.58
15.66	-58.95	8.90
15.71	-58.87	8.23
15.77	-58.80	7.56
15.83	-58.73	6.91
15.89	-58.66	6.27
15.95	-58.59	5.63
16.01	-58.52	5.01
16.07	-58.45	4.39
16.13	-58.38	3.78
16.19	-58.32	3.19
16.26	-58.25	2.60
16.32	-58.18	2.02
16.38	-58.11	1.46
16.44	-58.05	0.90
16.50	-57.98	0.35
16.56	-57.91	-0.19
16.63	-57.85	-0.72
16.69	-57.78	-1.24
16.75	-57.71	-1.75
16.82	-57.65	-2.25
16.88	-57.58	-2.74
16.94	-57.51	-3.22
17.01	-57.45	-3.69
17.07	-57.38	-4.16
17.14	-57.31	-4.61
17.20	-57.25	-5.05
17.27	-57.18	-5.49
17.33	-57.11	-5.91
17.40	-57.05	-6.33
17.46	-56.98	-6.73
17.53	-56.91	-7.13
17.59	-56.84	-7.52
17.66	-56.77	-7.90
17.73	-56.71	-8.27
17.79	-56.64	-8.63
17.86	-56.57	-8.98
17.93	-56.50	-9.32
18.00	-56.43	-9.66
18.06	-56.35	-9.98
18.13	-56.28	-10.30
18.20	-56.21	-10.61
18.27	-56.14	-10.92
18.34	-56.06	-11.22
18.41	-55.99	-11.50
18.48	-55.92	-11.79
18.55	-55.84	-12.06
18.62	-55.76	-12.33
18.69	-55.69	-12.60
18.76	-55.61	-12.85
18.83	-55.53	-13.11
18.90	-55.45	-13.35
18.97	-55.37	-13.60
19.04	-55.29	-13.83
19.11	-55.21	-14.07
19.19	-55.12	-14.29
19.26	-55.04	-14.52
19.33	-54.95	-14.74
19.40	-54.86	-14.96
19.48	-54.78	-15.17
19.55	-54.69	-15.38
19.62	-54.60	-15.59
19.70	-54.50	-15.80
19.77	-54.41	-16.01
19.85	-54.32	-16.21
19.92	-54.22	-16.42
20.00	-54.12	-16.62
20.07	-54.02	-16.83
20.15	-53.92	-17.03
20.22	-53.82	-17.24
20.30	-53.72	-17.44
20.38	-53.61	-17.65
20.45	-53.51	-17.86
20.53	-53.40	-18.08
20.61	-53.29	-18.29
20.69	-53.17	-18.51
20.77	-53.06	-18.73
20.84	-52.94	-18.96
20.92	-52.83	-19.18
21.00	-52.71	-19.41
21.08	-52.59	-19.64
21.16	-52.47	-19.88
21.24	-52.34	-20.11
21.32	-52.22	-20.35
21.40	-52.09	-20.58
21.48	-51.97	-20.82
21.56	-51.84	-21.06
21.64	-51.71	-21.30
21.73	-51.58	-21.54
21.81	-51.45	-21.79
21.89	-51.32	-22.03
21.97	-51.19	-22.27
22.06	-51.06	-22.52
22.14	-50.92	-22.76
22.22	-50.79	-23.00
22.31	-50.66	-23.24
22.39	-50.52	-23.48
22.47	-50.39	-23.73
22.56	-50.25	-23.96
22.64	-50.12	-24.20
22.73	-49.99	-24.44
22.82	-49.85	-24.67
22.90	-49.72	-24.91
22.99	-49.59	-25.14
23.07	-49.46	-25.37
23.16	-49.33	-25.59
23.25	-49.20	-25.81
23.34	-49.07	-26.03
23.43	-48.94	-26.25
23.51	-48.81	-26.46
23.60	-48.69	-26.67
23.69	-48.56	-26.88
23.78	-48.44	-27.08
23.87	-48.32	-27.28
23.96	-48.20	-27.47
24.05	-48.07	-27.67
24.14	-47.96	-27.86
24.23	-47.84	-28.05
24.32	-47.72	-28.25
24.42	-47.60	-28.44
24.51	-47.48	-28.63
24.60	-47.37	-28.82
24.69	-47.25	-29.01
24.79	-47.14	-29.20
24.88	-47.02	-29.39
24.97	-46.90	-29.58
25.07	-46.79	-29.78
25.16	-46.67	-29.98
25.26	-46.56	-30.18
25.35	-46.44	-30.38
25.45	-46.33	-30.59
25.54	-46.21	-30.80
25.64	-46.10	-31.02
25.74	-45.98	-31.24
25.84	-45.86	-31.47
25.93	-45.75	-31.70
26.03	-45.63	-31.94
26.13	-45.51	-32.18
26.23	-45.39	-32.44
26.33	-45.27	-32.70
26.43	-45.15	-32.97
26.53	-45.02	-33.25
26.63	-44.90	-33.54
26.73	-44.77	-33.84
26.83	-44.65	-34.15
26.93	-44.52	-34.46
27.03	-44.39	-34.79
27.13	-44.26	-35.12
27.23	-44.13	-35.46
27.34	-44.00	-35.82
27.44	-43.86	-36.18
27.54	-43.73	-36.55
27.65	-43.59	-36.93
27.75	-43.46	-37.32
27.86	-43.32	-37.72
27.96	-43.18	-38.13
28.07	-43.04	-38.55
28.17	-42.90	-38.98
28.28	-42.76	-39.42
28.39	-42.62	-39.87
28.49	-42.48	-40.32
28.60	-42.34	-40.79
28.71	-42.19	-41.27
28.82	-42.05	-41.75
28.93	-41.90	-42.25
29.03	-41.76	-42.76
29.14	-41.61	-43.27
29.25	-41.46	-43.80
29.36	-41.32	-44.34
29.48	-41.17	-44.88
29.59	-41.02	-45.44
29.70	-40.87	-46.01
29.81	-40.72	-46.59
29.92	-40.57	-47.18
30.04	-40.42	-47.79
30.15	-40.27	-48.41
30.26	-40.12	-49.04
30.38	-39.97	-49.68
30.49	-39.82	-50.34
30.61	-39.66	-51.01
30.72	-39.51	-51.70
30.84	-39.36	-52.41
30.95	-39.20	-53.13
31.07	-39.05	-53.86
31.19	-38.90	-54.62
31.31	-38.74	-55.39
31.42	-38.59	-56.18
31.54	-38.43	-56.99
31.66	-38.28	-57.82
31.78	-38.13	-58.67
31.90	-37.97	-59.54
32.02	-37.82	-60.43
32.14	-37.66	-61.34
32.26	-37.51	-62.28
32.39	-37.35	-63.24
32.51	-37.19	-64.22
32.63	-37.04	-65.22
32.75	-36.89	-66.25
32.88	-36.73	-67.30
33.00	-36.58	-68.37
33.13	-36.43	-69.46
33.25	-36.28	-70.58
33.38	-36.13	-71.71
33.50	-35.98	-72.87
33.63	-35.84	-74.05
33.76	-35.70	-75.25
33.88	-35.56	-76.48
34.01	-35.42	-77.72
34.14	-35.29	-78.99
34.27	-35.15	-80.27
34.40	-35.03	-81.58
34.53	-34.90	-82.90
34.66	-34.78	-84.25
34.79	-34.67	-85.62
34.92	-34.55	-87.00
35.05	-34.45	-88.41
35.18	-34.34	-89.83
35.32	-34.25	-91.28
35.45	-34.16	-92.74
35.58	-34.07	-94.21
35.72	-33.99	-95.70
35.85	-33.91	-97.20
35.99	-33.84	-98.71
36.12	-33.77	-100.23
36.26	-33.71	-101.76
36.40	-33.66	-103.29
36.53	-33.61	-104.82
36.67	-33.56	-106.35
36.81	-33.52	-107.89
36.95	-33.49	-109.41
37.09	-33.46	-110.94
37.23	-33.43	-112.45
37.37	-33.41	-113.96
37.51	-33.40	-115.45
37.65	-33.39	-116.93
37.79	-33.38	-118.39
37.94	-33.38	-119.84
38.08	-33.39	-121.26
38.22	-33.40	-122.65
38.37	-33.41	-124.02
38.51	-33.43	-125.37
38.66	-33.46	-126.70
38.80	-33.48	-128.00
38.95	-33.52	-129.27
39.10	-33.55	-130.52
39.24	-33.59	-131.75
39.39	-33.63	-132.95
39.54	-33.68	-134.13
39.69	-33.72	-135.29
39.84	-33.77	-136.42
39.99	-33.82	-137.53
40.14	-33.88	-138.62
40.29	-33.93	-139.68
40.45	-33.98	-140.72
40.60	-34.04	-141.74
40.75	-34.10	-142.73
40.90	-34.15	-143.70
41.06	-34.21	-144.65
41.21	-34.26	-145.57
41.37	-34.32	-146.48
41.53	-34.37	-147.36
41.68	-34.43	-148.22
41.84	-34.48	-149.07
42.00	-34.53	-149.89
42.16	-34.58	-150.69
42.32	-34.63	-151.47
42.47	-34.68	-152.24
42.63	-34.73	-152.98
42.80	-34.78	-153.71
42.96	-34.82	-154.42
43.12	-34.87	-155.11
43.28	-34.92	-155.79
43.45	-34.96	-156.45
43.61	-35.00	-157.10
43.77	-35.04	-157.73
43.94	-35.09	-158.35
44.10	-35.12	-158.96
44.27	-35.16	-159.55
44.44	-35.20	-160.13
44.61	-35.24	-160.70
44.77	-35.27	-161.26
44.94	-35.31	-161.80
45.11	-35.34	-162.33
45.28	-35.37	-162.86
45.45	-35.40	-163.37
45.63	-35.43	-163.87
45.80	-35.46	-164.36
45.97	-35.48	-164.85
46.14	-35.51	-165.32
46.32	-35.53	-165.78
46.49	-35.56	-166.24
46.67	-35.58	-166.69
46.84	-35.60	-167.13
47.02	-35.62	-167.56
47.20	-35.64	-167.99
47.38	-35.66	-168.41
47.56	-35.68	-168.83
47.74	-35.69	-169.24
47.92	-35.71	-169.64
48.10	-35.72	-170.04
48.28	-35.74	-170.43
48.46	-35.75	-170.82
48.64	-35.76	-171.21
48.83	-35.77	-171.59
49.01	-35.78	-171.97
49.20	-35.79	-172.35
49.38	-35.79	-172.73
49.57	-35.80	-173.10
49.75	-35.80	-173.48
49.94	-35.81	-173.85
50.13	-35.81	-174.22
50.32	-35.81	-174.59
50.51	-35.81	-174.97
50.70	-35.81	-175.34
50.89	-35.81	-175.71
51.08	-35.80	-176.08
51.28	-35.80	-176.45
51.47	-35.79	-176.82
51.66	-35.78	-177.18
51.86	-35.78	-177.55
52.05	-35.76	-177.92
52.25	-35.75	-178.28
52.45	-35.74	-178.65
52.65	-35.72	-179.02
52.85	-35.71	-179.38
53.04	-35.69	-179.74
53.24	-35.67	179.89
53.45	-35.65	179.53
53.65	-35.62	179.17
53.85	-35.60	178.81
54.05	-35.57	178.45
54.26	-35.54	178.09
54.46	-35.51	177.73
54.67	-35.48	177.38
54.87	-35.45	177.02
55.08	-35.42	176.66
55.29	-35.39	176.31
55.50	-35.35	175.96
55.71	-35.31	175.60
55.92	-35.27	175.25
56.13	-35.24	174.90
56.34	-35.20	174.54
56.55	-35.15	174.19
56.77	-35.11	173.83
56.98	-35.07	173.48
57.19	-35.02	173.12
57.41	-34.98	172.76
57.63	-34.93	172.40
57.84	-34.88	172.03
58.06	-34.83	171.66
58.28	-34.78	171.28
58.50	-34.73	170.90
58.72	-34.68	170.52
58.94	-34.63	170.13
59.17	-34.57	169.73
59.39	-34.52	169.32
59.61	-34.46	168.91
59.84	-34.40	168.49
60.06	-34.35	168.07
60.29	-34.29	167.63
60.52	-34.22	167.19
60.75	-34.16	166.73
60.98	-34.09	166.27
61.21	-34.03	165.80
61.44	-33.96	165.32
61.67	-33.89	164.83
61.90	-33.81	164.32
62.14	-33.74	163.81
62.37	-33.66	163.28
62.61	-33.58	162.75
62.84	-33.50	162.20
63.08	-33.42	161.64
63.32	-33.34	161.08
63.56	-33.25	160.50
63.80	-33.16	159.91
64.04	-33.07	159.30
64.28	-32.98	158.69
64.52	-32.88	158.07
64.76	-32.79	157.43
65.01	-32.69	156.79
65.25	-32.59	156.12
65.50	-32.49	155.45
65.75	-32.38	154.75
66.00	-32.28	154.04
66.24	-32.17	153.31
66.49	-32.06	152.56
66.75	-31.95	151.79
67.00	-31.84	151.00
67.25	-31.72	150.18
67.50	-31.61	149.33
67.76	-31.49	148.46
68.01	-31.37	147.56
68.27	-31.26	146.63
68.53	-31.14	145.66
68.79	-31.01	144.67
69.05	-30.89	143.64
69.31	-30.77	142.57
69.57	-30.65	141.47
69.83	-30.52	140.33
70.09	-30.39	139.15
70.36	-30.27	137.93
70.62	-30.14	136.67
70.89	-30.01	135.37
71.16	-29.88	134.02
71.43	-29.75	132.62
71.70	-29.63	131.18
71.97	-29.50	129.69
72.24	-29.38	128.15
72.51	-29.26	126.56
72.79	-29.14	124.92
73.06	-29.03	123.23
73.34	-28.92	121.49
73.61	-28.81	119.69
73.89	-28.71	117.84
74.17	-28.62	115.94
74.45	-28.53	113.99
74.73	-28.45	111.99
75.01	-28.38	109.95
75.29	-28.32	107.87
75.58	-28.27	105.75
75.86	-28.23	103.58
76.15	-28.21	101.38
76.44	-28.19	99.14
76.73	-28.19	96.88
77.02	-28.20	94.59
77.31	-28.22	92.29
77.60	-28.26	89.98
77.89	-28.31	87.66
78.18	-28.37	85.36
78.48	-28.44	83.06
78.78	-28.53	80.79
79.07	-28.62	78.55
79.37	-28.73	76.34
79.67	-28.85	74.18
79.97	-28.97	72.05
80.27	-29.11	69.97
80.58	-29.26	67.94
80.88	-29.41	65.96
81.19	-29.57	64.03
81.49	-29.74	62.16
81.80	-29.92	60.34
82.11	-30.10	58.58
82.42	-30.28	56.89
82.73	-30.47	55.26
83.04	-30.66	53.68
83.35	-30.85	52.16
83.67	-31.05	50.69
83.99	-31.25	49.28
84.30	-31.45	47.91
84.62	-31.65	46.59
84.94	-31.85	45.31
85.26	-32.05	44.07
85.58	-32.25	42.87
85.90	-32.44	41.72
86.23	-32.64	40.60
86.55	-32.84	39.52
86.88	-33.03	38.47
87.21	-33.23	37.47
87.54	-33.42	36.50
87.87	-33.60	35.57
88.20	-33.79	34.67
88.53	-33.97	33.81
88.87	-34.15	32.98
89.20	-34.33	32.18
89.54	-34.51	31.42
89.88	-34.68	30.68
90.22	-34.85	29.97
90.56	-35.03	29.29
90.90	-35.20	28.63
91.24	-35.37	28.00
91.59	-35.54	27.38
91.93	-35.71	26.79
92.28	-35.88	26.21
92.63	-36.05	25.65
92.98	-36.21	25.10
93.33	-36.37	24.56
93.68	-36.53	24.03
94.03	-36.69	23.50
94.39	-36.85	22.99
94.74	-37.00	22.47
95.10	-37.15	21.97
95.46	-37.30	21.49
95.82	-37.44	21.01
96.18	-37.58	20.55
96.54	-37.73	20.12
96.91	-37.86	19.70
97.27	-38.00	19.30
97.64	-38.14	18.91
98.01	-38.27	18.55
98.38	-38.41	18.19
98.75	-38.54	17.84
99.12	-38.68	17.50
99.50	-38.82	17.16
99.87	-38.95	16.82
100.25	-39.09	16.48
100.63	-39.23	16.13
101.01	-39.37	15.79
101.39	-39.50	15.44
101.77	-39.63	15.09
102.16	-39.76	14.74
102.54	-39.89	14.39
102.93	-40.01	14.04
103.32	-40.13	13.69
103.71	-40.24	13.35
104.10	-40.35	13.02
104.49	-40.46	12.70
104.88	-40.57	12.39
105.28	-40.68	12.10
105.68	-40.79	11.84
106.08	-40.90	11.60
106.48	-41.02	11.37
106.88	-41.13	11.15
107.28	-41.24	10.93
107.69	-41.36	10.71
108.09	-41.47	10.47
108.50	-41.59	10.22
108.91	-41.70	9.94
109.32	-41.81	9.65
109.73	-41.92	9.35
110.15	-42.03	9.04
110.56	-42.13	8.74
110.98	-42.23	8.45
111.40	-42.33	8.17
111.82	-42.42	7.91
112.24	-42.52	7.68
112.67	-42.60	7.46
113.09	-42.69	7.25
113.52	-42.79	7.05
113.95	-42.88	6.86
114.38	-42.98	6.67
114.81	-43.08	6.49
115.24	-43.19	6.30
115.68	-43.29	6.11
116.11	-43.40	5.91
116.55	-43.51	5.70
116.99	-43.61	5.48
117.43	-43.70	5.24
117.87	-43.79	4.98
118.32	-43.87	4.72
118.77	-43.95	4.45
119.21	-44.03	4.20
119.66	-44.10	3.97
120.12	-44.18	3.77
120.57	-44.25	3.60
121.02	-44.33	3.46
121.48	-44.41	3.34
121.94	-44.49	3.22
122.40	-44.57	3.10
122.86	-44.66	2.95
123.32	-44.75	2.78
123.79	-44.85	2.58
124.26	-44.94	2.36
124.73	-45.04	2.11
125.20	-45.13	1.86
125.67	-45.22	1.60
126.14	-45.29	1.35
126.62	-45.36	1.10
127.10	-45.42	0.87
127.58	-45.48	0.66
128.06	-45.54	0.48
128.54	-45.60	0.32
129.03	-45.67	0.20
129.51	-45.74	0.11
130.00	-45.82	0.03
130.49	-45.91	-0.04
130.98	-45.99	-0.14
131.48	-46.07	-0.27
131.98	-46.15	-0.47
132.47	-46.22	-0.73
132.97	-46.29	-1.03
133.48	-46.35	-1.33
133.98	-46.41	-1.63
134.48	-46.47	-1.87
134.99	-46.52	-2.03
135.50	-46.58	-2.11
136.01	-46.63	-2.14
136.53	-46.69	-2.14
137.04	-46.75	-2.14
137.56	-46.82	-2.17
138.08	-46.89	-2.27
138.60	-46.97	-2.42
139.12	-47.05	-2.62
139.65	-47.12	-2.84
140.17	-47.19	-3.07
140.70	-47.24	-3.28
141.23	-47.28	-3.47
141.77	-47.31	-3.62
142.30	-47.34	-3.75
142.84	-47.37	-3.84
143.38	-47.42	-3.90
143.92	-47.48	-3.93
144.46	-47.56	-3.95
145.01	-47.65	-3.97
145.55	-47.74	-4.02
146.10	-47.83	-4.11
146.65	-47.90	-4.28
147.21	-47.96	-4.52
147.76	-48.01	-4.80
148.32	-48.05	-5.08
148.88	-48.09	-5.33
149.44	-48.13	-5.51
150.01	-48.17	-5.58
150.57	-48.22	-5.59
151.14	-48.27	-5.57
151.71	-48.33	-5.57
152.28	-48.39	-5.61
152.86	-48.46	-5.75
153.43	-48.53	-5.96
154.01	-48.60	-6.20
154.59	-48.66	-6.46
155.18	-48.71	-6.68
155.76	-48.75	-6.85
156.35	-48.77	-6.96
156.94	-48.79	-7.03
157.53	-48.82	-7.08
158.13	-48.86	-7.12
158.72	-48.93	-7.17
159.32	-49.00	-7.24
159.93	-49.08	-7.33
160.53	-49.16	-7.45
161.13	-49.23	-7.60
161.74	-49.27	-7.79
162.35	-49.30	-7.99
162.97	-49.32	-8.17
163.58	-49.34	-8.32
164.20	-49.37	-8.39
164.82	-49.42	-8.38
165.44	-49.49	-8.35
166.06	-49.55	-8.34
166.69	-49.62	-8.41
167.32	-49.69	-8.61
167.95	-49.74	-8.94
168.58	-49.79	-9.32
169.22	-49.83	-9.68
169.86	-49.86	-9.94
170.50	-49.89	-10.05
171.14	-49.92	-10.03
171.79	-49.95	-9.97
172.44	-49.99	-9.94
173.09	-50.04	-10.00
173.74	-50.11	-10.19
174.40	-50.17	-10.46
175.06	-50.23	-10.77
175.72	-50.27	-11.06
176.38	-50.28	-11.28
177.04	-50.29	-11.45
177.71	-50.29	-11.58
178.38	-50.30	-11.70
179.06	-50.33	-11.82
179.73	-50.40	-11.96
180.41	-50.47	-12.12
181.09	-50.53	-12.30
181.77	-50.57	-12.52
182.46	-50.58	-12.75
183.15	-50.57	-12.97
183.84	-50.56	-13.15
184.53	-50.57	-13.23
185.23	-50.62	-13.21
185.93	-50.68	-13.14
186.63	-50.76	-13.09
187.33	-50.82	-13.14
188.04	-50.86	-13.36
188.75	-50.88	-13.70
189.46	-50.89	-14.06
190.18	-50.91	-14.31
190.90	-50.94	-14.38
191.62	-50.99	-14.28
192.34	-51.06	-14.15
193.07	-51.13	-14.12
193.79	-51.19	-14.32
194.53	-51.24	-14.73
195.26	-51.29	-15.22
196.00	-51.32	-15.64
196.74	-51.34	-15.85
197.48	-51.36	-15.85
198.22	-51.38	-15.77
198.97	-51.40	-15.72
199.72	-51.44	-15.81
200.48	-51.49	-16.04
201.23	-51.54	-16.32
201.99	-51.57	-16.58
202.75	-51.58	-16.73
203.52	-51.59	-16.78
204.29	-51.59	-16.78
205.06	-51.62	-16.76
205.83	-51.67	-16.77
206.61	-51.75	-16.81
207.39	-51.82	-16.89
208.17	-51.86	-17.02
208.96	-51.87	-17.18
209.74	-51.87	-17.33
210.54	-51.87	-17.44
211.33	-51.90	-17.44
212.13	-51.97	-17.38
212.93	-52.04	-17.34
213.73	-52.11	-17.43
214.54	-52.14	-17.73
215.35	-52.16	-18.14
216.16	-52.16	-18.53
216.98	-52.18	-18.72
217.80	-52.22	-18.66
218.62	-52.26	-18.50
219.44	-52.29	-18.42
220.27	-52.31	-18.57
221.10	-52.31	-18.90
221.94	-52.31	-19.24
222.77	-52.32	-19.39
223.61	-52.34	-19.24
224.46	-52.38	-18.97
225.30	-52.42	-18.77
226.15	-52.45	-18.86
227.01	-52.47	-19.17
227.86	-52.48	-19.49
228.72	-52.49	-19.58
229.59	-52.50	-19.36
230.45	-52.51	-19.03
231.32	-52.54	-18.81
232.20	-52.59	-18.91
233.07	-52.65	-19.23
233.95	-52.69	-19.55
234.84	-52.69	-19.68
235.72	-52.66	-19.58
236.61	-52.63	-19.42
237.50	-52.63	-19.36
238.40	-52.67	-19.49
239.30	-52.73	-19.69
240.20	-52.76	-19.85
241.11	-52.75	-19.86
242.02	-52.70	-19.80
242.93	-52.67	-19.79
243.85	-52.67	-19.93
244.77	-52.72	-20.20
245.69	-52.75	-20.47
246.62	-52.75	-20.62
247.55	-52.70	-20.67
248.48	-52.66	-20.69
249.42	-52.65	-20.76
250.36	-52.68	-20.92
251.31	-52.72	-21.09
252.26	-52.70	-21.22
253.21	-52.63	-21.26
254.16	-52.56	-21.28
255.12	-52.53	-21.31
256.09	-52.58	-21.41
257.05	-52.64	-21.56
258.02	-52.65	-21.78
259.00	-52.59	-22.04
259.97	-52.49	-22.27
260.95	-52.44	-22.40
261.94	-52.47	-22.42
262.93	-52.52	-22.45
263.92	-52.54	-22.67
264.92	-52.52	-23.11
265.92	-52.47	-23.60
266.92	-52.45	-23.95
267.93	-52.47	-24.11
268.94	-52.50	-24.27
269.95	-52.48	-24.65
270.97	-52.43	-25.27
271.99	-52.37	-25.84
273.02	-52.36	-26.10
274.05	-52.39	-26.08
275.08	-52.41	-26.09
276.12	-52.39	-26.44
277.16	-52.34	-27.05
278.21	-52.30	-27.60
279.26	-52.31	-27.87
280.31	-52.35	-27.99
281.37	-52.37	-28.29
282.43	-52.34	-28.91
283.50	-52.29	-29.61
284.57	-52.27	-30.07
285.64	-52.29	-30.22
286.72	-52.31	-30.39
287.80	-52.29	-30.91
288.89	-52.26	-31.73
289.98	-52.25	-32.49
291.07	-52.31	-32.95
292.17	-52.40	-33.20
293.27	-52.48	-33.49
294.38	-52.53	-33.92
295.49	-52.57	-34.32
296.61	-52.62	-34.48
297.73	-52.67	-34.47
298.85	-52.70	-34.51
299.98	-52.68	-34.73
301.11	-52.65	-35.01
302.25	-52.64	-35.14
303.39	-52.64	-35.09
304.53	-52.64	-35.08
305.68	-52.60	-35.29
306.83	-52.54	-35.63
307.99	-52.53	-35.91
309.15	-52.55	-36.06
310.32	-52.56	-36.24
311.49	-52.52	-36.59
312.67	-52.43	-37.07
313.85	-52.36	-37.55
315.03	-52.32	-38.02
316.22	-52.25	-38.64
317.41	-52.13	-39.55
318.61	-52.00	-40.76
319.81	-51.96	-42.19
321.02	-52.02	-43.75
322.23	-52.15	-45.34
323.45	-52.28	-46.80
324.67	-52.46	-47.94
325.89	-52.74	-48.54
327.12	-53.06	-48.60
328.36	-53.28	-48.29
329.60	-53.32	-47.80
330.84	-53.30	-47.40
332.09	-53.36	-47.28
333.34	-53.46	-47.30
334.60	-53.48	-47.15
335.86	-53.43	-46.83
337.13	-53.40	-46.69
338.40	-53.46	-46.93
339.68	-53.52	-47.34
340.96	-53.48	-47.69
342.25	-53.43	-48.02
343.54	-53.49	-48.46
344.83	-53.65	-48.88
346.14	-53.75	-48.96
347.44	-53.75	-48.71
348.75	-53.75	-48.69
350.07	-53.83	-49.20
351.39	-53.92	-49.66
352.72	-53.92	-49.44
354.05	-53.90	-48.99
355.38	-53.94	-49.06
356.72	-54.01	-49.49
358.07	-54.02	-49.56
359.42	-53.95	-49.23
360.78	-53.92	-49.16
362.14	-53.95	-49.58
363.51	-53.98	-49.85
364.88	-53.95	-49.63
366.25	-53.90	-49.49
367.64	-53.89	-49.91
369.02	-53.92	-50.48
370.42	-53.98	-50.70
371.81	-54.03	-50.78
373.22	-54.03	-51.06
374.63	-54.02	-51.35
376.04	-54.03	-51.25
377.46	-54.02	-51.09
378.88	-53.95	-51.50
380.31	-53.86	-52.34
381.75	-53.86	-52.92
383.19	-53.93	-53.33
384.63	-53.97	-54.15
386.09	-54.00	-55.16
387.54	-54.14	-55.47
389.00	-54.34	-55.08
390.47	-54.42	-54.74
391.95	-54.39	-54.71
393.43	-54.42	-54.80
394.91	-54.53	-54.76
396.40	-54.55	-54.29
397.90	-54.49	-53.75
399.40	-54.49	-53.90
400.90	-54.53	-54.35
402.42	-54.55	-54.02
403.94	-54.52	-53.40
405.46	-54.47	-53.73
406.99	-54.45	-54.39
408.53	-54.50	-54.09
410.07	-54.53	-53.50
411.61	-54.46	-53.72
413.17	-54.40	-54.10
414.73	-54.44	-53.82
416.29	-54.45	-53.46
417.86	-54.34	-53.54
419.44	-54.32	-53.71
421.02	-54.42	-53.63
422.61	-54.36	-53.23
424.21	-54.16	-52.80
425.81	-54.13	-52.96
427.41	-54.21	-53.38
429.03	-54.13	-53.17
430.65	-53.97	-52.87
432.27	-53.93	-53.25
433.90	-53.90	-53.46
435.54	-53.77	-52.99
437.18	-53.62	-53.19
438.83	-53.52	-54.36
440.49	-53.46	-55.08
442.15	-53.41	-55.33
443.82	-53.32	-55.99
445.49	-53.26	-56.87
447.18	-53.27	-57.51
448.86	-53.26	-57.91
450.56	-53.20	-58.36
452.26	-53.20	-59.22
453.96	-53.25	-60.04
455.68	-53.23	-60.06
457.40	-53.21	-60.32
459.12	-53.25	-61.36
460.85	-53.31	-61.52
462.59	-53.31	-60.96
464.34	-53.23	-61.52
466.09	-53.21	-62.25
467.85	-53.35	-61.86
469.62	-53.36	-61.25
471.39	-53.24	-61.15
473.17	-53.27	-61.54
474.95	-53.35	-61.52
476.74	-53.31	-60.69
478.54	-53.26	-60.48
480.35	-53.25	-60.40
482.16	-53.21	-58.80
483.98	-53.12	-57.63
485.81	-52.99	-57.71
487.64	-52.90	-56.50
489.48	-52.74	-54.40
491.33	-52.39	-52.98
493.18	-52.11	-51.85
495.04	-51.86	-50.31
496.91	-51.37	-48.08
498.79	-50.82	-46.38
500.67	-50.26	-45.11
502.56	-49.48	-42.43
504.45	-48.45	-40.24
506.36	-47.20	-39.85
508.27	-45.60	-38.93
510.19	-43.58	-36.41
512.11	-40.42	-39.34
514.04	-34.61	-67.56
515.98	-32.12	-113.76
517.93	-37.75	-153.95
519.89	-43.31	-168.40
521.85	-46.25	-164.43
523.82	-48.28	-159.85
525.79	-49.97	-157.37
527.78	-51.30	-154.10
529.77	-52.14	-148.51
531.77	-52.69	-145.52
533.78	-53.25	-143.21
535.79	-53.84	-139.26
537.81	-53.97	-137.27
539.84	-54.15	-136.16
541.88	-54.57	-134.24
543.92	-54.65	-132.31
545.98	-54.72	-131.99
548.04	-54.95	-132.03
550.10	-55.07	-130.20
552.18	-55.06	-129.89
554.26	-55.15	-130.51
556.35	-55.37	-130.06
558.45	-55.28	-129.94
560.56	-55.30	-130.32
562.68	-55.52	-130.46
564.80	-55.49	-130.04
566.93	-55.50	-131.01
569.07	-55.66	-131.90
571.22	-55.77	-131.80
573.37	-55.66	-133.27
575.54	-55.70	-134.75
577.71	-55.85	-135.55
579.89	-55.86	-136.84
582.08	-55.90	-139.52
584.27	-56.02	-140.81
586.48	-56.04	-141.51
588.69	-55.97	-144.09
590.91	-56.29	-146.66
593.14	-56.41	-147.73
595.38	-56.32	-149.26
597.63	-56.39	-152.10
599.88	-56.33	-152.88
602.15	-56.05	-155.04
604.42	-55.77	-158.75
606.70	-55.48	-161.85
608.99	-54.91	-164.62
611.29	-54.42	-170.02
613.59	-53.90	-175.39
615.91	-53.14	179.65
618.23	-52.15	173.33
620.57	-51.13	166.94
622.91	-49.92	160.39
625.26	-48.40	152.98
627.62	-46.59	144.88
629.99	-44.42	136.09
632.36	-41.60	125.06
634.75	-37.99	109.65
637.15	-33.75	75.01
639.55	-32.68	25.91
641.96	-36.03	-13.03
644.39	-39.06	-29.98
646.82	-41.31	-39.98
649.26	-42.98	-46.94
651.71	-44.27	-52.56
654.17	-45.33	-57.35
656.64	-46.18	-60.85
659.11	-46.82	-64.34
661.60	-47.44	-67.50
664.10	-47.93	-70.02
666.60	-48.32	-72.84
669.12	-48.74	-75.57
671.64	-49.09	-77.71
674.18	-49.33	-79.97
676.72	-49.72	-82.26
679.28	-49.98	-83.91
681.84	-50.22	-85.89
684.41	-50.50	-87.79
687.00	-50.79	-89.24
689.59	-51.05	-90.91
692.19	-51.34	-92.47
694.80	-51.64	-93.18
697.42	-51.87	-94.12
700.06	-52.18	-95.08
702.70	-52.38	-94.63
705.35	-52.56	-95.15
708.01	-52.78	-94.62
710.68	-52.85	-94.26
713.36	-52.89	-94.28
716.06	-52.99	-93.79
718.76	-52.97	-93.82
721.47	-52.99	-94.35
724.19	-53.09	-94.21
726.93	-53.00	-94.06
729.67	-53.10	-94.90
732.42	-53.06	-94.58
735.19	-52.95	-94.83
737.96	-52.99	-95.13
740.75	-52.94	-95.12
743.54	-52.95	-95.69
746.35	-53.02	-95.61
749.16	-52.97	-95.15
751.99	-53.03	-95.43
754.83	-53.04	-94.76
757.68	-52.98	-94.05
760.54	-52.92	-93.29
763.41	-52.71	-91.67
766.29	-52.46	-91.22
769.18	-52.20	-91.13
772.08	-51.91	-91.13
774.99	-51.71	-91.64
777.92	-51.32	-92.36
780.85	-51.10	-92.67
783.80	-50.85	-92.01
786.76	-50.67	-91.78
789.73	-50.42	-90.79
792.71	-50.04	-89.51
795.70	-49.68	-87.78
798.70	-49.08	-85.11
801.71	-48.27	-82.16
804.74	-47.05	-78.93
807.78	-45.14	-76.25
810.83	-42.32	-77.00
813.88	-38.20	-89.32
816.96	-35.60	-130.78
820.04	-38.85	-164.67
823.13	-42.20	-174.10
826.24	-44.43	-176.07
829.36	-45.95	-176.48
832.49	-47.09	-175.91
835.63	-47.99	-175.69
838.78	-48.77	-175.16
841.95	-49.43	-174.22
845.12	-50.19	-172.91
848.31	-50.86	-171.66
851.51	-51.13	-171.46
854.73	-51.50	-170.59
857.95	-51.77	-170.10
861.19	-51.97	-169.79
864.44	-52.16	-169.21
867.70	-52.44	-168.61
870.98	-52.60	-168.92
874.26	-52.82	-167.96
877.56	-53.11	-167.24
880.87	-53.16	-167.06
884.20	-53.27	-167.41
887.53	-53.49	-166.53
890.88	-53.64	-166.62
894.25	-53.62	-166.92
897.62	-53.83	-166.07
901.01	-53.92	-165.88
904.41	-53.96	-164.45
907.82	-53.82	-165.30
911.25	-53.94	-164.49
914.68	-53.91	-164.48
918.14	-53.90	-165.32
921.60	-53.91	-165.00
925.08	-53.89	-166.18
928.57	-53.97	-166.05
932.07	-53.97	-166.22
935.59	-54.07	-167.55
939.12	-54.03	-167.84
942.67	-54.30	-168.90
946.22	-54.34	-168.09
949.79	-54.31	-168.41
953.38	-54.46	-168.23
956.97	-54.52	-168.43
960.59	-54.59	-167.93
964.21	-54.62	-167.36
967.85	-54.60	-167.77
971.50	-54.59	-166.96
975.17	-54.64	-167.39
978.85	-54.65	-167.58
982.54	-54.54	-167.51
986.25	-54.62	-167.32
989.97	-54.60	-167.30
993.71	-54.67	-167.11
997.46	-54.93	-166.48
1001.22	-55.01	-165.84
1005.00	-55.19	-163.49
1008.79	-55.57	-156.88
1012.60	-55.48	-142.74
1016.42	-53.51	-126.65
1020.25	-46.67	-142.96
1024.10	-47.40	-179.96
1027.97	-48.88	174.06
1031.85	-49.96	170.94
1035.74	-50.67	168.57
1039.65	-51.02	167.56
1043.57	-51.35	165.63
1047.51	-51.70	164.29
1051.46	-51.85	162.41
1055.43	-52.11	160.85
1059.41	-52.35	159.02
1063.41	-52.52	157.80
1067.43	-52.80	156.60
1071.45	-52.95	154.40
1075.50	-53.33	153.31
1079.55	-53.70	151.73
1083.63	-53.97	151.64
1087.72	-54.26	150.56
1091.82	-54.61	150.56
1095.94	-54.94	150.15
1100.08	-55.29	150.02
1104.23	-55.53	150.62
1108.40	-55.81	151.45
1112.58	-55.95	151.68
1116.78	-56.17	153.12
1120.99	-56.33	154.45
1125.22	-56.54	155.22
1129.47	-56.55	157.60
1133.73	-56.60	159.23
1138.01	-56.56	161.13
1142.30	-56.42	163.35
1146.61	-56.16	166.45
1150.94	-55.84	167.16
1155.28	-55.41	168.39
1159.64	-54.97	168.39
1164.02	-54.45	168.33
1168.41	-53.88	167.01
1172.82	-53.21	165.26
1177.25	-52.70	163.01
1181.69	-52.03	160.19
1186.15	-51.24	155.05
1190.62	-50.32	147.17
1195.12	-50.00	130.27
1199.63	-51.98	113.10
1204.15	-54.93	114.58
1208.70	-56.32	124.33
1213.26	-56.33	130.95
1217.84	-56.24	133.72
1222.43	-55.85	135.48
1227.04	-55.70	135.51
1231.67	-55.58	134.87
1236.32	-55.62	134.15
1240.99	-55.66	132.10
1245.67	-55.65	131.88
1250.37	-55.67	130.20
1255.09	-55.82	129.40
1259.83	-55.90	127.05
1264.58	-56.21	125.24
1269.35	-56.36	123.03
1274.14	-56.74	123.37
1278.95	-57.06	122.63
1283.78	-57.54	122.69
1288.62	-57.95	122.65
1293.48	-58.50	124.39
1298.36	-58.68	125.83
1303.26	-59.26	129.43
1308.18	-59.83	132.37
1313.12	-60.35	136.75
1318.07	-60.97	142.94
1323.05	-61.19	164.81
1328.04	-58.84	-171.10
1333.05	-52.71	-167.58
1338.08	-48.02	150.39
1343.13	-50.85	120.26
1348.20	-52.66	115.61
1353.29	-53.74	114.46
1358.39	-54.72	114.59
1363.52	-55.15	115.06
1368.67	-55.33	115.75
1373.83	-55.51	115.54
1379.01	-55.91	115.45
1384.22	-56.00	114.86
1389.44	-56.09	116.57
1394.68	-56.27	115.82
1399.95	-56.27	116.25
1405.23	-56.22	115.79
1410.53	-56.12	115.64
1415.86	-56.31	114.77
1421.20	-56.13	113.76
1426.56	-56.22	112.73
1431.94	-56.24	110.69
1437.35	-56.60	110.10
1442.77	-56.72	108.37
1448.22	-57.22	107.91
1453.68	-57.44	107.48
1459.17	-57.69	108.75
1464.67	-58.29	109.95
1470.20	-58.64	111.05
1475.75	-59.34	113.75
1481.32	-60.03	117.20
1486.91	-60.91	126.17
1492.52	-61.84	139.28
1498.15	-61.80	167.05
1503.80	-57.65	-165.04
1509.48	-52.09	-158.46
1515.17	-46.50	-166.93
1520.89	-42.23	164.57
1526.63	-41.26	136.80
1532.39	-42.04	116.68
1538.17	-43.40	100.99
1543.98	-44.33	91.80
1549.81	-44.91	84.92
1555.65	-45.12	78.52
1561.52	-45.09	70.96
1567.42	-44.78	60.17
1573.33	-45.69	37.22
1579.27	-47.67	17.23
1585.23	-54.10	10.85
1591.21	-55.83	42.27
1597.21	-54.54	49.41
1603.24	-54.16	47.64
1609.29	-54.96	44.08
1615.36	-57.35	45.66
1621.46	-59.58	91.80
1627.58	-49.45	114.33
1633.72	-44.84	71.64
1639.89	-45.67	36.60
1646.07	-47.48	18.29
1652.29	-49.41	4.37
1658.52	-50.71	-7.08
1664.78	-51.20	-18.72
1671.06	-50.96	-38.13
1677.37	-49.79	-68.35
1683.70	-47.60	-112.09
1690.05	-44.31	-172.28
1696.43	-41.93	131.74
1702.83	-41.47	90.28
1709.26	-42.81	55.39
1715.70	-45.20	31.95
1722.18	-48.20	16.10
1728.68	-50.97	9.19
1735.20	-52.71	8.20
1741.75	-54.09	9.81
1748.32	-55.18	15.98
1754.92	-54.78	20.00
1761.54	-54.31	20.15
1768.19	-53.18	15.02
1774.86	-52.06	-10.52
1781.56	-56.78	-55.84
1788.28	-69.37	-18.55
1795.03	-63.04	51.76
1801.80	-58.87	50.55
1808.60	-56.82	45.75
1815.43	-54.41	34.67
1822.28	-52.36	13.00
1829.15	-52.45	-24.79
1836.06	-60.67	-75.71
1842.99	-68.92	77.34
1849.94	-61.59	71.83
1856.92	-57.72	60.63
1863.93	-55.19	44.69
1870.96	-55.67	29.05
1878.02	-56.77	26.16
1885.11	-56.57	28.19
1892.22	-56.13	29.17
1899.36	-55.63	28.87
1906.53	-54.79	28.71
1913.72	-53.76	30.16
1920.95	-51.39	31.99
1928.19	-46.60	25.18
1935.47	-42.38	-26.26
1942.77	-44.74	-88.35
1950.11	-50.49	-134.04
1957.46	-58.25	-175.27
1964.85	-61.91	128.82
1972.27	-57.61	63.11
1979.71	-59.07	20.68
1987.18	-59.23	14.53
1994.68	-58.69	10.94
2002.20	-58.18	6.06
2009.76	-57.80	4.13
2017.34	-56.82	2.76
2024.96	-55.89	-8.29
2032.60	-55.74	-14.84
2040.27	-55.28	-21.39
2047.97	-54.59	-28.60
2055.70	-53.28	-40.07
2063.45	-50.34	-71.72
2071.24	-50.00	-143.66
2079.06	-58.37	143.01
2086.90	-66.18	119.24
2094.78	-58.97	97.14
2102.68	-51.20	30.01
2110.62	-54.80	-47.47
2118.58	-65.59	-43.00
2126.57	-63.95	-14.22
2134.60	-62.86	-17.32
2142.65	-62.68	-20.36
2150.74	-62.57	-24.31
2158.86	-63.14	-31.00
2167.00	-63.20	-28.85
2175.18	-61.89	-42.02
2183.39	-59.66	-89.73
2191.63	-58.75	167.07
2199.90	-58.99	107.39
2208.20	-56.87	91.20
2216.53	-52.46	81.31
2224.90	-47.42	42.38
2233.29	-47.72	-0.86
2241.72	-50.15	-28.07
2250.18	-52.43	-38.29
2258.67	-53.95	-43.12
2267.19	-55.13	-46.83
2275.75	-57.12	-45.03
2284.34	-55.42	-33.10
2292.96	-55.01	-49.44
2301.61	-55.75	-54.41
2310.29	-56.52	-56.50
2319.01	-57.54	-50.42
2327.76	-55.79	-53.44
2336.55	-56.05	-60.91
2345.36	-56.43	-64.83
2354.21	-56.71	-67.91
2363.10	-56.86	-71.36
2372.02	-56.97	-73.88
2380.97	-57.18	-77.73
2389.95	-57.53	-80.65
2398.97	-58.14	-83.74
2408.02	-59.68	-85.31
2417.11	-57.08	-48.22
2426.23	-54.68	-75.23
2435.39	-54.85	-84.44
2444.58	-53.97	-91.65
2453.80	-51.12	-120.95
2463.06	-58.39	-162.62
2472.35	-62.35	-109.43
2481.68	-60.39	-103.18
2491.05	-59.08	-103.98
2500.45	-57.55	-105.63
2509.88	-55.53	-109.03
2519.36	-51.44	-138.19
2528.86	-55.96	161.41
2538.41	-64.46	-161.74
2547.98	-64.29	-136.30
2557.60	-56.15	-145.04
2567.25	-59.39	152.02
2576.94	-67.61	137.02
2586.66	-74.23	62.03
2596.42	-63.02	-107.85
2606.22	-55.74	163.81
2616.06	-58.49	107.41
2625.93	-52.36	44.78
2635.84	-52.99	-50.98
2645.78	-57.74	-86.83
2655.77	-60.51	-95.63
2665.79	-61.73	-98.84
2675.85	-61.05	-99.70
2685.95	-60.00	-107.87
2696.08	-60.12	-134.37
2706.26	-66.15	-120.02
2716.47	-60.89	-105.29
2726.72	-57.44	-115.71
2737.01	-54.65	-170.27
2747.34	-63.41	149.72
2757.70	-70.28	170.96
2768.11	-75.68	-161.62
2778.56	-68.24	-47.00
2789.04	-63.35	-96.55
2799.57	-62.67	-109.03
2810.13	-60.67	-111.77
2820.73	-57.47	-124.72
2831.38	-55.30	-161.36
2842.06	-59.88	168.81
2852.79	-63.87	-176.01
2863.55	-61.88	-162.92
2874.36	-61.50	157.66
2885.21	-68.02	170.27
2896.09	-67.19	-164.92
2907.02	-64.11	-162.65
2917.99	-63.86	-179.22
2929.00	-64.44	-174.28
2940.06	-61.72	168.46
2951.15	-66.03	151.84
2962.29	-67.29	177.73
2973.47	-63.92	-172.65
2984.69	-59.10	163.02
2995.95	-58.92	106.27
3007.25	-66.97	-2.09
3018.60	-70.86	-170.20
3029.99	-67.61	169.59
3041.43	-64.77	151.43
3052.90	-67.96	107.84
3064.42	-69.64	142.60
3075.99	-69.76	141.35
3087.60	-68.74	140.95
3099.25	-65.14	107.43
3110.94	-67.67	36.38
3122.68	-74.99	-63.34
3134.47	-74.48	122.84
3146.29	-64.84	-77.45
3158.17	-60.58	-128.93
3170.08	-58.60	176.69
3182.05	-60.46	148.41
3194.05	-60.60	125.85
3206.11	-64.10	100.44
3218.21	-63.51	127.89
3230.35	-60.73	87.31
3242.54	-65.05	44.74
3254.77	-72.05	48.87
3267.06	-74.43	49.93
3279.39	-75.31	65.92
3291.76	-73.37	74.53
3304.18	-71.60	8.64
3316.65	-80.08	-76.48
3329.17	-85.64	-97.03
3341.73	-79.44	-97.18
3354.34	-66.31	-47.10
3367.00	-60.16	-141.45
3379.70	-63.05	-173.77
3392.46	-63.00	170.56
3405.26	-62.85	169.81
3418.11	-57.94	153.90
3431.01	-55.17	131.00
3443.95	-53.37	88.34
3456.95	-54.83	39.57
3469.99	-60.27	10.11
3483.09	-66.87	19.29
3496.23	-63.07	54.37
3509.43	-60.88	30.15
3522.67	-59.76	-10.30
3535.96	-62.77	-41.10
3549.31	-63.57	-80.51
3562.70	-61.79	107.26
3576.14	-57.55	-23.74
3589.64	-64.20	134.91
3603.18	-60.71	-4.58
3616.78	-60.57	-130.77
3630.43	-59.97	76.56
3644.13	-60.73	-57.06
3657.88	-70.77	-10.71
3671.68	-64.25	-21.26
3685.54	-64.36	-38.78
3699.45	-61.59	-63.93
3713.41	-61.05	-75.87
3727.42	-57.49	-106.54
3741.49	-59.89	-169.02
3755.60	-63.34	159.08
3769.78	-74.03	120.69
3784.00	-74.88	-31.87
3798.28	-65.13	-92.45
3812.61	-63.16	-165.02
3827.00	-65.73	-117.20
3841.44	-60.52	-154.92
3855.94	-59.24	173.66
3870.49	-61.01	118.50
3885.09	-64.46	134.21
3899.75	-61.60	115.68
3914.47	-59.08	73.17
3929.24	-56.23	32.33
3944.07	-56.37	-42.52
3958.95	-57.85	-125.11
3973.89	-63.93	146.36
3988.89	-65.15	121.38
4003.94	-58.13	48.84
4019.05	-54.33	-6.04
4034.22	-53.62	-77.71
4049.44	-58.43	-109.85
4064.72	-57.37	-96.73
4080.06	-55.19	-146.23
4095.46	-58.85	-149.17
4110.91	-58.74	-154.48
4126.42	-56.64	-179.11
4141.99	-58.82	-174.19
4157.62	-57.38	151.25
4173.31	-61.40	169.79
4189.06	-55.17	148.72
4204.87	-61.34	108.69
4220.74	-63.89	141.69
4236.66	-63.33	140.22
4252.65	-61.77	140.04
4268.70	-56.86	141.25
4284.81	-60.45	98.48
4300.98	-61.65	90.61
4317.21	-65.55	73.72
4333.50	-68.23	123.30
4349.85	-64.17	121.09
4366.26	-64.94	115.58
4382.74	-66.27	132.98
4399.28	-59.37	147.02
4415.88	-55.67	107.57
4432.54	-57.46	82.44
4449.27	-57.23	63.62
4466.06	-57.47	27.47
4482.91	-59.72	8.99
4499.83	-59.67	-56.85
4516.81	-63.99	-122.77
4533.85	-61.30	170.80
4550.96	-60.74	126.96
4568.14	-62.47	99.81
4585.37	-63.63	83.49
4602.68	-61.96	-89.76
4620.05	-56.21	135.10
4637.48	-56.49	108.17
4654.98	-55.07	88.76
4672.55	-53.77	49.50
4690.18	-57.61	14.62
4707.88	-62.93	-112.64
4725.64	-59.16	77.87
4743.48	-59.71	26.30
4761.38	-62.30	-162.28
4779.34	-59.33	86.34
4797.38	-59.48	67.82
4815.48	-56.62	64.16
4833.65	-56.67	43.42
4851.89	-57.96	23.14
4870.20	-59.20	34.31
4888.58	-59.71	22.86
4907.03	-58.46	37.69
4925.54	-56.26	24.42
4944.13	-55.82	10.20
4962.79	-56.99	6.03
4981.52	-56.50	-16.66
5000.31	-59.89	-10.65
5019.18	-57.23	-2.00
5038.12	-57.83	-28.34
5057.14	-60.13	-18.61
5076.22	-55.83	-9.61
5095.37	-55.69	-38.26
5114.60	-55.95	-63.89
5133.90	-60.14	-49.59
5153.27	-58.54	-90.23
5172.72	-65.75	35.15
5192.24	-63.98	-6.96
5211.83	-56.18	-10.54
5231.50	-55.59	-22.67
5251.24	-53.07	-55.16
5271.06	-53.85	-59.93
5290.95	-53.49	-102.74
5310.91	-57.72	-89.25
5330.96	-55.17	-92.84
5351.07	-53.67	-146.69
5371.27	-62.48	-134.13
5391.53	-63.69	-130.51
5411.88	-64.88	-121.56
5432.30	-59.74	-90.00
5452.80	-60.40	-102.52
5473.38	-58.22	-116.25
5494.03	-55.88	-153.75
5514.76	-61.85	-178.54
5535.57	-62.90	6.16
5556.46	-59.44	-113.05
5577.43	-56.33	-177.66
5598.48	-62.27	-173.18
5619.60	-53.20	155.75
5640.81	-55.22	61.36
5662.10	-57.01	-44.55
5683.46	-61.86	-139.93
5704.91	-51.23	1.63
5726.44	-47.84	-116.87
5748.05	-48.52	175.44
5769.74	-55.01	119.66
5791.51	-57.68	56.73
5813.36	-68.91	-76.03
5835.30	-62.36	-5.37
5857.32	-63.19	-22.22
5879.42	-60.00	-91.02
5901.61	-54.27	-95.94
5923.88	-50.44	-176.76
5946.23	-55.93	138.50
5968.67	-53.10	130.86
5991.20	-57.78	-42.07
6013.80	-56.44	91.74
6036.50	-58.50	64.30
6059.28	-54.95	1.73
6082.14	-61.53	-71.21
6105.09	-62.14	-66.08
6128.13	-59.75	-96.07
6151.26	-55.65	100.98
6174.47	-47.29	-47.47
6197.77	-49.24	-152.57
6221.16	-53.51	155.66
6244.63	-53.84	-175.23
6268.20	-53.25	-37.58
6291.85	-46.50	112.21
6315.59	-50.52	-5.79
6339.42	-50.71	-109.63
6363.35	-52.31	-135.74
6387.36	-45.90	164.75
6411.46	-45.07	39.82
6435.66	-60.17	-129.22
6459.94	-60.09	-47.60
6484.32	-50.80	142.67
6508.79	-53.56	74.14
6533.35	-53.97	56.60
6558.00	-52.62	-22.01
6582.75	-50.38	-133.59
6607.59	-48.97	102.88
6632.53	-53.32	80.28
6657.55	-52.00	-67.92
6682.68	-50.90	43.08
6707.90	-47.12	-75.29
6733.21	-49.39	-172.93
6758.62	-51.20	52.86
6784.12	-56.35	-129.62
6809.72	-59.04	153.02
6835.42	-52.17	160.98
6861.21	-51.91	97.96
6887.10	-51.47	85.27
6913.09	-52.28	45.68
6939.18	-51.63	15.22
6965.36	-57.36	-57.62
6991.65	-71.61	-8.91
7018.03	-60.28	-34.86
7044.51	-56.44	159.15
7071.10	-50.23	88.15
7097.78	-49.90	-8.82
7124.56	-56.61	-106.99
7151.45	-60.21	104.72
7178.44	-55.36	64.07
7205.52	-55.33	66.49
7232.71	-55.78	6.04
7260.01	-57.57	53.24
7287.40	-52.90	18.39
7314.90	-54.67	3.13
7342.51	-50.35	-50.05
7370.21	-55.03	125.32
7398.03	-55.18	28.74
7425.94	-48.28	47.21
7453.97	-47.18	-20.96
7482.09	-48.50	-64.17
7510.33	-54.10	170.87
7538.67	-49.79	-26.55
7567.12	-48.95	-75.55
7595.67	-48.47	-74.09
7624.33	-48.59	-119.32
7653.10	-48.86	-133.74
7681.98	-51.18	-142.31
7710.97	-51.53	-155.20
7740.07	-52.80	177.54
7769.28	-47.34	-167.50
7798.60	-44.73	113.03
7828.02	-52.77	68.25
7857.56	-52.84	61.80
7887.21	-49.70	67.36
7916.98	-46.02	-45.38
7946.85	-52.63	66.29
7976.84	-46.05	4.52
8006.94	-41.71	-80.97
8037.16	-47.26	-161.26
8067.49	-52.54	-163.33
8097.93	-45.41	-134.20
8128.49	-47.11	-74.92
8159.16	-45.95	169.96
8189.95	-45.65	122.80
8220.86	-51.39	100.98
8251.88	-49.95	-65.66
8283.02	-44.11	114.91
8314.27	-47.22	40.79
8345.65	-46.41	14.10
8377.14	-44.67	-58.33
8408.75	-50.08	123.50
8440.48	-56.35	-83.61
8472.33	-47.07	-103.24
8504.30	-46.72	175.84
8536.40	-50.79	157.26
8568.61	-47.13	115.92
8600.94	-51.35	76.65
8633.40	-52.77	32.92
8665.98	-60.09	-117.63
8698.68	-58.07	-77.29
8731.51	-55.67	22.69
8764.46	-51.18	134.51
8797.53	-47.37	61.77
8830.73	-51.80	0.65
8864.05	-53.55	3.60
8897.50	-48.45	-122.70
8931.07	-52.49	-53.44
8964.78	-55.68	-92.47
8998.61	-60.07	98.13
9032.56	-57.74	69.67
9066.65	-58.74	55.55
9100.86	-54.74	-28.15
9135.20	-60.11	159.99
9169.68	-52.78	-33.91
9204.28	-49.59	115.35
9239.01	-49.11	30.68
9273.88	-54.59	-46.74
9308.87	-55.36	178.29
9344.00	-54.03	41.54
9379.26	-55.26	-27.88
9414.65	-59.24	-136.44
9450.18	-51.88	28.73
9485.84	-55.44	138.61
9521.64	-56.59	-169.79
9557.57	-52.80	-39.17
9593.64	-54.62	-150.77
9629.84	-51.31	-53.86
9666.18	-55.10	-82.72
9702.65	-51.90	-131.04
9739.27	-60.51	152.45
9776.02	-60.83	-118.02
9812.91	-62.02	116.16
9849.94	-58.75	-0.97
9887.11	-57.33	-66.37
9924.42	-54.70	-135.38
9961.87	-56.87	42.48
9999.46	-51.23	-117.92
10037.19	-47.89	164.74
10075.07	-46.76	79.08
10113.09	-46.74	-35.35
10151.25	-51.08	-120.03
10189.55	-50.37	161.21
10228.01	-57.33	121.67
10266.60	-59.48	92.48
10305.34	-52.78	94.57
10344.23	-49.37	-21.18
10383.27	-53.00	-75.66
10422.45	-53.22	177.97
10461.78	-61.81	-4.15
10501.26	-54.51	11.92
10540.88	-55.08	17.38
10580.66	-53.69	169.83
10620.59	-57.19	-40.47
10660.66	-50.39	-179.94
10700.89	-53.88	15.94
10741.27	-51.15	161.90
10781.81	-54.93	67.99
10822.49	-59.64	-18.67
10863.33	-57.12	147.34
10904.33	-56.33	91.73
10945.47	-57.61	-100.70
10986.78	-53.40	59.36
11028.24	-57.43	-67.81
11069.85	-56.28	101.24
11111.63	-54.94	38.45
11153.56	-60.91	30.30
11195.64	-56.34	-41.03
11237.89	-51.35	85.37
11280.30	-50.77	-6.49
11322.87	-54.57	-179.50
11365.59	-56.34	-159.97
11408.48	-56.77	-4.18
11451.53	-51.51	72.94
11494.75	-56.26	-45.61
11538.12	-54.44	52.32
11581.66	-53.47	-122.90
11625.37	-63.95	-153.88
11669.24	-67.54	-19.78
11713.27	-62.25	8.63
11757.47	-60.28	176.91
11801.84	-54.40	-12.65
11846.37	-55.56	-138.90
11891.08	-59.64	-171.27
11935.95	-59.45	99.45
11980.99	-66.02	-88.39
12026.20	-70.85	118.99
12071.58	-58.73	-50.18
12117.14	-60.89	139.58
12162.86	-66.35	-67.75
12208.76	-62.68	172.37
12254.83	-62.71	124.35
12301.07	-71.21	40.19
12347.49	-63.15	134.65
12394.08	-55.60	-149.41
12440.85	-59.19	123.25
12487.80	-63.11	59.18
12534.92	-68.78	16.57
12582.23	-67.13	-142.21
12629.71	-64.02	57.10
12677.37	-60.73	107.80
12725.20	-56.20	-125.76
12773.22	-58.42	167.35
12821.42	-53.63	86.38
12869.81	-56.39	-25.00
12918.37	-58.59	-131.83
12967.12	-60.60	133.19
13016.05	-59.20	72.52
13065.17	-57.72	114.46
13114.47	-55.62	37.21
13163.96	-55.98	-61.95
13213.64	-60.15	-151.12
13263.50	-56.65	-3.90
13313.55	-64.90	167.12
13363.79	-64.51	-15.35
13414.22	-62.20	133.14
13464.84	-58.28	-29.75
13515.65	-63.48	91.13
13566.65	-59.34	46.07
13617.84	-56.34	-135.37
13669.23	-58.71	88.20
13720.81	-57.82	-73.71
13772.59	-61.45	29.08
13824.56	-60.96	-92.04
13876.73	-62.80	-161.93
13929.09	-53.25	131.45
13981.66	-56.19	-4.83
14034.42	-57.93	177.16
14087.38	-59.46	-3.85
14140.54	-61.08	-109.50
14193.90	-57.44	-44.05
14247.46	-56.65	38.63
14301.22	-60.83	-4.84
14355.19	-58.34	-92.45
14409.36	-53.49	163.36
14463.73	-55.71	2.69
14518.31	-57.81	163.48
14573.10	-61.77	-103.58
14628.09	-61.77	57.39
14683.29	-57.92	136.94
14738.70	-61.15	28.98
14794.32	-63.00	-108.12
14850.15	-57.53	-109.29
14906.18	-54.42	144.17
14962.43	-56.47	72.25
15018.90	-57.64	38.97
15075.57	-61.02	-46.30
15132.46	-59.90	9.88
15189.56	-64.56	159.20
15246.88	-61.81	111.99
15304.42	-62.55	12.31
15362.17	-66.52	-179.41
15420.14	-68.85	11.88
15478.33	-63.75	24.93
15536.74	-63.46	-123.58
15595.37	-65.79	87.16
15654.22	-68.86	113.69
15713.29	-66.60	29.10
15772.58	-63.48	-54.39
15832.10	-63.67	162.37
15891.85	-59.49	55.41
15951.81	-60.65	-36.61
16012.01	-62.36	-81.31
16072.43	-60.56	-173.47
16133.08	-62.32	69.29
16193.96	-62.06	19.87
16255.07	-60.39	-175.66
16316.41	-61.66	-150.37
16377.98	-65.04	34.85
16439.79	-64.84	-109.45
16501.82	-65.32	-68.68
16564.09	-61.53	143.32
16626.60	-63.19	-158.23
16689.34	-62.11	105.57
16752.32	-62.72	27.54
16815.54	-66.84	-166.57
16878.99	-65.22	-100.16
16942.69	-68.10	-56.00
17006.62	-67.17	92.35
17070.79	-68.83	65.64
17135.21	-68.41	64.75
17199.87	-63.24	70.54
17264.78	-59.98	-21.50
17329.93	-74.14	45.91
17395.32	-65.30	-119.70
17460.97	-64.56	-0.68
17526.86	-63.32	52.37
17593.00	-69.31	21.39
17659.38	-67.23	-54.04
17726.02	-71.49	115.39
17792.91	-69.29	36.26
17860.06	-67.86	-20.18
17927.45	-72.78	159.00
17995.10	-74.77	-18.81
18063.01	-66.03	-35.39
18131.17	-64.18	174.82
18199.59	-75.95	37.03
18268.27	-67.03	-112.02
18337.21	-67.81	75.38
18406.40	-65.25	97.90
18475.86	-69.09	26.13
18545.58	-64.61	22.46
18615.56	-63.72	167.79
18685.81	-61.11	62.40
18756.32	-65.60	0.54
18827.10	-61.95	-178.04
18898.15	-62.43	15.18
18969.46	-68.62	126.88
19041.04	-66.60	17.63
19112.90	-76.40	149.62
19185.02	-73.62	-89.99
19257.42	-73.64	175.61
19330.09	-69.13	73.58
19403.03	-67.34	51.84
19476.25	-66.11	-17.05
19549.74	-68.86	-172.34
19623.51	-68.17	29.53
19697.56	-71.11	-145.40
19771.89	-70.92	17.25
19846.51	-74.62	-113.10
19921.40	-72.49	73.78
19996.57	-70.11	-50.95
20072.03	-68.81	144.66
20147.78	-73.93	-15.88
20223.80	-76.10	23.53
20300.12	-72.74	99.08
20376.72	-80.69	98.48
20453.62	-70.18	87.39
20530.80	-67.27	24.99
20608.28	-75.18	156.02
20686.04	-66.76	-121.61
20764.10	-69.92	105.39
20842.46	-70.62	15.31
20921.11	-74.73	75.27
21000.06	-74.14	-85.64
21079.30	-73.67	-35.82
21158.85	-68.31	109.86
21238.69	-67.36	50.18
21318.84	-69.41	179.61
21399.29	-64.15	81.74
21480.04	-64.13	-60.09
21561.09	-67.87	149.98
21642.46	-65.68	-105.84
21724.12	-65.54	131.85
21806.10	-65.93	-63.18
21888.39	-68.66	36.43
21970.99	-65.44	-37.43
22053.89	-67.42	178.54
22137.12	-69.82	-45.25
22220.65	-70.87	92.40
22304.50	-68.57	27.23
