Freq[Hz]	[dBV]	Phase[Deg]
10.00	-66.98	-11.27
10.04	-66.88	-9.99
10.08	-66.77	-8.67
10.11	-66.67	-7.31
10.15	-66.56	-5.90
10.19	-66.45	-4.45
10.23	-66.34	-2.96
10.27	-66.23	-1.43
10.31	-66.12	0.14
10.34	-66.00	1.75
10.38	-65.89	3.40
10.42	-65.78	5.09
10.46	-65.66	6.81
10.50	-65.55	8.57
10.54	-65.43	10.37
10.58	-65.31	12.21
10.62	-65.20	14.08
10.66	-65.08	15.98
10.70	-64.97	17.92
10.74	-64.86	19.89
10.78	-64.74	21.89
10.82	-64.63	23.92
10.86	-64.52	25.98
10.90	-64.41	28.08
10.95	-64.30	30.20
10.99	-64.20	32.35
11.03	-64.09	34.53
11.07	-63.99	36.73
11.11	-63.89	38.96
11.15	-63.80	41.21
11.20	-63.70	43.48
11.24	-63.61	45.78
11.28	-63.52	48.10
11.32	-63.44	50.43
11.37	-63.36	52.79
11.41	-63.28	55.16
11.45	-63.21	57.55
11.50	-63.14	59.96
11.54	-63.07	62.38
11.58	-63.01	64.81
11.63	-62.96	67.25
11.67	-62.91	69.70
11.71	-62.87	72.16
11.76	-62.83	74.63
11.80	-62.80	77.11
11.85	-62.77	79.58
11.89	-62.75	82.07
11.94	-62.74	84.55
11.98	-62.73	87.04
12.03	-62.73	89.53
12.07	-62.73	92.02
12.12	-62.74	94.50
12.16	-62.75	96.98
12.21	-62.77	99.46
12.26	-62.79	101.93
12.30	-62.82	104.39
12.35	-62.85	106.85
12.39	-62.89	109.29
12.44	-62.94	111.72
12.49	-62.98	114.14
12.54	-63.04	116.54
12.58	-63.09	118.93
12.63	-63.15	121.30
12.68	-63.22	123.65
12.73	-63.29	125.98
12.77	-63.36	128.29
12.82	-63.44	130.57
12.87	-63.52	132.82
12.92	-63.60	135.05
12.97	-63.69	137.25
13.02	-63.78	139.41
13.07	-63.87	141.54
13.12	-63.97	143.64
13.16	-64.07	145.70
13.21	-64.17	147.71
13.26	-64.28	149.69
13.31	-64.39	151.62
13.36	-64.49	153.51
13.41	-64.61	155.35
13.47	-64.72	157.14
13.52	-64.84	158.87
13.57	-64.95	160.55
13.62	-65.07	162.18
13.67	-65.19	163.74
13.72	-65.31	165.24
13.77	-65.43	166.68
13.83	-65.55	168.05
13.88	-65.67	169.35
13.93	-65.79	170.58
13.98	-65.91	171.73
14.04	-66.04	172.81
14.09	-66.16	173.80
14.14	-66.28	174.72
14.19	-66.39	175.54
14.25	-66.51	176.28
14.30	-66.63	176.93
14.36	-66.74	177.48
14.41	-66.85	177.93
14.46	-66.96	178.28
14.52	-67.07	178.53
14.57	-67.17	178.66
14.63	-67.27	178.69
14.68	-67.37	178.61
14.74	-67.46	178.41
14.80	-67.55	178.10
14.85	-67.64	177.69
14.91	-67.72	177.18
14.96	-67.80	176.57
15.02	-67.88	175.87
15.08	-67.95	175.09
15.13	-68.02	174.23
15.19	-68.09	173.28
15.25	-68.15	172.27
15.31	-68.21	171.19
15.36	-68.27	170.05
15.42	-68.33	168.86
15.48	-68.38	167.62
15.54	-68.43	166.33
15.60	-68.48	165.00
15.66	-68.53	163.65
15.71	-68.57	162.26
15.77	-68.61	160.86
15.83	-68.65	159.45
15.89	-68.69	158.03
15.95	-68.72	156.61
16.01	-68.76	155.20
16.07	-68.79	153.80
16.13	-68.82	152.42
16.19	-68.85	151.08
16.26	-68.88	149.77
16.32	-68.91	148.51
16.38	-68.93	147.30
16.44	-68.96	146.15
16.50	-68.98	145.07
16.56	-69.01	144.06
16.63	-69.03	143.14
16.69	-69.05	142.32
16.75	-69.08	141.60
16.82	-69.10	141.00
16.88	-69.12	140.52
16.94	-69.15	140.17
17.01	-69.17	139.96
17.07	-69.19	139.90
17.14	-69.22	140.00
17.20	-69.25	140.28
17.27	-69.27	140.74
17.33	-69.30	141.40
17.40	-69.33	142.26
17.46	-69.36	143.33
17.53	-69.40	144.63
17.59	-69.43	146.18
17.66	-69.47	147.96
17.73	-69.51	149.99
17.79	-69.55	152.23
17.86	-69.60	154.70
17.93	-69.64	157.37
18.00	-69.69	160.23
18.06	-69.74	163.28
18.13	-69.79	166.49
18.20	-69.84	169.87
18.27	-69.90	173.40
18.34	-69.95	177.06
18.41	-70.01	-179.16
18.48	-70.07	-175.27
18.55	-70.12	-171.28
18.62	-70.18	-167.20
18.69	-70.24	-163.06
18.76	-70.30	-158.86
18.83	-70.36	-154.63
18.90	-70.42	-150.36
18.97	-70.48	-146.09
19.04	-70.54	-141.82
19.11	-70.60	-137.58
19.19	-70.67	-133.37
19.26	-70.72	-129.22
19.33	-70.78	-125.13
19.40	-70.84	-121.14
19.48	-70.90	-117.25
19.55	-70.96	-113.49
19.62	-71.01	-109.87
19.70	-71.06	-106.41
19.77	-71.12	-103.14
19.85	-71.17	-100.06
19.92	-71.22	-97.21
20.00	-71.26	-94.60
20.07	-71.31	-92.25
20.15	-71.35	-90.19
20.22	-71.39	-88.44
20.30	-71.42	-87.01
20.38	-71.46	-85.94
20.45	-71.49	-85.24
20.53	-71.51	-84.94
20.61	-71.53	-85.05
20.69	-71.55	-85.55
20.77	-71.57	-86.43
20.84	-71.59	-87.66
20.92	-71.60	-89.23
21.00	-71.61	-91.13
21.08	-71.63	-93.32
21.16	-71.64	-95.79
21.24	-71.65	-98.52
21.32	-71.67	-101.49
21.40	-71.68	-104.67
21.48	-71.70	-108.04
21.56	-71.72	-111.59
21.64	-71.75	-115.28
21.73	-71.78	-119.10
21.81	-71.81	-123.01
21.89	-71.85	-127.00
21.97	-71.90	-131.03
22.06	-71.95	-135.09
22.14	-72.02	-139.14
22.22	-72.09	-143.16
22.31	-72.17	-147.12
22.39	-72.26	-150.98
22.47	-72.36	-154.73
22.56	-72.47	-158.33
22.64	-72.60	-161.75
22.73	-72.74	-164.96
22.82	-72.89	-167.93
22.90	-73.06	-170.62
22.99	-73.24	-173.00
23.07	-73.44	-175.04
23.16	-73.66	-176.70
23.25	-73.89	-177.95
23.34	-74.15	-178.74
23.43	-74.43	-179.05
23.51	-74.73	-178.84
23.60	-75.04	-178.12
23.69	-75.38	-176.91
23.78	-75.74	-175.22
23.87	-76.11	-173.08
23.96	-76.50	-170.51
24.05	-76.89	-167.53
24.14	-77.30	-164.17
24.23	-77.72	-160.44
24.32	-78.15	-156.38
24.42	-78.58	-152.01
24.51	-79.02	-147.35
24.60	-79.45	-142.43
24.69	-79.89	-137.27
24.79	-80.33	-131.90
24.88	-80.76	-126.36
24.97	-81.19	-120.66
25.07	-81.61	-114.85
25.16	-82.02	-108.94
25.26	-82.41	-102.96
25.35	-82.79	-96.96
25.45	-83.16	-90.96
25.54	-83.50	-84.99
25.64	-83.83	-79.09
25.74	-84.13	-73.29
25.84	-84.40	-67.63
25.93	-84.65	-62.14
26.03	-84.86	-56.86
26.13	-85.04	-51.82
26.23	-85.18	-47.07
26.33	-85.28	-42.64
26.43	-85.34	-38.57
26.53	-85.36	-34.87
26.63	-85.33	-31.51
26.73	-85.27	-28.49
26.83	-85.18	-25.76
26.93	-85.05	-23.32
27.03	-84.89	-21.14
27.13	-84.70	-19.20
27.23	-84.49	-17.47
27.34	-84.26	-15.93
27.44	-84.01	-14.56
27.54	-83.74	-13.32
27.65	-83.46	-12.20
27.75	-83.16	-11.17
27.86	-82.87	-10.19
27.96	-82.56	-9.25
28.07	-82.26	-8.31
28.17	-81.96	-7.34
28.28	-81.66	-6.32
28.39	-81.38	-5.22
28.49	-81.11	-3.99
28.60	-80.85	-2.62
28.71	-80.62	-1.07
28.82	-80.41	0.70
28.93	-80.23	2.72
29.03	-80.08	5.02
29.14	-79.97	7.63
29.25	-79.89	10.61
29.36	-79.87	13.97
29.48	-79.89	17.71
29.59	-79.95	21.80
29.70	-80.05	26.19
29.81	-80.19	30.84
29.92	-80.36	35.70
30.04	-80.57	40.75
30.15	-80.81	45.92
30.26	-81.08	51.17
30.38	-81.38	56.46
30.49	-81.69	61.75
30.61	-82.03	66.97
30.72	-82.39	72.08
30.84	-82.76	77.04
30.95	-83.14	81.78
31.07	-83.53	86.25
31.19	-83.92	90.41
31.31	-84.32	94.18
31.42	-84.72	97.53
31.54	-85.11	100.38
31.66	-85.50	102.68
31.78	-85.87	104.38
31.90	-86.23	105.39
32.02	-86.57	105.67
32.14	-86.89	105.15
32.26	-87.18	103.76
32.39	-87.45	101.49
32.51	-87.68	98.37
32.63	-87.89	94.47
32.75	-88.06	89.86
32.88	-88.21	84.59
33.00	-88.33	78.72
33.13	-88.41	72.32
33.25	-88.47	65.47
33.38	-88.49	58.22
33.50	-88.49	50.64
33.63	-88.45	42.81
33.76	-88.38	34.81
33.88	-88.27	26.69
34.01	-88.13	18.55
34.14	-87.96	10.46
34.27	-87.76	2.50
34.40	-87.52	-5.25
34.53	-87.25	-12.70
34.66	-86.95	-19.77
34.79	-86.61	-26.37
34.92	-86.23	-32.42
35.05	-85.82	-37.81
35.18	-85.37	-42.46
35.32	-84.89	-46.31
35.45	-84.38	-49.36
35.58	-83.85	-51.64
35.72	-83.31	-53.15
35.85	-82.76	-53.93
35.99	-82.22	-53.99
36.12	-81.68	-53.36
36.26	-81.17	-52.05
36.40	-80.68	-50.08
36.53	-80.23	-47.49
36.67	-79.83	-44.30
36.81	-79.48	-40.52
36.95	-79.19	-36.19
37.09	-78.97	-31.32
37.23	-78.84	-25.95
37.37	-78.80	-20.10
37.51	-78.86	-13.81
37.65	-79.04	-7.08
37.79	-79.33	0.03
37.94	-79.77	7.51
38.08	-80.34	15.32
38.22	-81.07	23.43
38.37	-81.93	31.79
38.51	-82.92	40.35
38.66	-84.02	49.04
38.80	-85.20	57.82
38.95	-86.46	66.62
39.10	-87.76	75.38
39.24	-89.10	84.05
39.39	-90.45	92.55
39.54	-91.79	100.84
39.69	-93.11	108.83
39.84	-94.37	116.47
39.99	-95.57	123.68
40.14	-96.67	130.40
40.29	-97.66	136.55
40.45	-98.52	142.06
40.60	-99.21	146.87
40.75	-99.72	150.88
40.90	-100.02	154.02
41.06	-100.09	156.22
41.21	-99.92	157.45
41.37	-99.52	157.79
41.53	-98.91	157.33
41.68	-98.12	156.16
41.84	-97.16	154.38
42.00	-96.06	152.08
42.16	-94.84	149.37
42.32	-93.52	146.34
42.47	-92.13	143.10
42.63	-90.68	139.76
42.80	-89.21	136.42
42.96	-87.73	133.21
43.12	-86.27	130.22
43.28	-84.86	127.58
43.45	-83.53	125.40
43.61	-82.30	123.82
43.77	-81.19	122.95
43.94	-80.25	122.92
44.10	-79.48	123.83
44.27	-78.89	125.65
44.44	-78.46	128.29
44.61	-78.17	131.69
44.77	-78.02	135.77
44.94	-78.00	140.44
45.11	-78.07	145.63
45.28	-78.24	151.25
45.45	-78.48	157.21
45.63	-78.78	163.42
45.80	-79.12	169.80
45.97	-79.49	176.25
46.14	-79.87	-177.32
46.32	-80.24	-171.00
46.49	-80.59	-164.91
46.67	-80.89	-159.13
46.84	-81.13	-153.77
47.02	-81.30	-148.93
47.20	-81.38	-144.65
47.38	-81.39	-140.94
47.56	-81.33	-137.82
47.74	-81.19	-135.30
47.92	-81.00	-133.41
48.10	-80.74	-132.15
48.28	-80.44	-131.55
48.46	-80.08	-131.63
48.64	-79.67	-132.39
48.83	-79.23	-133.86
49.01	-78.74	-136.05
49.20	-78.23	-139.00
49.38	-77.70	-142.70
49.57	-77.14	-147.19
49.75	-76.57	-152.48
49.94	-75.98	-158.57
50.13	-75.40	-165.39
50.32	-74.82	-172.77
50.51	-74.26	179.43
50.70	-73.71	171.38
50.89	-73.20	163.25
51.08	-72.72	155.18
51.28	-72.29	147.37
51.47	-71.91	139.97
51.66	-71.60	133.17
51.86	-71.36	127.15
52.05	-71.20	122.09
52.25	-71.13	118.19
52.45	-71.17	115.63
52.65	-71.31	114.61
52.85	-71.58	115.34
53.04	-71.95	117.77
53.24	-72.42	121.69
53.45	-72.95	126.88
53.65	-73.53	133.09
53.85	-74.13	140.09
54.05	-74.72	147.63
54.26	-75.28	155.46
54.46	-75.78	163.33
54.67	-76.20	170.96
54.87	-76.50	178.09
55.08	-76.67	-175.56
55.29	-76.67	-170.26
55.50	-76.47	-166.31
55.71	-76.05	-164.00
55.92	-75.38	-163.51
56.13	-74.52	-164.76
56.34	-73.48	-167.64
56.55	-72.31	-172.03
56.77	-71.06	-177.80
56.98	-69.76	175.17
57.19	-68.44	167.00
57.41	-67.17	157.83
57.63	-65.97	147.80
57.84	-64.90	137.04
58.06	-64.00	125.69
58.28	-63.31	113.89
58.50	-62.88	101.80
58.72	-62.77	89.56
58.94	-62.96	77.32
59.17	-63.43	65.22
59.39	-64.12	53.39
59.61	-65.02	41.98
59.84	-66.06	31.14
60.06	-67.21	21.02
60.29	-68.43	11.77
60.52	-69.67	3.56
60.75	-70.89	-3.46
60.98	-72.05	-9.13
61.21	-73.09	-13.27
61.44	-73.96	-15.71
61.67	-74.63	-16.29
61.90	-75.07	-15.05
62.14	-75.33	-12.15
62.37	-75.42	-7.78
62.61	-75.36	-2.12
62.84	-75.19	4.64
63.08	-74.92	12.31
63.32	-74.58	20.68
63.56	-74.20	29.56
63.80	-73.81	38.73
64.04	-73.43	47.99
64.28	-73.10	57.12
64.52	-72.84	65.90
64.76	-72.66	74.16
65.01	-72.57	81.85
65.25	-72.53	88.94
65.50	-72.53	95.39
65.75	-72.57	101.16
66.00	-72.62	106.21
66.24	-72.66	110.49
66.49	-72.68	113.98
66.75	-72.65	116.61
67.00	-72.58	118.35
67.25	-72.42	119.16
67.50	-72.17	119.00
67.76	-71.82	117.85
68.01	-71.37	115.79
68.27	-70.83	112.88
68.53	-70.21	109.18
68.79	-69.51	104.76
69.05	-68.73	99.67
69.31	-67.89	93.99
69.57	-67.00	87.80
69.83	-66.05	81.16
70.09	-65.06	74.14
70.36	-64.03	66.82
70.62	-62.97	59.27
70.89	-61.91	51.57
71.16	-60.87	43.78
71.43	-59.87	35.97
71.70	-58.93	28.22
71.97	-58.09	20.61
72.24	-57.37	13.20
72.51	-56.79	6.08
72.79	-56.37	-0.68
73.06	-56.16	-6.99
73.34	-56.16	-12.76
73.61	-56.40	-17.98
73.89	-56.85	-22.68
74.17	-57.48	-26.92
74.45	-58.28	-30.77
74.73	-59.21	-34.27
75.01	-60.24	-37.50
75.29	-61.36	-40.51
75.58	-62.53	-43.37
75.86	-63.72	-46.15
76.15	-64.91	-48.90
76.44	-66.06	-51.69
76.73	-67.15	-54.43
77.02	-68.14	-57.04
77.31	-68.99	-59.41
77.60	-69.68	-61.44
77.89	-70.17	-63.02
78.18	-70.41	-64.04
78.48	-70.39	-64.40
78.78	-70.05	-63.97
79.07	-69.36	-62.64
79.37	-68.31	-60.34
79.67	-66.99	-57.20
79.97	-65.53	-53.45
80.27	-64.09	-49.31
80.58	-62.79	-45.01
80.88	-61.79	-40.79
81.19	-61.25	-36.88
81.49	-61.30	-33.55
81.80	-62.12	-31.03
82.11	-63.86	-29.58
82.42	-66.55	-29.35
82.73	-69.97	-30.24
83.04	-73.87	-32.12
83.35	-77.98	-34.85
83.67	-82.05	-38.31
83.99	-85.80	-42.37
84.30	-88.94	-46.87
84.62	-91.20	-51.68
84.94	-92.27	-56.65
85.26	-91.95	-61.64
85.58	-90.37	-66.51
85.90	-87.77	-71.12
86.23	-84.43	-75.35
86.55	-80.62	-79.06
86.88	-76.60	-82.09
87.21	-72.66	-84.31
87.54	-69.08	-85.58
87.87	-66.16	-85.73
88.20	-64.14	-84.68
88.53	-62.96	-82.65
88.87	-62.50	-79.99
89.20	-62.60	-77.02
89.54	-63.11	-74.10
89.88	-63.90	-71.57
90.22	-64.80	-69.81
90.56	-65.65	-69.17
90.90	-66.30	-70.05
91.24	-66.65	-72.60
91.59	-66.73	-76.51
91.93	-66.60	-81.41
92.28	-66.31	-86.91
92.63	-65.92	-92.62
92.98	-65.49	-98.15
93.33	-65.07	-103.08
93.68	-64.73	-106.98
94.03	-64.53	-109.51
94.39	-64.47	-110.73
94.74	-64.58	-110.96
95.10	-64.84	-110.51
95.46	-65.27	-109.70
95.82	-65.85	-108.84
96.18	-66.60	-108.28
96.54	-67.52	-108.35
96.91	-68.60	-109.38
97.27	-69.82	-111.42
97.64	-71.10	-114.29
98.01	-72.39	-117.82
98.38	-73.63	-121.83
98.75	-74.73	-126.13
99.12	-75.64	-130.55
99.50	-76.28	-134.87
99.87	-76.60	-138.92
100.25	-76.60	-142.50
100.63	-76.34	-145.43
101.01	-75.89	-147.55
101.39	-75.31	-148.65
101.77	-74.67	-148.55
102.16	-74.03	-147.05
102.54	-73.46	-143.96
102.93	-73.02	-139.21
103.32	-72.72	-133.25
103.71	-72.58	-126.67
104.10	-72.58	-120.08
104.49	-72.74	-114.11
104.88	-73.07	-109.38
105.28	-73.56	-106.55
105.68	-74.23	-106.26
106.08	-75.02	-108.52
106.48	-75.87	-112.76
106.88	-76.69	-118.37
107.28	-77.40	-124.72
107.69	-77.92	-131.18
108.09	-78.15	-137.09
108.50	-78.01	-141.79
108.91	-77.48	-144.87
109.32	-76.65	-146.43
109.73	-75.63	-146.63
110.15	-74.55	-145.65
110.56	-73.52	-143.66
110.98	-72.66	-140.84
111.40	-72.11	-137.37
111.82	-71.92	-133.46
112.24	-72.02	-129.41
112.67	-72.30	-125.53
113.09	-72.66	-122.12
113.52	-72.98	-119.52
113.95	-73.16	-118.05
114.38	-73.07	-118.04
114.81	-72.69	-119.48
115.24	-72.14	-121.67
115.68	-71.53	-123.83
116.11	-71.02	-125.18
116.55	-70.74	-124.90
116.99	-70.83	-122.17
117.43	-71.43	-116.21
117.87	-72.52	-107.47
118.32	-73.92	-97.53
118.77	-75.46	-88.03
119.21	-76.94	-80.64
119.66	-78.17	-77.09
120.12	-78.97	-79.14
120.57	-79.19	-87.97
121.02	-78.92	-102.26
121.48	-78.29	-120.03
121.94	-77.45	-139.27
122.40	-76.56	-157.91
122.86	-75.77	-173.81
123.32	-75.22	175.06
123.79	-74.94	169.14
124.26	-74.88	167.57
124.73	-74.96	169.43
125.20	-75.13	173.77
125.67	-75.32	179.64
126.14	-75.44	-173.94
126.62	-75.47	-167.79
127.10	-75.38	-162.49
127.58	-75.19	-158.59
128.06	-74.88	-156.66
128.54	-74.45	-157.29
129.03	-73.90	-161.06
129.51	-73.26	-168.01
130.00	-72.60	-177.00
130.49	-72.04	173.27
130.98	-71.65	164.10
131.48	-71.54	156.87
131.98	-71.82	152.93
132.47	-72.49	152.81
132.97	-73.42	155.48
133.48	-74.45	159.70
133.98	-75.43	164.21
134.48	-76.19	167.74
134.99	-76.57	168.99
135.50	-76.51	167.60
136.01	-76.09	164.27
136.53	-75.40	159.81
137.04	-74.53	155.00
137.56	-73.56	150.70
138.08	-72.60	147.65
138.60	-71.81	145.98
139.12	-71.39	145.43
139.65	-71.56	145.73
140.17	-72.51	146.61
140.70	-74.48	147.79
141.23	-77.47	148.89
141.77	-80.98	149.25
142.30	-84.42	148.15
142.84	-87.16	144.87
143.38	-88.57	138.65
143.92	-88.09	128.91
144.46	-85.92	116.90
145.01	-82.78	105.11
145.55	-79.45	96.12
146.10	-76.67	92.54
146.65	-75.24	97.04
147.21	-75.45	109.95
147.76	-76.79	127.65
148.32	-78.63	146.07
148.88	-80.36	161.03
149.44	-81.31	168.26
150.01	-81.09	164.70
150.57	-80.09	151.72
151.14	-78.91	131.70
151.71	-78.15	107.07
152.28	-78.45	80.33
152.86	-80.28	53.85
153.43	-83.25	29.04
154.01	-86.64	7.01
154.59	-89.75	-11.10
155.18	-91.84	-24.13
155.76	-92.26	-31.35
156.35	-91.20	-34.92
156.94	-89.18	-38.26
157.53	-86.70	-44.87
158.13	-84.32	-58.32
158.72	-82.51	-81.27
159.32	-81.36	-110.53
159.93	-80.83	-140.74
160.53	-80.85	-166.35
161.13	-81.37	178.27
161.74	-82.33	176.86
162.35	-83.64	-174.77
162.97	-85.20	-162.98
163.58	-86.91	-154.24
164.20	-88.67	-155.14
164.82	-90.30	-168.39
165.44	-91.48	171.94
166.06	-91.87	153.00
166.69	-91.11	142.11
167.32	-88.87	146.39
167.95	-85.39	165.31
168.58	-81.47	-169.08
169.22	-77.98	-145.27
169.86	-75.77	-131.89
170.50	-75.51	-135.81
171.14	-76.64	-153.27
171.79	-78.16	-176.77
172.44	-79.07	161.34
173.09	-78.34	148.78
173.74	-75.82	147.77
174.40	-72.63	152.47
175.06	-70.01	156.23
175.72	-69.23	152.27
176.38	-71.26	135.48
177.04	-75.32	110.50
177.71	-80.01	85.39
178.38	-83.88	68.41
179.06	-85.55	67.65
179.73	-84.80	83.49
180.41	-82.68	108.63
181.09	-80.29	135.31
181.77	-78.76	155.57
182.46	-78.70	164.43
183.15	-79.53	163.96
183.84	-80.48	157.23
184.53	-80.75	147.43
185.23	-79.76	137.54
185.93	-77.85	129.54
186.63	-75.67	125.14
187.33	-73.89	126.08
188.04	-73.10	133.57
188.75	-73.14	144.23
189.46	-73.45	152.33
190.18	-73.49	151.98
190.90	-72.73	137.80
191.62	-71.40	112.55
192.34	-70.20	84.63
193.07	-69.88	62.74
193.79	-71.13	55.19
194.53	-73.72	61.46
195.26	-76.70	73.98
196.00	-79.05	84.79
196.74	-79.81	86.28
197.48	-78.96	78.01
198.22	-77.19	65.19
198.97	-75.27	53.28
199.72	-73.90	47.46
200.48	-73.29	47.88
201.23	-73.27	51.40
201.99	-73.70	54.76
202.75	-74.41	55.11
203.52	-75.24	53.26
204.29	-76.01	51.69
205.06	-76.55	52.99
205.83	-76.75	58.68
206.61	-76.79	65.57
207.39	-76.92	69.09
208.17	-77.42	64.58
208.96	-78.35	50.75
209.74	-79.31	33.88
210.54	-79.82	21.43
211.33	-79.42	20.69
212.13	-78.14	31.45
212.93	-76.49	45.66
213.73	-75.04	54.73
214.54	-74.29	51.43
215.35	-74.25	38.69
216.16	-74.72	23.75
216.98	-75.50	14.02
217.80	-76.42	12.90
218.62	-77.39	14.95
219.44	-78.29	13.48
220.27	-79.05	2.44
221.10	-79.92	-14.68
221.94	-81.33	-27.89
222.77	-83.75	-26.86
223.61	-87.25	-6.44
224.46	-90.88	24.10
225.30	-93.47	52.94
226.15	-93.93	68.88
227.01	-92.25	71.22
227.86	-89.13	66.21
228.72	-85.29	60.31
229.59	-81.60	56.59
230.45	-79.19	51.19
231.32	-79.25	39.33
232.20	-82.59	17.56
233.07	-87.71	-8.69
233.95	-92.21	-30.46
234.84	-93.70	-38.86
235.72	-91.98	-30.04
236.61	-89.01	-5.09
237.50	-86.82	34.66
238.40	-86.64	83.82
239.30	-87.89	128.38
240.20	-89.70	152.97
241.11	-91.23	146.64
242.02	-91.73	119.50
242.93	-90.46	87.88
243.85	-86.83	66.82
244.77	-81.99	57.28
245.69	-77.98	52.68
246.62	-76.77	46.56
247.55	-78.38	38.51
248.48	-81.09	33.27
249.42	-83.11	35.70
250.36	-83.66	44.59
251.31	-83.15	51.18
252.26	-82.08	46.20
253.21	-80.93	28.09
254.16	-80.13	8.15
255.12	-80.10	-0.99
256.09	-80.85	5.10
257.05	-81.50	14.33
258.02	-81.09	12.48
259.00	-79.41	-4.85
259.97	-78.00	-20.47
260.95	-78.62	-14.07
261.94	-81.74	20.91
262.93	-84.95	60.68
263.92	-85.42	77.07
264.92	-82.08	57.34
265.92	-77.40	19.87
266.92	-74.28	-13.09
267.93	-74.25	-29.73
268.94	-76.45	-35.93
269.95	-79.82	-39.24
270.97	-83.09	-42.22
271.99	-84.76	-41.07
273.02	-83.43	-32.02
274.05	-80.05	-21.30
275.08	-77.77	-24.35
276.12	-79.46	-54.14
277.16	-83.84	-91.98
278.21	-87.11	-100.02
279.26	-86.16	-50.49
280.31	-82.30	23.08
281.37	-78.43	65.17
282.43	-76.64	42.82
283.50	-76.68	-9.20
284.57	-77.84	-43.73
285.64	-79.43	-41.85
286.72	-80.78	-26.34
287.80	-81.27	-21.98
288.89	-80.84	-31.03
289.98	-79.86	-39.67
291.07	-78.68	-37.18
292.17	-77.57	-30.29
293.27	-76.72	-31.05
294.38	-76.39	-43.62
295.49	-76.84	-57.42
296.61	-78.29	-60.95
297.73	-80.01	-54.62
298.85	-80.61	-47.41
299.98	-79.23	-46.88
301.11	-77.19	-53.83
302.25	-76.35	-67.38
303.39	-77.06	-84.50
304.53	-77.86	-99.53
305.68	-77.51	-107.44
306.83	-76.98	-108.71
307.99	-78.06	-105.95
309.15	-80.92	-101.55
310.32	-83.04	-97.57
311.49	-82.16	-96.07
312.67	-79.92	-99.34
313.85	-79.76	-109.70
315.03	-82.66	-124.37
316.22	-85.38	-131.95
317.41	-84.89	-123.85
318.61	-82.30	-116.30
319.81	-80.41	-135.25
321.02	-80.75	177.28
322.23	-83.14	131.66
323.45	-87.00	112.49
324.67	-90.48	106.90
325.89	-91.47	92.36
327.12	-89.42	63.69
328.36	-85.15	30.63
329.60	-79.94	0.53
330.84	-75.99	-26.21
332.09	-75.22	-49.80
333.34	-76.33	-67.98
334.60	-76.75	-77.64
335.86	-75.86	-81.88
337.13	-75.15	-90.42
338.40	-75.58	-107.77
339.68	-76.55	-124.63
340.96	-77.30	-131.71
342.25	-77.57	-133.56
343.54	-77.29	-139.36
344.83	-76.98	-148.84
346.14	-77.61	-154.22
347.44	-78.97	-153.67
348.75	-79.03	-155.27
350.07	-76.60	-165.45
351.39	-73.81	177.38
352.72	-73.01	156.11
354.05	-73.86	131.82
355.38	-75.09	104.93
356.72	-76.27	76.32
358.07	-77.57	47.44
359.42	-80.50	26.26
360.78	-87.90	27.55
362.14	-98.31	48.47
363.51	-102.98	56.15
364.88	-97.31	30.94
366.25	-89.19	-5.58
367.64	-86.14	-32.41
369.02	-86.84	-55.24
370.42	-88.07	-82.78
371.81	-87.58	-106.74
373.22	-83.89	-117.59
374.63	-79.12	-137.21
376.04	-76.80	166.48
377.46	-78.77	118.73
378.88	-85.51	154.56
380.31	-92.68	-138.38
381.75	-93.35	-165.18
383.19	-88.65	113.15
384.63	-85.44	129.62
386.09	-84.75	-133.83
387.54	-82.95	-110.57
389.00	-80.91	-174.54
390.47	-83.15	140.13
391.95	-87.53	141.41
393.43	-86.50	147.13
394.91	-80.92	135.96
396.40	-78.52	107.36
397.90	-80.52	79.57
399.40	-82.95	81.75
400.90	-83.49	98.04
402.42	-81.45	85.43
403.94	-80.29	56.85
405.46	-84.89	54.08
406.99	-90.67	68.53
408.53	-89.75	69.28
410.07	-84.42	49.09
411.61	-80.36	13.06
413.17	-79.70	-20.18
414.73	-82.56	-38.46
416.29	-85.73	-66.55
417.86	-86.33	-119.72
419.44	-84.11	-170.62
421.02	-83.89	153.59
422.61	-97.50	111.83
424.21	-116.18	72.23
425.81	-110.00	74.34
427.41	-87.15	88.96
429.03	-79.93	49.58
430.65	-84.68	-1.05
432.27	-85.14	3.86
433.90	-82.26	19.75
435.54	-80.02	-1.53
437.18	-78.70	-46.85
438.83	-78.51	-90.08
440.49	-80.01	-102.51
442.15	-81.09	-95.97
443.82	-78.62	-107.24
445.49	-75.45	-141.21
447.18	-75.63	176.25
448.86	-79.89	158.00
450.56	-84.92	169.07
452.26	-83.33	171.11
453.96	-78.27	149.02
455.68	-78.38	110.57
457.40	-80.74	83.71
459.12	-80.95	80.08
460.85	-79.77	62.75
462.59	-79.29	24.16
464.34	-81.65	-10.97
466.09	-85.24	-37.40
467.85	-87.43	-63.39
469.62	-87.27	-107.70
471.39	-86.45	-149.81
473.17	-88.24	-139.77
474.95	-89.75	-117.44
476.74	-87.46	-133.52
478.54	-82.69	-176.03
480.35	-81.56	132.40
482.16	-89.99	89.84
483.98	-95.13	91.86
485.81	-90.64	128.17
487.64	-88.94	114.02
489.48	-88.10	53.45
491.33	-82.38	-6.44
493.18	-80.84	-53.54
495.04	-83.55	-86.70
496.91	-82.37	-113.05
498.79	-80.79	-156.29
500.67	-81.34	157.82
502.56	-81.06	164.44
504.45	-79.52	172.26
506.36	-78.90	133.76
508.27	-82.68	82.56
510.19	-83.28	6.14
512.11	-75.96	-107.52
514.04	-73.50	151.01
515.98	-76.67	104.02
517.93	-78.61	111.54
519.89	-76.05	101.41
521.85	-79.53	58.87
523.82	-93.00	23.98
525.79	-89.07	50.71
527.78	-78.07	51.42
529.77	-81.12	-10.58
531.77	-87.94	79.95
533.78	-90.28	173.02
535.79	-87.09	119.25
537.81	-83.69	112.96
539.84	-81.43	129.16
541.88	-78.91	100.30
543.92	-76.18	55.00
545.98	-84.20	51.99
548.04	-93.73	91.40
550.10	-85.22	119.08
552.18	-76.95	114.37
554.26	-73.89	85.07
556.35	-72.00	49.61
558.45	-74.37	18.89
560.56	-76.03	-4.55
562.68	-75.71	-13.77
564.80	-77.95	-7.76
566.93	-80.88	-22.27
569.07	-79.67	-29.84
571.22	-80.58	-46.77
573.37	-97.11	-146.17
575.54	-94.65	-87.28
577.71	-80.34	30.24
579.89	-83.26	-35.41
582.08	-92.43	-171.19
584.27	-92.64	82.30
586.48	-87.41	20.56
588.69	-86.82	-4.12
590.91	-84.88	32.40
593.14	-82.73	15.35
595.38	-87.26	-9.36
597.63	-94.18	35.63
599.88	-85.99	37.95
602.15	-83.73	23.98
604.42	-85.78	17.09
606.70	-84.60	16.37
608.99	-86.82	28.59
611.29	-84.75	57.80
613.59	-75.68	49.52
615.91	-71.85	-7.71
618.23	-77.83	-46.97
620.57	-75.34	-19.93
622.91	-73.87	-42.71
625.26	-76.21	-59.00
627.62	-77.19	-46.36
629.99	-75.91	-58.95
632.36	-77.58	-65.16
634.75	-77.40	-71.16
637.15	-74.97	-90.21
639.55	-73.99	-119.44
641.96	-75.85	-161.23
644.39	-77.46	131.87
646.82	-76.95	60.66
649.26	-78.21	-0.11
651.71	-77.68	-30.08
654.17	-78.44	-39.93
656.64	-80.23	-47.85
659.11	-74.07	-52.44
661.60	-75.26	-76.18
664.10	-75.94	-64.96
666.60	-73.69	-81.35
669.12	-72.89	-122.18
671.64	-77.72	-131.31
674.18	-82.87	-121.59
676.72	-77.99	-120.48
679.28	-75.59	-121.54
681.84	-77.76	-147.94
684.41	-87.08	-114.68
687.00	-82.80	-79.87
689.59	-72.75	-107.68
692.19	-74.38	-137.06
694.80	-75.05	-133.77
697.42	-73.03	-144.96
700.06	-73.64	-169.57
702.70	-75.68	172.26
705.35	-77.12	175.59
708.01	-78.23	167.39
710.68	-77.48	151.43
713.36	-83.09	155.39
716.06	-83.62	-158.10
718.76	-75.69	-135.49
721.47	-73.84	-173.48
724.19	-72.45	162.72
726.93	-74.73	135.99
729.67	-76.14	135.05
732.42	-77.52	136.53
735.19	-77.54	158.86
737.96	-74.87	136.31
740.75	-75.67	128.75
743.54	-77.49	132.29
746.35	-74.98	121.62
749.16	-75.48	98.81
751.99	-77.56	109.48
754.83	-75.12	90.60
757.68	-79.07	63.43
760.54	-84.30	56.66
763.41	-83.53	105.16
766.29	-83.79	105.29
769.18	-79.35	81.41
772.08	-85.18	96.18
774.99	-85.43	133.43
777.92	-74.82	112.40
780.85	-74.58	78.17
783.80	-76.50	67.50
786.76	-77.58	48.76
789.73	-79.98	54.61
792.71	-82.59	86.28
795.70	-77.28	91.13
798.70	-71.54	91.94
801.71	-71.48	33.72
804.74	-76.49	38.63
807.78	-73.17	32.28
810.83	-74.55	22.14
813.88	-77.03	16.42
816.96	-78.89	19.64
820.04	-76.42	9.31
823.13	-81.32	29.16
826.24	-78.15	49.67
829.36	-73.45	36.32
832.49	-71.66	15.64
835.63	-71.16	-2.35
838.78	-74.37	-17.88
841.95	-73.14	-10.14
845.12	-74.47	-27.92
848.31	-74.14	-30.37
851.51	-73.27	-38.72
854.73	-73.39	-26.22
857.95	-71.89	-42.42
861.19	-70.38	-74.83
864.44	-75.82	-103.56
867.70	-77.39	-83.36
870.98	-81.19	-77.58
874.26	-74.42	-50.22
877.56	-74.81	-88.35
880.87	-76.08	-90.03
884.20	-77.95	-82.93
887.53	-75.56	-84.22
890.88	-77.15	-108.59
894.25	-79.76	-129.37
897.62	-78.49	-91.35
901.01	-77.83	-90.27
904.41	-76.87	-101.30
907.82	-76.19	-117.59
911.25	-78.23	-109.38
914.68	-75.44	-99.24
918.14	-74.17	-122.73
921.60	-75.71	-128.88
925.08	-71.94	-127.83
928.57	-71.78	-146.54
932.07	-69.97	-156.84
935.59	-72.18	169.07
939.12	-73.82	170.85
942.67	-75.33	169.65
946.22	-78.14	160.21
949.79	-74.44	161.83
953.38	-75.02	152.86
956.97	-74.95	126.13
960.59	-79.66	78.32
964.21	-82.24	-129.17
967.85	-76.74	143.21
971.50	-81.09	163.40
975.17	-75.01	151.55
978.85	-74.73	136.36
982.54	-73.23	118.92
986.25	-74.95	88.86
989.97	-80.71	108.37
993.71	-76.06	86.10
997.46	-81.45	109.89
1001.22	-74.09	95.41
1005.00	-74.43	62.30
1008.79	-77.54	-42.91
1012.60	-77.65	111.39
1016.42	-83.93	118.74
1020.25	-75.10	84.22
1024.10	-75.58	74.09
1027.97	-75.00	54.68
1031.85	-74.48	30.00
1035.74	-77.99	32.46
1039.65	-77.49	-5.89
1043.57	-83.12	-0.21
1047.51	-85.36	41.39
1051.46	-80.53	78.63
1055.43	-77.58	47.07
1059.41	-78.60	25.47
1063.41	-74.42	18.56
1067.43	-76.21	-10.77
1071.45	-79.57	-6.43
1075.50	-78.49	-25.84
1079.55	-82.79	-29.36
1083.63	-83.28	-13.93
1087.72	-80.84	-4.20
1091.82	-77.45	-19.50
1095.94	-77.90	-2.26
1100.08	-75.76	-60.66
1104.23	-85.87	-62.33
1108.40	-76.54	-17.35
1112.58	-78.81	-67.56
1116.78	-77.37	-53.27
1120.99	-79.13	-80.73
1125.22	-80.01	-86.59
1129.47	-78.56	-116.03
1133.73	-90.15	-68.29
1138.01	-82.77	-54.01
1142.30	-78.56	-64.91
1146.61	-79.21	-98.20
1150.94	-78.58	-99.46
1155.28	-85.10	-116.00
1159.64	-81.99	-75.02
1164.02	-77.22	-89.77
1168.41	-76.24	-110.06
1172.82	-74.87	-122.90
1177.25	-73.14	-141.47
1181.69	-75.51	-156.49
1186.15	-73.44	-162.96
1190.62	-73.24	178.78
1195.12	-72.62	135.87
1199.63	-75.64	111.34
1204.15	-80.52	115.26
1208.70	-79.60	121.54
1213.26	-80.66	55.11
1217.84	-83.70	-121.06
1222.43	-76.49	140.35
1227.04	-80.67	130.51
1231.67	-73.56	113.77
1236.32	-74.32	69.89
1240.99	-74.33	46.86
1245.67	-76.37	-16.24
1250.37	-85.54	-159.08
1255.09	-83.74	141.69
1259.83	-77.44	88.14
1264.58	-77.94	9.80
1269.35	-78.72	13.61
1274.14	-80.47	-91.40
1278.95	-90.90	63.46
1283.78	-89.51	71.86
1288.62	-87.29	-8.88
1293.48	-85.78	-47.75
1298.36	-81.41	-142.90
1303.26	-86.59	76.08
1308.18	-87.39	3.85
1313.12	-84.45	-172.12
1318.07	-89.02	133.71
1323.05	-86.37	-158.54
1328.04	-81.86	132.58
1333.05	-87.84	-60.47
1338.08	-89.03	150.61
1343.13	-80.58	146.09
1348.20	-82.56	146.72
1353.29	-74.27	116.19
1358.39	-75.26	81.37
1363.52	-70.51	57.75
1368.67	-72.12	-4.81
1373.83	-78.73	12.36
1379.01	-77.57	-27.07
1384.22	-83.49	-8.45
1389.44	-78.91	-39.46
1394.68	-82.80	-28.99
1399.95	-85.88	-13.27
1405.23	-81.55	-52.21
1410.53	-85.53	131.72
1415.86	-81.19	-10.78
1421.20	-80.18	-34.32
1426.56	-80.73	-52.35
1431.94	-82.08	-66.90
1437.35	-79.53	-112.52
1442.77	-83.17	-82.90
1448.22	-87.67	-91.63
1453.68	-79.90	-80.19
1459.17	-81.94	-116.51
1464.67	-85.01	-95.76
1470.20	-80.33	-98.27
1475.75	-78.72	-112.00
1481.32	-77.40	-160.07
1486.91	-80.32	-178.55
1492.52	-91.90	-167.42
1498.15	-85.06	-119.50
1503.80	-86.29	-124.65
1509.48	-80.00	-151.01
1515.17	-78.54	-137.25
1520.89	-75.94	-175.58
1526.63	-76.91	175.48
1532.39	-75.95	155.93
1538.17	-76.24	136.13
1543.98	-75.25	127.97
1549.81	-78.41	106.19
1555.65	-83.13	107.08
1561.52	-77.83	124.48
1567.42	-79.51	112.83
1573.33	-77.21	83.77
1579.27	-78.56	106.49
1585.23	-76.95	94.56
1591.21	-73.98	82.90
1597.21	-74.20	46.47
1603.24	-76.16	3.53
1609.29	-82.01	25.80
1615.36	-77.77	31.19
1621.46	-78.09	17.96
1627.58	-82.13	7.46
1633.72	-80.10	32.73
1639.89	-75.19	1.69
1646.07	-78.84	-0.24
1652.29	-77.43	-24.59
1658.52	-78.10	8.74
1664.78	-75.96	-18.57
1671.06	-75.60	-46.90
1677.37	-75.92	-60.81
1683.70	-76.34	-65.96
1690.05	-75.91	-87.98
1696.43	-80.89	-113.61
1702.83	-78.25	-67.58
1709.26	-75.91	-106.29
1715.70	-79.12	-145.73
1722.18	-83.09	-41.16
1728.68	-75.33	-72.90
1735.20	-73.97	-111.05
1741.75	-74.94	-136.16
1748.32	-74.54	-139.18
1754.92	-73.04	-158.96
1761.54	-73.17	169.64
1768.19	-77.01	157.56
1774.86	-78.21	176.63
1781.56	-73.82	156.55
1788.28	-75.74	151.02
1795.03	-75.40	133.67
1801.80	-76.07	123.37
1808.60	-74.59	132.89
1815.43	-72.47	102.48
1822.28	-72.89	84.45
1829.15	-73.76	71.13
1836.06	-75.13	72.22
1842.99	-74.81	67.12
1849.94	-71.57	47.00
1856.92	-73.62	26.41
1863.93	-77.06	21.87
1870.96	-74.82	11.78
1878.02	-76.42	-6.65
1885.11	-76.65	-23.74
1892.22	-78.08	-10.50
1899.36	-78.17	-32.19
1906.53	-76.22	-31.91
1913.72	-79.91	-48.41
1920.95	-79.06	-58.75
1928.19	-77.74	-38.67
1935.47	-74.82	-61.12
1942.77	-73.77	-75.73
1950.11	-72.44	-109.13
1957.46	-73.86	-154.07
1964.85	-79.68	-150.26
1972.27	-82.04	-132.80
1979.71	-77.60	-142.82
1987.18	-75.89	-145.10
1994.68	-76.51	165.39
2002.20	-78.39	169.80
2009.76	-79.77	152.55
2017.34	-79.39	159.75
2024.96	-74.12	158.14
2032.60	-74.22	114.53
2040.27	-75.63	86.15
2047.97	-83.84	89.95
2055.70	-80.88	124.66
2063.45	-74.61	82.52
2071.24	-82.63	74.79
2079.06	-78.15	72.93
2086.90	-79.33	72.62
2094.78	-76.48	53.56
2102.68	-76.00	8.98
2110.62	-81.97	23.18
2118.58	-79.28	-2.27
2126.57	-79.99	-2.05
2134.60	-77.00	-38.90
2142.65	-80.71	-90.11
2150.74	-89.10	-9.03
2158.86	-83.31	-53.13
2167.00	-83.95	-87.92
2175.18	-87.06	-152.14
2183.39	-86.69	-135.61
2191.63	-86.45	121.92
2199.90	-80.37	-9.51
2208.20	-85.86	-87.46
2216.53	-87.51	-66.33
2224.90	-86.85	-85.03
2233.29	-85.46	-131.66
2241.72	-89.60	112.97
2250.18	-92.73	179.45
2258.67	-90.67	12.67
2267.19	-87.44	-18.17
2275.75	-83.78	-141.35
2284.34	-89.52	109.27
2292.96	-81.87	-85.05
2301.61	-76.90	-135.70
2310.29	-81.48	179.41
2319.01	-81.64	134.64
2327.76	-89.09	151.51
2336.55	-85.01	-156.13
2345.36	-81.17	156.88
2354.21	-82.93	135.89
2363.10	-78.92	130.08
2372.02	-80.28	113.85
2380.97	-78.92	98.51
2389.95	-78.28	77.12
2398.97	-77.24	67.02
2408.02	-77.14	39.32
2417.11	-79.35	31.43
2426.23	-80.70	24.89
2435.39	-79.91	20.41
2444.58	-77.82	10.90
2453.80	-75.70	-16.98
2463.06	-76.94	-57.67
2472.35	-78.75	-49.25
2481.68	-78.10	-64.84
2491.05	-80.87	-65.06
2500.45	-74.62	-85.13
2509.88	-77.12	-118.82
2519.36	-80.46	-124.10
2528.86	-76.70	-141.23
2538.41	-79.70	-167.41
2547.98	-78.32	-167.55
2557.60	-77.95	165.43
2567.25	-80.30	141.01
2576.94	-78.89	144.78
2586.66	-80.73	119.54
2596.42	-80.08	107.85
2606.22	-81.84	100.78
2616.06	-81.04	79.58
2625.93	-78.38	92.46
2635.84	-78.33	66.36
2645.78	-79.26	48.71
2655.77	-79.76	39.76
2665.79	-76.57	34.41
2675.85	-78.05	-6.47
2685.95	-79.54	-38.63
2696.08	-82.23	-2.16
2706.26	-82.38	-34.77
2716.47	-79.82	-22.75
2726.72	-80.81	-71.82
2737.01	-78.18	-70.71
2747.34	-78.14	-109.70
2757.70	-84.17	-119.07
2768.11	-84.47	-135.29
2778.56	-81.90	-113.44
2789.04	-79.59	-131.37
2799.57	-78.96	-170.14
2810.13	-80.46	159.98
2820.73	-81.30	162.59
2831.38	-79.19	124.61
2842.06	-82.34	123.12
2852.79	-79.24	100.85
2863.55	-82.08	95.91
2874.36	-81.02	66.16
2885.21	-84.59	43.54
2896.09	-83.56	55.52
2907.02	-82.55	38.38
2917.99	-83.64	22.61
2929.00	-83.19	2.29
2940.06	-83.67	21.14
2951.15	-84.42	-9.79
2962.29	-79.13	-98.63
2973.47	-85.28	134.82
2984.69	-85.34	-32.87
2995.95	-86.15	-30.58
3007.25	-89.40	-121.72
3018.60	-87.92	-132.21
3029.99	-91.61	-58.22
3041.43	-90.66	-173.07
3052.90	-84.09	146.79
3064.42	-85.95	-114.72
3075.99	-81.62	145.18
3087.60	-84.00	5.97
3099.25	-88.99	149.31
3110.94	-92.95	-178.43
3122.68	-88.77	-99.94
3134.47	-88.39	-178.50
3146.29	-90.59	-173.59
3158.17	-81.13	170.64
3170.08	-83.69	106.21
3182.05	-84.03	107.73
3194.05	-87.94	97.84
3206.11	-81.52	71.39
3218.21	-80.70	48.33
3230.35	-83.70	-2.01
3242.54	-82.70	-5.52
3254.77	-84.26	-60.26
3267.06	-88.08	-169.43
3279.39	-86.09	17.35
3291.76	-90.39	-22.99
3304.18	-86.14	-46.74
3316.65	-84.36	-77.04
3329.17	-81.83	-119.70
3341.73	-87.71	-122.08
3354.34	-83.19	-144.91
3367.00	-81.47	169.25
3379.70	-83.24	176.28
3392.46	-83.94	157.73
3405.26	-82.58	114.75
3418.11	-85.98	103.69
3431.01	-84.96	126.54
3443.95	-80.40	104.94
3456.95	-81.89	78.48
3469.99	-79.66	51.20
3483.09	-79.89	22.85
3496.23	-79.72	-0.44
3509.43	-84.50	-22.99
3522.67	-83.96	-26.34
3535.96	-80.85	-55.75
3549.31	-84.97	-92.91
3562.70	-85.39	-124.27
3576.14	-83.91	-140.28
3589.64	-89.98	162.14
3603.18	-88.07	-130.58
3616.78	-86.42	-166.50
3630.43	-87.04	-158.41
3644.13	-81.78	126.72
3657.88	-82.48	101.23
3671.68	-87.16	118.49
3685.54	-83.24	108.90
3699.45	-82.13	61.80
3713.41	-83.11	3.87
3727.42	-84.15	64.12
3741.49	-83.90	10.59
3755.60	-86.71	24.50
3769.78	-86.81	-3.94
3784.00	-81.57	-28.77
3798.28	-89.07	-40.52
3812.61	-85.70	-51.47
3827.00	-82.35	-144.15
3841.44	-89.04	-152.18
3855.94	-87.27	172.26
3870.49	-91.66	173.47
3885.09	-88.43	98.59
3899.75	-87.44	-10.88
3914.47	-86.45	84.09
3929.24	-90.22	-103.79
3944.07	-85.34	127.35
3958.95	-85.09	58.52
3973.89	-84.62	-18.30
3988.89	-89.01	83.86
4003.94	-85.65	13.47
4019.05	-90.58	83.14
4034.22	-83.33	25.14
4049.44	-84.22	7.41
4064.72	-88.91	-66.51
4080.06	-86.93	-137.63
4095.46	-89.40	53.47
4110.91	-87.82	148.27
4126.42	-88.28	-104.10
4141.99	-85.77	106.99
4157.62	-81.97	177.15
4173.31	-83.15	88.36
4189.06	-84.81	138.77
4204.87	-88.15	62.24
4220.74	-83.15	35.14
4236.66	-87.98	-9.77
4252.65	-87.59	54.47
4268.70	-81.50	56.72
4284.81	-83.14	-28.61
4300.98	-85.10	-23.24
4317.21	-86.43	-79.41
4333.50	-81.02	-133.06
4349.85	-88.02	138.31
4366.26	-83.41	149.85
4382.74	-86.89	74.74
4399.28	-85.19	168.57
4415.88	-80.68	83.04
4432.54	-85.60	34.24
4449.27	-81.38	32.29
4466.06	-85.96	-10.21
4482.91	-86.94	-105.16
4499.83	-86.02	-21.23
4516.81	-89.54	139.59
4533.85	-88.82	-84.27
4550.96	-86.62	131.37
4568.14	-80.42	-139.38
4585.37	-79.12	105.28
4602.68	-76.08	5.10
4620.05	-86.45	-63.63
4637.48	-80.80	-108.76
4654.98	-78.47	120.80
4672.55	-82.48	35.63
4690.18	-86.77	-35.76
4707.88	-88.42	47.08
4725.64	-88.97	149.39
4743.48	-91.62	88.04
4761.38	-87.19	125.61
4779.34	-82.63	172.94
4797.38	-86.79	100.98
4815.48	-85.68	-10.63
4833.65	-85.81	22.47
4851.89	-79.69	141.36
4870.20	-81.33	44.71
4888.58	-84.02	-39.50
4907.03	-86.64	-91.53
4925.54	-86.85	-92.52
4944.13	-84.77	108.12
4962.79	-83.24	-169.30
4981.52	-82.36	143.54
5000.31	-79.92	67.34
5019.18	-82.44	33.56
5038.12	-86.27	-48.03
5057.14	-86.76	-92.22
5076.22	-84.11	86.58
5095.37	-83.57	14.60
5114.60	-79.89	-82.90
5133.90	-81.00	-160.41
5153.27	-79.11	91.70
5172.72	-80.68	-169.88
5192.24	-81.05	94.84
5211.83	-82.43	76.76
5231.50	-79.78	63.07
5251.24	-79.31	17.05
5271.06	-83.52	-26.62
5290.95	-80.45	-26.52
5310.91	-78.91	-88.47
5330.96	-78.03	-155.00
5351.07	-79.53	175.55
5371.27	-78.43	109.68
5391.53	-82.19	95.34
5411.88	-80.71	111.88
5432.30	-78.80	35.52
5452.80	-87.27	-161.01
5473.38	-83.36	54.14
5494.03	-82.82	-77.73
5514.76	-81.73	-39.98
5535.57	-85.05	177.89
5556.46	-84.11	126.84
5577.43	-90.11	47.44
5598.48	-85.23	-148.57
5619.60	-84.13	-15.68
5640.81	-83.01	81.42
5662.10	-89.88	10.63
5683.46	-82.89	-158.89
5704.91	-85.56	82.93
5726.44	-84.22	33.09
5748.05	-86.47	85.57
5769.74	-85.29	5.00
5791.51	-85.92	-134.25
5813.36	-83.85	-35.73
5835.30	-86.08	-4.00
5857.32	-87.75	-63.46
5879.42	-89.63	19.78
5901.61	-87.09	66.67
5923.88	-84.02	-153.96
5946.23	-87.03	-85.51
5968.67	-83.05	137.64
5991.20	-81.11	106.95
6013.80	-81.29	106.60
6036.50	-81.62	55.44
6059.28	-80.57	23.19
6082.14	-79.93	-29.75
6105.09	-81.57	-27.92
6128.13	-84.00	-96.01
6151.26	-82.93	-168.41
6174.47	-83.18	174.79
6197.77	-81.79	162.68
6221.16	-78.80	111.07
6244.63	-79.26	48.47
6268.20	-83.55	140.27
6291.85	-83.78	60.41
6315.59	-80.27	6.44
6339.42	-85.75	-102.47
6363.35	-84.59	31.06
6387.36	-83.11	128.63
6411.46	-83.96	-116.72
6435.66	-83.18	157.25
6459.94	-85.69	114.30
6484.32	-81.41	113.74
6508.79	-83.56	58.96
6533.35	-84.53	84.58
6558.00	-83.66	15.83
6582.75	-85.28	-122.13
6607.59	-80.73	41.79
6632.53	-81.70	12.49
6657.55	-81.60	-23.77
6682.68	-80.22	-71.43
6707.90	-81.14	-81.24
6733.21	-80.51	-150.32
6758.62	-78.39	168.49
6784.12	-75.04	126.21
6809.72	-75.58	73.42
6835.42	-76.36	40.34
6861.21	-77.94	12.33
6887.10	-77.75	-21.47
6913.09	-78.82	-64.45
6939.18	-77.24	-126.50
6965.36	-79.81	-151.67
6991.65	-79.19	-178.83
7018.03	-77.16	148.24
7044.51	-75.82	120.21
7071.10	-72.99	69.33
7097.78	-74.77	17.22
7124.56	-76.35	-6.48
7151.45	-76.78	-37.34
7178.44	-73.42	-82.31
7205.52	-74.28	-156.84
7232.71	-75.69	-155.47
7260.01	-73.59	138.55
7287.40	-73.58	99.13
7314.90	-73.97	28.90
7342.51	-74.84	46.85
7370.21	-78.06	-3.19
7398.03	-73.30	-43.45
7425.94	-77.25	-108.32
7453.97	-76.04	-179.12
7482.09	-76.23	145.04
7510.33	-79.52	110.61
7538.67	-72.39	67.61
7567.12	-82.19	-97.15
7595.67	-81.50	-57.28
7624.33	-74.29	23.95
7653.10	-80.17	-83.85
7681.98	-83.08	-13.32
7710.97	-80.91	33.03
7740.07	-80.82	-75.53
7769.28	-82.59	-125.16
7798.60	-79.26	-80.80
7828.02	-84.59	4.12
7857.56	-80.84	106.48
7887.21	-81.08	-161.21
7916.98	-79.39	42.24
7946.85	-81.73	-22.12
7976.84	-84.33	71.83
8006.94	-83.22	-156.54
8037.16	-84.22	-32.57
8067.49	-83.64	139.50
8097.93	-82.19	-30.60
8128.49	-81.42	-17.84
8159.16	-82.39	61.86
8189.95	-80.45	6.12
8220.86	-77.08	2.42
8251.88	-81.62	-137.34
8283.02	-81.78	-41.20
8314.27	-82.98	148.68
8345.65	-79.62	86.78
8377.14	-85.36	-130.25
8408.75	-87.23	-101.36
8440.48	-80.11	85.68
8472.33	-83.44	53.18
8504.30	-81.28	24.58
8536.40	-82.11	-49.12
8568.61	-83.39	-43.95
8600.94	-82.20	-153.10
8633.40	-80.91	150.44
8665.98	-79.48	128.44
8698.68	-79.20	85.08
8731.51	-78.25	49.70
8764.46	-76.76	1.40
8797.53	-79.62	-56.09
8830.73	-78.70	-142.03
8864.05	-75.97	-150.44
8897.50	-74.48	145.64
8931.07	-75.01	82.32
8964.78	-75.96	49.27
8998.61	-74.33	-0.47
9032.56	-76.50	-67.30
9066.65	-79.07	-140.53
9100.86	-77.88	-6.16
9135.20	-80.52	163.12
9169.68	-77.48	98.25
9204.28	-75.26	57.66
9239.01	-80.61	-3.22
9273.88	-78.88	-39.53
9308.87	-82.95	-87.52
9344.00	-82.13	-176.89
9379.26	-81.12	114.79
9414.65	-81.40	142.73
9450.18	-81.48	100.04
9485.84	-78.46	51.09
9521.64	-80.37	21.03
9557.57	-83.34	-20.71
9593.64	-83.43	-79.81
9629.84	-80.08	-150.15
9666.18	-77.46	128.82
9702.65	-78.80	87.49
9739.27	-77.82	16.93
9776.02	-82.50	116.39
9812.91	-80.91	-103.07
9849.94	-84.01	-120.94
9887.11	-85.45	-31.81
9924.42	-81.36	155.14
9961.87	-80.70	86.51
9999.46	-83.88	37.07
10037.19	-84.34	-107.14
10075.07	-84.99	163.81
10113.09	-87.30	52.00
10151.25	-87.09	-73.35
10189.55	-84.38	115.46
10228.01	-85.14	154.81
10266.60	-83.11	87.48
10305.34	-82.45	57.47
10344.23	-83.89	15.03
10383.27	-86.50	-143.58
10422.45	-87.29	100.22
10461.78	-85.72	-19.15
10501.26	-86.88	-92.68
10540.88	-81.81	128.57
10580.66	-78.74	73.94
10620.59	-78.76	20.88
10660.66	-82.32	-48.13
10700.89	-85.44	-30.27
10741.27	-81.34	163.57
10781.81	-78.96	79.01
10822.49	-82.23	-133.25
10863.33	-79.11	30.22
10904.33	-81.48	-44.00
10945.47	-83.48	111.32
10986.78	-80.08	171.50
11028.24	-78.78	64.29
11069.85	-81.67	33.40
11111.63	-85.91	-16.94
11153.56	-84.61	34.54
11195.64	-86.39	-173.78
11237.89	-85.25	44.65
11280.30	-86.04	75.71
11322.87	-85.08	72.96
11365.59	-82.62	109.40
11408.48	-79.67	54.98
11451.53	-83.11	-2.43
11494.75	-81.92	-81.84
11538.12	-81.25	148.83
11581.66	-81.72	102.92
11625.37	-81.23	33.70
11669.24	-84.10	29.21
11713.27	-84.07	-115.43
11757.47	-84.78	-107.84
11801.84	-83.82	179.84
11846.37	-83.76	71.72
11891.08	-83.98	49.56
11935.95	-84.92	31.75
11980.99	-86.09	142.15
12026.20	-87.43	172.85
12071.58	-85.41	115.77
12117.14	-83.14	47.18
12162.86	-85.40	82.44
12208.76	-84.24	177.62
12254.83	-83.69	23.90
12301.07	-88.05	-45.63
12347.49	-87.19	100.73
12394.08	-84.68	72.33
12440.85	-83.32	52.13
12487.80	-84.20	48.11
12534.92	-87.03	167.49
12582.23	-89.83	-103.14
12629.71	-87.26	117.52
12677.37	-81.71	87.54
12725.20	-83.29	122.76
12773.22	-84.86	1.56
12821.42	-89.30	-73.77
12869.81	-87.69	9.67
12918.37	-83.61	79.73
12967.12	-87.36	172.55
13016.05	-85.29	36.67
13065.17	-86.68	-67.03
13114.47	-88.36	31.41
13163.96	-88.89	94.58
13213.64	-84.20	96.36
13263.50	-83.89	51.15
13313.55	-85.67	168.00
13363.79	-88.04	-138.91
13414.22	-87.83	32.45
13464.84	-87.84	88.51
13515.65	-84.37	-155.05
13566.65	-83.10	48.05
13617.84	-87.18	-73.46
13669.23	-87.46	50.32
13720.81	-86.13	102.91
13772.59	-83.61	71.88
13824.56	-85.97	40.80
13876.73	-87.21	26.27
13929.09	-89.17	-14.68
13981.66	-86.54	108.20
14034.42	-82.46	86.16
14087.38	-84.76	56.79
14140.54	-84.82	38.85
14193.90	-88.64	7.06
14247.46	-85.98	-170.10
14301.22	-81.97	75.30
14355.19	-83.53	34.43
14409.36	-84.82	-16.75
14463.73	-88.03	102.02
14518.31	-84.07	93.68
14573.10	-82.42	155.80
14628.09	-84.85	29.37
14683.29	-87.31	-138.17
14738.70	-85.71	114.05
14794.32	-84.01	62.47
14850.15	-85.07	54.44
14906.18	-85.69	77.99
14962.43	-85.47	-43.64
15018.90	-88.10	127.57
15075.57	-84.66	122.79
15132.46	-83.11	64.49
15189.56	-84.42	7.71
15246.88	-89.63	100.54
15304.42	-85.36	-161.28
15362.17	-83.82	61.31
15420.14	-84.44	32.99
15478.33	-87.21	33.99
15536.74	-87.85	52.57
15595.37	-87.63	60.98
15654.22	-85.58	65.74
15713.29	-85.83	45.70
15772.58	-85.93	-103.36
15832.10	-86.30	113.14
15891.85	-84.51	89.02
15951.81	-82.62	53.44
16012.01	-85.14	5.78
16072.43	-88.11	142.51
16133.08	-83.15	99.30
16193.96	-83.99	51.36
16255.07	-84.42	22.91
16316.41	-89.08	-81.52
16377.98	-84.51	91.17
16439.79	-84.09	48.41
16501.82	-86.99	60.29
16564.09	-87.70	53.15
16626.60	-87.01	66.64
16689.34	-86.33	164.33
16752.32	-85.47	70.17
16815.54	-85.47	36.85
16878.99	-88.29	73.63
16942.69	-85.45	96.46
17006.62	-83.14	63.12
17070.79	-85.22	-113.61
17135.21	-88.56	-89.94
17199.87	-84.12	73.04
17264.78	-84.01	55.29
17329.93	-86.71	45.97
17395.32	-86.73	68.33
17460.97	-85.33	64.90
17526.86	-85.29	66.14
17593.00	-84.78	57.55
17659.38	-88.13	114.27
17726.02	-87.06	100.05
17792.91	-83.60	67.94
17860.06	-85.59	19.93
17927.45	-88.84	-48.84
17995.10	-84.78	88.30
18063.01	-82.63	48.18
18131.17	-87.52	88.36
18199.59	-87.28	86.43
18268.27	-85.16	67.77
18337.21	-86.74	55.03
18406.40	-85.32	42.06
18475.86	-87.27	-73.75
18545.58	-88.13	105.93
18615.56	-83.94	63.23
18685.81	-86.18	35.45
18756.32	-88.84	-14.45
18827.10	-85.74	83.40
18898.15	-84.57	49.55
18969.46	-86.31	32.70
19041.04	-88.30	46.27
19112.90	-85.00	73.00
19185.02	-84.42	53.34
19257.42	-87.29	60.00
19330.09	-85.81	80.84
19403.03	-85.30	62.11
19476.25	-84.80	42.89
19549.74	-88.88	25.58
19623.51	-85.39	83.62
19697.56	-84.56	46.88
19771.89	-85.57	15.20
19846.51	-83.83	-56.59
19921.40	-49.68	-136.24
19996.57	-84.23	46.65
20072.03	-87.21	32.18
20147.78	-86.49	-123.69
20223.80	-83.80	49.96
20300.12	-86.63	18.47
20376.72	-88.48	-76.46
20453.62	-82.67	68.03
20530.80	-84.14	32.63
20608.28	-89.86	56.87
20686.04	-84.11	71.66
20764.10	-84.37	41.65
20842.46	-87.33	68.69
20921.11	-85.36	82.24
21000.06	-84.54	59.61
21079.30	-86.45	39.88
21158.85	-86.74	68.01
21238.69	-83.87	65.58
21318.84	-85.86	29.59
21399.29	-87.52	63.75
21480.04	-84.58	71.54
21561.09	-85.95	36.55
21642.46	-86.19	176.16
21724.12	-85.28	69.58
21806.10	-84.82	52.06
21888.39	-86.09	54.34
21970.99	-86.79	69.37
22053.89	-85.53	66.76
22137.12	-86.35	57.46
22220.65	-86.54	57.96
22304.50	-85.04	51.88
