Freq[Hz]	[dBV]	Phase[Deg]
10.00	-64.57	-65.67
10.04	-64.44	-64.47
10.08	-64.31	-63.25
10.11	-64.17	-61.99
10.15	-64.03	-60.71
10.19	-63.88	-59.40
10.23	-63.73	-58.07
10.27	-63.58	-56.71
10.31	-63.43	-55.33
10.34	-63.28	-53.93
10.38	-63.12	-52.52
10.42	-62.96	-51.08
10.46	-62.80	-49.63
10.50	-62.64	-48.16
10.54	-62.47	-46.69
10.58	-62.31	-45.20
10.62	-62.14	-43.70
10.66	-61.97	-42.19
10.70	-61.80	-40.68
10.74	-61.63	-39.16
10.78	-61.46	-37.65
10.82	-61.28	-36.13
10.86	-61.11	-34.61
10.90	-60.94	-33.10
10.95	-60.77	-31.59
10.99	-60.59	-30.10
11.03	-60.42	-28.61
11.07	-60.25	-27.13
11.11	-60.08	-25.67
11.15	-59.91	-24.23
11.20	-59.74	-22.80
11.24	-59.57	-21.40
11.28	-59.40	-20.02
11.32	-59.24	-18.66
11.37	-59.08	-17.34
11.41	-58.92	-16.05
11.45	-58.76	-14.79
11.50	-58.61	-13.57
11.54	-58.45	-12.39
11.58	-58.31	-11.25
11.63	-58.16	-10.15
11.67	-58.02	-9.11
11.71	-57.88	-8.12
11.76	-57.75	-7.18
11.80	-57.62	-6.29
11.85	-57.50	-5.46
11.89	-57.38	-4.68
11.94	-57.26	-3.95
11.98	-57.15	-3.28
12.03	-57.04	-2.66
12.07	-56.94	-2.08
12.12	-56.84	-1.56
12.16	-56.75	-1.09
12.21	-56.65	-0.66
12.26	-56.57	-0.29
12.30	-56.48	0.05
12.35	-56.40	0.33
12.39	-56.32	0.57
12.44	-56.25	0.77
12.49	-56.18	0.92
12.54	-56.11	1.03
12.58	-56.05	1.10
12.63	-55.98	1.13
12.68	-55.93	1.12
12.73	-55.87	1.07
12.77	-55.82	0.98
12.82	-55.77	0.86
12.87	-55.72	0.70
12.92	-55.67	0.51
12.97	-55.63	0.28
13.02	-55.59	0.03
13.07	-55.55	-0.26
13.12	-55.51	-0.57
13.16	-55.48	-0.91
13.21	-55.45	-1.28
13.26	-55.42	-1.68
13.31	-55.38	-2.09
13.36	-55.36	-2.53
13.41	-55.33	-2.99
13.47	-55.30	-3.46
13.52	-55.28	-3.96
13.57	-55.25	-4.47
13.62	-55.23	-4.99
13.67	-55.20	-5.53
13.72	-55.18	-6.07
13.77	-55.15	-6.62
13.83	-55.13	-7.18
13.88	-55.11	-7.75
13.93	-55.08	-8.32
13.98	-55.06	-8.89
14.04	-55.03	-9.46
14.09	-55.00	-10.02
14.14	-54.98	-10.58
14.19	-54.95	-11.13
14.25	-54.92	-11.67
14.30	-54.88	-12.20
14.36	-54.85	-12.72
14.41	-54.81	-13.22
14.46	-54.77	-13.70
14.52	-54.73	-14.16
14.57	-54.69	-14.60
14.63	-54.64	-15.00
14.68	-54.59	-15.38
14.74	-54.53	-15.73
14.80	-54.47	-16.06
14.85	-54.41	-16.35
14.91	-54.35	-16.61
14.96	-54.28	-16.85
15.02	-54.21	-17.06
15.08	-54.14	-17.24
15.13	-54.06	-17.40
15.19	-53.98	-17.54
15.25	-53.90	-17.65
15.31	-53.81	-17.73
15.36	-53.72	-17.79
15.42	-53.63	-17.84
15.48	-53.54	-17.86
15.54	-53.44	-17.85
15.60	-53.35	-17.83
15.66	-53.25	-17.79
15.71	-53.14	-17.74
15.77	-53.04	-17.66
15.83	-52.93	-17.57
15.89	-52.82	-17.46
15.95	-52.72	-17.34
16.01	-52.60	-17.21
16.07	-52.49	-17.06
16.13	-52.38	-16.90
16.19	-52.26	-16.73
16.26	-52.14	-16.55
16.32	-52.02	-16.37
16.38	-51.90	-16.17
16.44	-51.78	-15.97
16.50	-51.66	-15.77
16.56	-51.54	-15.56
16.63	-51.42	-15.34
16.69	-51.30	-15.13
16.75	-51.17	-14.92
16.82	-51.05	-14.71
16.88	-50.93	-14.50
16.94	-50.80	-14.29
17.01	-50.68	-14.09
17.07	-50.56	-13.90
17.14	-50.44	-13.71
17.20	-50.32	-13.53
17.27	-50.20	-13.37
17.33	-50.08	-13.22
17.40	-49.96	-13.08
17.46	-49.84	-12.96
17.53	-49.73	-12.86
17.59	-49.62	-12.77
17.66	-49.51	-12.71
17.73	-49.40	-12.66
17.79	-49.29	-12.64
17.86	-49.18	-12.63
17.93	-49.08	-12.65
18.00	-48.98	-12.68
18.06	-48.88	-12.73
18.13	-48.78	-12.79
18.20	-48.68	-12.88
18.27	-48.59	-12.98
18.34	-48.49	-13.09
18.41	-48.40	-13.22
18.48	-48.31	-13.37
18.55	-48.22	-13.52
18.62	-48.13	-13.70
18.69	-48.04	-13.88
18.76	-47.95	-14.08
18.83	-47.87	-14.29
18.90	-47.78	-14.50
18.97	-47.70	-14.73
19.04	-47.62	-14.97
19.11	-47.53	-15.22
19.19	-47.45	-15.47
19.26	-47.37	-15.74
19.33	-47.29	-16.00
19.40	-47.21	-16.28
19.48	-47.13	-16.56
19.55	-47.05	-16.84
19.62	-46.97	-17.13
19.70	-46.89	-17.41
19.77	-46.81	-17.70
19.85	-46.73	-17.99
19.92	-46.65	-18.28
20.00	-46.57	-18.57
20.07	-46.49	-18.86
20.15	-46.41	-19.14
20.22	-46.33	-19.42
20.30	-46.25	-19.69
20.38	-46.16	-19.95
20.45	-46.08	-20.21
20.53	-46.00	-20.46
20.61	-45.91	-20.70
20.69	-45.82	-20.93
20.77	-45.73	-21.15
20.84	-45.65	-21.36
20.92	-45.55	-21.57
21.00	-45.46	-21.76
21.08	-45.37	-21.95
21.16	-45.28	-22.13
21.24	-45.18	-22.31
21.32	-45.09	-22.48
21.40	-44.99	-22.64
21.48	-44.89	-22.80
21.56	-44.80	-22.95
21.64	-44.70	-23.09
21.73	-44.60	-23.23
21.81	-44.50	-23.37
21.89	-44.40	-23.51
21.97	-44.29	-23.64
22.06	-44.19	-23.76
22.14	-44.09	-23.89
22.22	-43.98	-24.01
22.31	-43.88	-24.14
22.39	-43.77	-24.26
22.47	-43.66	-24.38
22.56	-43.56	-24.50
22.64	-43.45	-24.62
22.73	-43.34	-24.75
22.82	-43.23	-24.87
22.90	-43.12	-25.00
22.99	-43.01	-25.13
23.07	-42.90	-25.27
23.16	-42.79	-25.41
23.25	-42.68	-25.55
23.34	-42.57	-25.70
23.43	-42.46	-25.85
23.51	-42.35	-26.02
23.60	-42.23	-26.19
23.69	-42.12	-26.36
23.78	-42.01	-26.55
23.87	-41.90	-26.74
23.96	-41.78	-26.93
24.05	-41.67	-27.13
24.14	-41.55	-27.34
24.23	-41.44	-27.56
24.32	-41.33	-27.78
24.42	-41.21	-28.01
24.51	-41.09	-28.24
24.60	-40.98	-28.48
24.69	-40.86	-28.73
24.79	-40.74	-28.98
24.88	-40.63	-29.24
24.97	-40.51	-29.51
25.07	-40.39	-29.77
25.16	-40.27	-30.05
25.26	-40.15	-30.33
25.35	-40.03	-30.61
25.45	-39.91	-30.90
25.54	-39.79	-31.20
25.64	-39.67	-31.50
25.74	-39.55	-31.80
25.84	-39.42	-32.11
25.93	-39.30	-32.43
26.03	-39.18	-32.74
26.13	-39.05	-33.07
26.23	-38.93	-33.39
26.33	-38.80	-33.72
26.43	-38.67	-34.06
26.53	-38.55	-34.39
26.63	-38.42	-34.73
26.73	-38.29	-35.08
26.83	-38.16	-35.43
26.93	-38.03	-35.78
27.03	-37.90	-36.14
27.13	-37.76	-36.51
27.23	-37.63	-36.88
27.34	-37.50	-37.25
27.44	-37.36	-37.63
27.54	-37.23	-38.02
27.65	-37.09	-38.42
27.75	-36.96	-38.82
27.86	-36.82	-39.22
27.96	-36.68	-39.64
28.07	-36.54	-40.06
28.17	-36.40	-40.49
28.28	-36.26	-40.93
28.39	-36.12	-41.37
28.49	-35.98	-41.83
28.60	-35.84	-42.29
28.71	-35.70	-42.76
28.82	-35.55	-43.25
28.93	-35.41	-43.74
29.03	-35.27	-44.24
29.14	-35.12	-44.76
29.25	-34.98	-45.28
29.36	-34.83	-45.82
29.48	-34.68	-46.36
29.59	-34.53	-46.92
29.70	-34.39	-47.50
29.81	-34.24	-48.08
29.92	-34.09	-48.68
30.04	-33.94	-49.29
30.15	-33.79	-49.92
30.26	-33.64	-50.56
30.38	-33.49	-51.21
30.49	-33.34	-51.88
30.61	-33.19	-52.57
30.72	-33.03	-53.27
30.84	-32.88	-53.99
30.95	-32.73	-54.72
31.07	-32.58	-55.48
31.19	-32.43	-56.25
31.31	-32.27	-57.03
31.42	-32.12	-57.84
31.54	-31.97	-58.67
31.66	-31.82	-59.52
31.78	-31.67	-60.38
31.90	-31.52	-61.27
32.02	-31.36	-62.18
32.14	-31.21	-63.11
32.26	-31.06	-64.07
32.39	-30.91	-65.04
32.51	-30.76	-66.04
32.63	-30.61	-67.06
32.75	-30.47	-68.11
32.88	-30.32	-69.18
33.00	-30.17	-70.26
33.13	-30.03	-71.37
33.25	-29.89	-72.51
33.38	-29.75	-73.66
33.50	-29.61	-74.84
33.63	-29.47	-76.03
33.76	-29.34	-77.25
33.88	-29.21	-78.49
34.01	-29.08	-79.75
34.14	-28.96	-81.03
34.27	-28.84	-82.34
34.40	-28.72	-83.66
34.53	-28.61	-85.00
34.66	-28.50	-86.36
34.79	-28.39	-87.74
34.92	-28.29	-89.14
35.05	-28.20	-90.56
35.18	-28.11	-92.00
35.32	-28.02	-93.46
35.45	-27.94	-94.93
35.58	-27.87	-96.42
35.72	-27.80	-97.92
35.85	-27.74	-99.43
35.99	-27.68	-100.96
36.12	-27.63	-102.49
36.26	-27.58	-104.02
36.40	-27.54	-105.56
36.53	-27.50	-107.10
36.67	-27.47	-108.64
36.81	-27.44	-110.18
36.95	-27.42	-111.72
37.09	-27.40	-113.24
37.23	-27.39	-114.76
37.37	-27.38	-116.27
37.51	-27.38	-117.76
37.65	-27.38	-119.24
37.79	-27.39	-120.70
37.94	-27.40	-122.14
38.08	-27.41	-123.55
38.22	-27.43	-124.94
38.37	-27.46	-126.30
38.51	-27.48	-127.64
38.66	-27.51	-128.95
38.80	-27.55	-130.24
38.95	-27.59	-131.49
39.10	-27.63	-132.73
39.24	-27.67	-133.93
39.39	-27.72	-135.12
39.54	-27.77	-136.27
39.69	-27.82	-137.40
39.84	-27.87	-138.51
39.99	-27.93	-139.59
40.14	-27.99	-140.64
40.29	-28.04	-141.68
40.45	-28.10	-142.68
40.60	-28.16	-143.66
40.75	-28.22	-144.62
40.90	-28.28	-145.55
41.06	-28.34	-146.46
41.21	-28.40	-147.35
41.37	-28.46	-148.21
41.53	-28.52	-149.05
41.68	-28.58	-149.87
41.84	-28.63	-150.67
42.00	-28.69	-151.45
42.16	-28.75	-152.20
42.32	-28.80	-152.94
42.47	-28.86	-153.66
42.63	-28.91	-154.36
42.80	-28.97	-155.05
42.96	-29.02	-155.71
43.12	-29.07	-156.37
43.28	-29.12	-157.00
43.45	-29.17	-157.63
43.61	-29.22	-158.24
43.77	-29.27	-158.84
43.94	-29.32	-159.43
44.10	-29.37	-160.00
44.27	-29.42	-160.57
44.44	-29.46	-161.13
44.61	-29.50	-161.68
44.77	-29.55	-162.21
44.94	-29.59	-162.74
45.11	-29.63	-163.26
45.28	-29.67	-163.77
45.45	-29.71	-164.28
45.63	-29.75	-164.77
45.80	-29.79	-165.26
45.97	-29.82	-165.74
46.14	-29.86	-166.21
46.32	-29.89	-166.67
46.49	-29.92	-167.13
46.67	-29.95	-167.58
46.84	-29.98	-168.02
47.02	-30.01	-168.46
47.20	-30.04	-168.89
47.38	-30.06	-169.32
47.56	-30.09	-169.74
47.74	-30.11	-170.16
47.92	-30.13	-170.57
48.10	-30.15	-170.97
48.28	-30.17	-171.37
48.46	-30.19	-171.77
48.64	-30.21	-172.16
48.83	-30.22	-172.55
49.01	-30.24	-172.93
49.20	-30.25	-173.31
49.38	-30.26	-173.69
49.57	-30.27	-174.06
49.75	-30.28	-174.43
49.94	-30.29	-174.80
50.13	-30.30	-175.17
50.32	-30.31	-175.53
50.51	-30.31	-175.89
50.70	-30.32	-176.24
50.89	-30.32	-176.60
51.08	-30.33	-176.95
51.28	-30.33	-177.30
51.47	-30.33	-177.65
51.66	-30.33	-178.00
51.86	-30.33	-178.34
52.05	-30.33	-178.69
52.25	-30.32	-179.03
52.45	-30.32	-179.37
52.65	-30.31	-179.71
52.85	-30.31	179.95
53.04	-30.30	179.61
53.24	-30.29	179.28
53.45	-30.28	178.94
53.65	-30.27	178.60
53.85	-30.25	178.26
54.05	-30.24	177.93
54.26	-30.23	177.59
54.46	-30.21	177.25
54.67	-30.19	176.92
54.87	-30.17	176.58
55.08	-30.15	176.24
55.29	-30.13	175.90
55.50	-30.11	175.55
55.71	-30.09	175.21
55.92	-30.06	174.86
56.13	-30.04	174.51
56.34	-30.01	174.16
56.55	-29.98	173.81
56.77	-29.95	173.46
56.98	-29.92	173.10
57.19	-29.88	172.74
57.41	-29.85	172.38
57.63	-29.81	172.01
57.84	-29.78	171.65
58.06	-29.74	171.28
58.28	-29.70	170.90
58.50	-29.66	170.53
58.72	-29.62	170.15
58.94	-29.57	169.77
59.17	-29.53	169.38
59.39	-29.48	168.99
59.61	-29.44	168.60
59.84	-29.39	168.20
60.06	-29.34	167.80
60.29	-29.29	167.39
60.52	-29.23	166.97
60.75	-29.18	166.55
60.98	-29.12	166.12
61.21	-29.07	165.69
61.44	-29.01	165.24
61.67	-28.95	164.79
61.90	-28.89	164.34
62.14	-28.83	163.87
62.37	-28.76	163.39
62.61	-28.70	162.91
62.84	-28.63	162.41
63.08	-28.56	161.91
63.32	-28.49	161.39
63.56	-28.42	160.86
63.80	-28.34	160.32
64.04	-28.27	159.77
64.28	-28.19	159.21
64.52	-28.11	158.63
64.76	-28.03	158.04
65.01	-27.95	157.43
65.25	-27.87	156.81
65.50	-27.78	156.18
65.75	-27.69	155.52
66.00	-27.60	154.85
66.24	-27.51	154.16
66.49	-27.42	153.46
66.75	-27.32	152.73
67.00	-27.23	151.98
67.25	-27.13	151.21
67.50	-27.03	150.42
67.76	-26.92	149.61
68.01	-26.82	148.77
68.27	-26.72	147.90
68.53	-26.61	147.01
68.79	-26.50	146.09
69.05	-26.39	145.14
69.31	-26.28	144.16
69.57	-26.17	143.15
69.83	-26.06	142.11
70.09	-25.95	141.03
70.36	-25.83	139.91
70.62	-25.72	138.76
70.89	-25.60	137.57
71.16	-25.49	136.34
71.43	-25.37	135.07
71.70	-25.26	133.75
71.97	-25.15	132.39
72.24	-25.04	130.98
72.51	-24.93	129.52
72.79	-24.82	128.01
73.06	-24.71	126.45
73.34	-24.61	124.83
73.61	-24.51	123.16
73.89	-24.42	121.44
74.17	-24.33	119.66
74.45	-24.25	117.82
74.73	-24.17	115.94
75.01	-24.10	114.01
75.29	-24.04	112.03
75.58	-23.98	110.01
75.86	-23.94	107.94
76.15	-23.90	105.82
76.44	-23.88	103.67
76.73	-23.87	101.48
77.02	-23.87	99.26
77.31	-23.88	97.01
77.60	-23.90	94.75
77.89	-23.94	92.47
78.18	-23.99	90.19
78.48	-24.05	87.91
78.78	-24.12	85.65
79.07	-24.21	83.39
79.37	-24.30	81.16
79.67	-24.42	78.96
79.97	-24.54	76.79
80.27	-24.67	74.65
80.58	-24.82	72.55
80.88	-24.97	70.49
81.19	-25.13	68.48
81.49	-25.30	66.51
81.80	-25.48	64.59
82.11	-25.67	62.74
82.42	-25.85	60.94
82.73	-26.05	59.19
83.04	-26.25	57.51
83.35	-26.45	55.88
83.67	-26.65	54.30
83.99	-26.86	52.78
84.30	-27.07	51.32
84.62	-27.28	49.90
84.94	-27.49	48.54
85.26	-27.71	47.22
85.58	-27.92	45.95
85.90	-28.13	44.73
86.23	-28.34	43.56
86.55	-28.55	42.42
86.88	-28.76	41.33
87.21	-28.97	40.28
87.54	-29.18	39.26
87.87	-29.39	38.27
88.20	-29.59	37.32
88.53	-29.80	36.40
88.87	-30.00	35.52
89.20	-30.20	34.66
89.54	-30.40	33.83
89.88	-30.60	33.03
90.22	-30.79	32.25
90.56	-30.99	31.50
90.90	-31.18	30.78
91.24	-31.37	30.08
91.59	-31.55	29.41
91.93	-31.74	28.76
92.28	-31.92	28.13
92.63	-32.10	27.52
92.98	-32.28	26.93
93.33	-32.46	26.36
93.68	-32.64	25.81
94.03	-32.81	25.28
94.39	-32.98	24.76
94.74	-33.15	24.26
95.10	-33.33	23.78
95.46	-33.49	23.31
95.82	-33.66	22.85
96.18	-33.83	22.39
96.54	-33.99	21.95
96.91	-34.16	21.52
97.27	-34.32	21.09
97.64	-34.48	20.66
98.01	-34.64	20.25
98.38	-34.80	19.84
98.75	-34.95	19.45
99.12	-35.11	19.06
99.50	-35.26	18.69
99.87	-35.41	18.33
100.25	-35.56	17.98
100.63	-35.70	17.64
101.01	-35.85	17.31
101.39	-35.99	17.00
101.77	-36.14	16.69
102.16	-36.28	16.39
102.54	-36.42	16.10
102.93	-36.56	15.81
103.32	-36.70	15.53
103.71	-36.84	15.26
104.10	-36.98	14.99
104.49	-37.12	14.72
104.88	-37.26	14.46
105.28	-37.40	14.19
105.68	-37.53	13.93
106.08	-37.67	13.67
106.48	-37.80	13.41
106.88	-37.93	13.15
107.28	-38.07	12.90
107.69	-38.20	12.65
108.09	-38.33	12.41
108.50	-38.45	12.18
108.91	-38.58	11.95
109.32	-38.71	11.73
109.73	-38.83	11.52
110.15	-38.96	11.32
110.56	-39.08	11.11
110.98	-39.21	10.91
111.40	-39.34	10.72
111.82	-39.47	10.52
112.24	-39.60	10.32
112.67	-39.73	10.12
113.09	-39.85	9.92
113.52	-39.98	9.72
113.95	-40.11	9.52
114.38	-40.23	9.31
114.81	-40.35	9.09
115.24	-40.47	8.87
115.68	-40.59	8.66
116.11	-40.71	8.44
116.55	-40.82	8.23
116.99	-40.94	8.03
117.43	-41.06	7.83
117.87	-41.18	7.64
118.32	-41.30	7.45
118.77	-41.42	7.26
119.21	-41.54	7.07
119.66	-41.66	6.87
120.12	-41.78	6.65
120.57	-41.90	6.42
121.02	-42.02	6.18
121.48	-42.13	5.93
121.94	-42.25	5.68
122.40	-42.36	5.44
122.86	-42.46	5.21
123.32	-42.56	5.00
123.79	-42.66	4.81
124.26	-42.76	4.64
124.73	-42.86	4.47
125.20	-42.95	4.31
125.67	-43.05	4.15
126.14	-43.15	3.98
126.62	-43.25	3.80
127.10	-43.35	3.61
127.58	-43.46	3.42
128.06	-43.56	3.23
128.54	-43.67	3.04
129.03	-43.77	2.84
129.51	-43.87	2.66
130.00	-43.96	2.47
130.49	-44.06	2.30
130.98	-44.15	2.12
131.48	-44.24	1.96
131.98	-44.33	1.80
132.47	-44.42	1.65
132.97	-44.50	1.50
133.48	-44.59	1.35
133.98	-44.68	1.19
134.48	-44.77	1.02
134.99	-44.86	0.84
135.50	-44.96	0.65
136.01	-45.05	0.45
136.53	-45.14	0.25
137.04	-45.24	0.05
137.56	-45.33	-0.12
138.08	-45.41	-0.28
138.60	-45.49	-0.41
139.12	-45.57	-0.53
139.65	-45.64	-0.63
140.17	-45.72	-0.73
140.70	-45.80	-0.83
141.23	-45.88	-0.94
141.77	-45.97	-1.05
142.30	-46.05	-1.17
142.84	-46.14	-1.31
143.38	-46.22	-1.45
143.92	-46.30	-1.61
144.46	-46.38	-1.78
145.01	-46.46	-1.95
145.55	-46.53	-2.11
146.10	-46.61	-2.26
146.65	-46.69	-2.38
147.21	-46.77	-2.48
147.76	-46.85	-2.56
148.32	-46.92	-2.63
148.88	-47.00	-2.70
149.44	-47.08	-2.78
150.01	-47.16	-2.88
150.57	-47.24	-2.99
151.14	-47.31	-3.10
151.71	-47.39	-3.19
152.28	-47.46	-3.28
152.86	-47.54	-3.33
153.43	-47.61	-3.37
154.01	-47.69	-3.38
154.59	-47.77	-3.40
155.18	-47.85	-3.41
155.76	-47.94	-3.43
156.35	-48.04	-3.46
156.94	-48.13	-3.50
157.53	-48.23	-3.55
158.13	-48.32	-3.62
158.72	-48.41	-3.71
159.32	-48.50	-3.80
159.93	-48.58	-3.89
160.53	-48.67	-3.97
161.13	-48.76	-4.02
161.74	-48.86	-4.05
162.35	-48.95	-4.07
162.97	-49.06	-4.11
163.58	-49.16	-4.19
164.20	-49.25	-4.34
164.82	-49.35	-4.58
165.44	-49.44	-4.87
166.06	-49.52	-5.18
166.69	-49.61	-5.47
167.32	-49.70	-5.71
167.95	-49.79	-5.89
168.58	-49.88	-6.04
169.22	-49.97	-6.21
169.86	-50.06	-6.43
170.50	-50.14	-6.72
171.14	-50.23	-7.08
171.79	-50.31	-7.47
172.44	-50.38	-7.86
173.09	-50.45	-8.24
173.74	-50.50	-8.58
174.40	-50.55	-8.88
175.06	-50.60	-9.14
175.72	-50.64	-9.37
176.38	-50.70	-9.57
177.04	-50.76	-9.74
177.71	-50.81	-9.90
178.38	-50.86	-10.07
179.06	-50.90	-10.26
179.73	-50.93	-10.45
180.41	-50.95	-10.61
181.09	-50.98	-10.73
181.77	-51.02	-10.75
182.46	-51.08	-10.68
183.15	-51.15	-10.57
183.84	-51.23	-10.47
184.53	-51.31	-10.45
185.23	-51.38	-10.55
185.93	-51.46	-10.74
186.63	-51.54	-10.94
187.33	-51.62	-11.08
188.04	-51.70	-11.10
188.75	-51.79	-11.03
189.46	-51.88	-10.95
190.18	-51.98	-10.93
190.90	-52.09	-11.06
191.62	-52.20	-11.32
192.34	-52.31	-11.67
193.07	-52.40	-12.04
193.79	-52.47	-12.39
194.53	-52.52	-12.71
195.26	-52.56	-13.00
196.00	-52.60	-13.28
196.74	-52.66	-13.58
197.48	-52.73	-13.88
198.22	-52.81	-14.17
198.97	-52.88	-14.42
199.72	-52.92	-14.62
200.48	-52.95	-14.74
201.23	-52.97	-14.80
201.99	-53.00	-14.79
202.75	-53.06	-14.71
203.52	-53.13	-14.61
204.29	-53.21	-14.51
205.06	-53.28	-14.48
205.83	-53.33	-14.53
206.61	-53.38	-14.64
207.39	-53.43	-14.76
208.17	-53.49	-14.83
208.96	-53.58	-14.85
209.74	-53.68	-14.84
210.54	-53.78	-14.85
211.33	-53.89	-14.94
212.13	-53.99	-15.10
212.93	-54.08	-15.29
213.73	-54.16	-15.45
214.54	-54.24	-15.55
215.35	-54.31	-15.63
216.16	-54.38	-15.75
216.98	-54.45	-15.98
217.80	-54.53	-16.35
218.62	-54.60	-16.76
219.44	-54.65	-17.08
220.27	-54.67	-17.21
221.10	-54.67	-17.19
221.94	-54.67	-17.13
222.77	-54.68	-17.17
223.61	-54.72	-17.38
224.46	-54.77	-17.62
225.30	-54.81	-17.75
226.15	-54.84	-17.63
227.01	-54.86	-17.31
227.86	-54.89	-16.98
228.72	-54.93	-16.80
229.59	-55.01	-16.87
230.45	-55.09	-17.06
231.32	-55.16	-17.19
232.20	-55.19	-17.15
233.07	-55.20	-16.97
233.95	-55.22	-16.80
234.84	-55.26	-16.77
235.72	-55.34	-16.91
236.61	-55.42	-17.18
237.50	-55.48	-17.52
238.40	-55.52	-17.88
239.30	-55.54	-18.21
240.20	-55.57	-18.45
241.11	-55.63	-18.57
242.02	-55.70	-18.65
242.93	-55.75	-18.80
243.85	-55.77	-19.14
244.77	-55.76	-19.62
245.69	-55.75	-20.15
246.62	-55.77	-20.62
247.55	-55.81	-21.01
248.48	-55.84	-21.33
249.42	-55.82	-21.62
250.36	-55.75	-21.86
251.31	-55.68	-21.98
252.26	-55.64	-21.91
253.21	-55.66	-21.66
254.16	-55.71	-21.43
255.12	-55.75	-21.40
256.09	-55.78	-21.65
257.05	-55.80	-22.00
258.02	-55.84	-22.23
259.00	-55.90	-22.28
259.97	-55.98	-22.33
260.95	-56.05	-22.61
261.94	-56.11	-23.24
262.93	-56.16	-24.04
263.92	-56.20	-24.82
264.92	-56.24	-25.46
265.92	-56.27	-26.00
266.92	-56.29	-26.51
267.93	-56.30	-27.03
268.94	-56.31	-27.51
269.95	-56.32	-27.90
270.97	-56.34	-28.24
271.99	-56.37	-28.60
273.02	-56.40	-29.09
274.05	-56.43	-29.66
275.08	-56.46	-30.14
276.12	-56.48	-30.38
277.16	-56.50	-30.53
278.21	-56.52	-30.90
279.26	-56.55	-31.73
280.31	-56.59	-32.77
281.37	-56.64	-33.59
282.43	-56.71	-33.95
283.50	-56.76	-34.19
284.57	-56.79	-34.75
285.64	-56.79	-35.76
286.72	-56.81	-36.83
287.80	-56.90	-37.59
288.89	-57.03	-38.04
289.98	-57.18	-38.49
291.07	-57.31	-39.17
292.17	-57.43	-39.91
293.27	-57.59	-40.42
294.38	-57.79	-40.62
295.49	-57.99	-40.79
296.61	-58.12	-41.23
297.73	-58.18	-41.81
298.85	-58.20	-42.12
299.98	-58.20	-41.90
301.11	-58.21	-41.47
302.25	-58.23	-41.33
303.39	-58.28	-41.52
304.53	-58.34	-41.56
305.68	-58.40	-41.06
306.83	-58.46	-40.42
307.99	-58.51	-40.31
309.15	-58.55	-40.98
310.32	-58.56	-41.90
311.49	-58.57	-42.54
312.67	-58.56	-42.97
313.85	-58.54	-43.48
315.03	-58.53	-44.23
316.22	-58.50	-45.10
317.41	-58.48	-45.94
318.61	-58.46	-46.85
319.81	-58.49	-48.01
321.02	-58.58	-49.43
322.23	-58.74	-50.83
323.45	-58.98	-52.05
324.67	-59.27	-53.38
325.89	-59.60	-55.20
327.12	-59.98	-57.08
328.36	-60.48	-57.84
329.60	-61.07	-56.84
330.84	-61.59	-54.72
332.09	-61.85	-52.22
333.34	-61.93	-49.45
334.60	-62.01	-46.26
335.86	-62.09	-42.92
337.13	-61.98	-40.12
338.40	-61.59	-38.38
339.68	-61.14	-37.62
340.96	-60.87	-37.70
342.25	-60.73	-38.49
343.54	-60.59	-39.87
344.83	-60.45	-41.37
346.14	-60.45	-42.26
347.44	-60.61	-42.26
348.75	-60.78	-41.75
350.07	-60.82	-41.15
351.39	-60.71	-40.85
352.72	-60.48	-41.11
354.05	-60.25	-41.64
355.38	-60.22	-41.93
356.72	-60.31	-41.50
358.07	-60.33	-39.86
359.42	-60.17	-37.74
360.78	-59.83	-37.11
362.14	-59.42	-38.71
363.51	-59.15	-41.05
364.88	-59.13	-42.79
366.25	-59.11	-43.50
367.64	-58.84	-43.29
369.02	-58.47	-43.73
370.42	-58.18	-46.27
371.81	-58.05	-49.81
373.22	-58.12	-52.56
374.63	-58.28	-54.04
376.04	-58.37	-54.43
377.46	-58.33	-54.97
378.88	-58.14	-57.28
380.31	-57.91	-60.84
381.75	-57.84	-63.83
383.19	-57.92	-66.36
384.63	-58.00	-69.87
386.09	-58.15	-74.25
387.54	-58.59	-78.13
389.00	-59.31	-80.60
390.47	-60.11	-81.22
391.95	-60.75	-80.53
393.43	-61.02	-79.85
394.91	-61.05	-79.49
396.40	-61.26	-78.97
397.90	-61.64	-77.96
399.40	-61.86	-76.38
400.90	-61.94	-74.97
402.42	-62.10	-74.89
403.94	-62.31	-75.67
405.46	-62.40	-75.95
406.99	-62.43	-75.79
408.53	-62.56	-75.81
410.07	-62.75	-75.58
411.61	-62.90	-74.57
413.17	-63.10	-73.74
414.73	-63.40	-73.91
416.29	-63.57	-73.82
417.86	-63.47	-72.82
419.44	-63.39	-72.86
421.02	-63.54	-74.61
422.61	-63.93	-75.99
424.21	-64.37	-75.88
425.81	-64.51	-74.57
427.41	-64.59	-72.41
429.03	-65.16	-69.84
430.65	-65.69	-67.61
432.27	-65.49	-66.22
433.90	-65.26	-64.28
435.54	-65.51	-61.00
437.18	-65.60	-58.07
438.83	-65.32	-56.16
440.49	-65.26	-54.13
442.15	-65.30	-51.40
443.82	-64.88	-48.13
445.49	-64.23	-45.88
447.18	-63.75	-45.80
448.86	-63.37	-46.27
450.56	-63.04	-46.57
452.26	-62.84	-47.78
453.96	-62.76	-48.55
455.68	-62.69	-46.74
457.40	-62.52	-45.45
459.12	-62.25	-46.60
460.85	-62.08	-45.86
462.59	-61.95	-43.11
464.34	-61.59	-42.46
466.09	-61.21	-42.87
467.85	-61.02	-42.12
469.62	-60.76	-40.73
471.39	-60.43	-39.71
473.17	-60.28	-39.77
474.95	-60.05	-39.66
476.74	-59.53	-38.52
478.54	-59.08	-38.19
480.35	-58.77	-38.12
482.16	-58.35	-36.25
483.98	-57.90	-35.09
485.81	-57.51	-35.38
487.64	-57.03	-33.30
489.48	-56.34	-30.87
491.33	-55.50	-31.22
493.18	-54.85	-30.67
495.04	-54.22	-28.66
496.91	-53.11	-27.92
498.79	-52.04	-27.66
500.67	-51.12	-26.79
502.56	-49.65	-25.49
504.45	-47.89	-25.25
506.36	-46.08	-26.92
508.27	-43.76	-29.23
510.19	-40.88	-30.88
512.11	-37.09	-39.15
514.04	-31.40	-76.00
515.98	-29.14	-128.53
517.93	-34.31	-168.43
519.89	-39.30	174.71
521.85	-41.90	171.84
523.82	-43.88	169.01
525.79	-45.65	165.97
527.78	-47.15	164.58
529.77	-48.26	164.72
531.77	-49.23	162.77
533.78	-50.21	160.98
535.79	-51.11	161.51
537.81	-51.66	160.95
539.84	-52.27	159.62
541.88	-53.04	158.99
543.92	-53.45	159.21
545.98	-53.90	158.31
548.04	-54.51	157.19
550.10	-54.90	157.93
552.18	-55.15	156.66
554.26	-55.54	155.21
556.35	-56.08	156.04
558.45	-56.29	155.08
560.56	-56.57	153.20
562.68	-57.00	152.33
564.80	-57.16	152.35
566.93	-57.40	150.91
569.07	-57.77	149.90
571.22	-58.07	150.35
573.37	-58.23	148.90
575.54	-58.65	148.18
577.71	-59.04	148.46
579.89	-59.09	147.93
582.08	-59.39	146.92
584.27	-59.54	146.69
586.48	-59.50	146.92
588.69	-59.66	146.81
590.91	-59.97	147.17
593.14	-59.85	147.49
595.38	-59.61	145.87
597.63	-59.69	142.59
599.88	-59.59	141.12
602.15	-59.62	137.94
604.42	-59.86	134.96
606.70	-60.16	133.42
608.99	-60.50	129.86
611.29	-61.09	126.80
613.59	-61.66	125.11
615.91	-62.17	124.23
618.23	-63.76	118.48
620.57	-67.35	116.41
622.91	-68.26	-176.07
625.26	-61.39	-155.28
627.62	-54.83	157.29
629.99	-56.83	137.17
632.36	-57.78	128.06
634.75	-58.48	123.69
637.15	-59.15	120.32
639.55	-59.54	117.11
641.96	-59.97	115.21
644.39	-60.28	113.62
646.82	-60.59	111.31
649.26	-60.93	109.53
651.71	-61.13	109.00
654.17	-61.26	107.82
656.64	-61.45	106.14
659.11	-61.53	106.28
661.60	-61.70	103.66
664.10	-61.98	101.45
666.60	-62.07	101.80
669.12	-62.07	100.86
671.64	-62.18	99.38
674.18	-62.27	99.17
676.72	-62.18	94.82
679.28	-62.17	93.77
681.84	-62.15	93.07
684.41	-62.48	90.60
687.00	-62.87	89.03
689.59	-62.95	87.44
692.19	-63.09	85.26
694.80	-63.48	85.11
697.42	-63.67	84.53
700.06	-63.94	83.09
702.70	-64.14	85.89
705.35	-63.91	86.25
708.01	-63.69	84.92
710.68	-63.60	85.10
713.36	-63.21	84.96
716.06	-63.10	83.24
718.76	-63.19	81.49
721.47	-62.99	79.93
724.19	-63.10	78.11
726.93	-62.91	76.62
729.67	-62.66	75.14
732.42	-62.72	73.08
735.19	-62.36	70.29
737.96	-62.39	67.42
740.75	-62.31	66.36
743.54	-62.27	62.34
746.35	-62.38	58.96
749.16	-62.56	56.87
751.99	-62.52	53.65
754.83	-62.81	50.99
757.68	-63.14	50.03
760.54	-63.30	48.26
763.41	-63.68	47.05
766.29	-63.89	47.96
769.18	-63.89	47.61
772.08	-63.87	47.62
774.99	-63.42	46.53
777.92	-63.53	41.43
780.85	-63.68	36.89
783.80	-64.39	37.01
786.76	-64.70	37.16
789.73	-65.72	42.41
792.71	-65.84	50.05
795.70	-65.56	61.48
798.70	-63.30	80.43
801.71	-57.25	79.43
804.74	-54.17	36.91
807.78	-56.80	12.92
810.83	-58.61	6.97
813.88	-60.12	3.69
816.96	-60.76	3.53
820.04	-61.33	3.15
823.13	-61.68	3.47
826.24	-61.59	4.44
829.36	-60.92	3.51
832.49	-60.44	-6.94
835.63	-61.28	-12.93
838.78	-61.71	-16.32
841.95	-62.29	-17.96
845.12	-63.08	-23.07
848.31	-63.98	-26.10
851.51	-64.23	-26.49
854.73	-64.85	-28.92
857.95	-65.60	-28.51
861.19	-65.96	-28.66
864.44	-66.52	-29.24
867.70	-67.13	-24.27
870.98	-67.50	-23.01
874.26	-67.86	-15.72
877.56	-67.78	-14.20
880.87	-67.87	-9.80
884.20	-67.35	-9.64
887.53	-67.24	-7.23
890.88	-67.20	-6.75
894.25	-66.67	-4.46
897.62	-66.30	-2.93
901.01	-65.53	-2.93
904.41	-64.89	-1.26
907.82	-64.58	-2.17
911.25	-63.66	-2.52
914.68	-63.36	-4.76
918.14	-62.51	-8.91
921.60	-61.94	-13.70
925.08	-61.60	-18.04
928.57	-61.55	-22.28
932.07	-61.61	-25.28
935.59	-61.59	-29.83
939.12	-61.61	-33.84
942.67	-61.65	-36.38
946.22	-61.87	-38.49
949.79	-61.87	-39.33
953.38	-62.05	-42.42
956.97	-62.25	-44.18
960.59	-61.98	-46.16
964.21	-62.32	-47.31
967.85	-62.25	-48.54
971.50	-62.21	-50.32
975.17	-62.35	-51.43
978.85	-62.47	-54.05
982.54	-63.13	-53.71
986.25	-62.07	-40.72
989.97	-61.55	-46.87
993.71	-60.97	-49.61
997.46	-60.52	-51.29
1001.22	-60.21	-51.12
1005.00	-59.75	-51.30
1008.79	-58.62	-51.53
1012.60	-56.87	-52.59
1016.42	-55.08	-53.83
1020.25	-50.05	-70.93
1024.10	-47.21	-135.91
1027.97	-52.61	-171.07
1031.85	-59.02	173.51
1035.74	-67.14	179.39
1039.65	-69.05	-164.06
1043.57	-71.95	-141.81
1047.51	-73.51	-115.90
1051.46	-73.07	-104.54
1055.43	-72.27	-86.36
1059.41	-70.74	-76.11
1063.41	-69.42	-74.98
1067.43	-68.82	-67.54
1071.45	-67.69	-64.16
1075.50	-67.09	-62.62
1079.55	-66.03	-60.64
1083.63	-65.68	-61.91
1087.72	-64.83	-58.92
1091.82	-64.02	-58.56
1095.94	-63.33	-56.57
1100.08	-62.24	-57.87
1104.23	-61.55	-56.61
1108.40	-60.88	-58.81
1112.58	-60.38	-59.32
1116.78	-59.35	-60.33
1120.99	-58.61	-61.16
1125.22	-57.70	-64.52
1129.47	-56.89	-66.79
1133.73	-55.98	-69.40
1138.01	-55.24	-71.97
1142.30	-54.34	-75.92
1146.61	-53.57	-79.21
1150.94	-52.73	-84.26
1155.28	-51.95	-88.96
1159.64	-51.10	-95.00
1164.02	-50.52	-101.65
1168.41	-50.03	-108.42
1172.82	-49.68	-115.50
1177.25	-49.45	-122.05
1181.69	-49.34	-128.96
1186.15	-49.33	-135.05
1190.62	-49.54	-141.64
1195.12	-50.10	-146.25
1199.63	-51.49	-147.56
1204.15	-50.84	-121.36
1208.70	-45.12	-127.69
1213.26	-45.02	-151.94
1217.84	-45.47	-164.07
1222.43	-45.75	-171.89
1227.04	-46.03	179.23
1231.67	-46.22	173.32
1236.32	-46.44	167.97
1240.99	-46.59	163.35
1245.67	-46.77	159.00
1250.37	-46.98	154.22
1255.09	-47.09	150.96
1259.83	-47.12	147.82
1264.58	-47.09	144.15
1269.35	-47.02	141.52
1274.14	-46.88	139.18
1278.95	-46.78	136.94
1283.78	-46.45	134.79
1288.62	-45.96	131.66
1293.48	-45.51	129.56
1298.36	-44.94	127.13
1303.26	-43.97	123.68
1308.18	-42.73	119.58
1313.12	-41.51	115.73
1318.07	-39.93	109.61
1323.05	-38.18	98.31
1328.04	-35.49	90.60
1333.05	-32.55	63.66
1338.08	-32.88	12.72
1343.13	-36.93	-17.35
1348.20	-39.78	-28.28
1353.29	-41.90	-35.17
1358.39	-44.36	-41.58
1363.52	-45.94	-45.34
1368.67	-47.31	-47.88
1373.83	-48.91	-50.88
1379.01	-50.28	-53.51
1384.22	-51.49	-56.14
1389.44	-52.32	-58.26
1394.68	-53.02	-59.19
1399.95	-53.82	-60.46
1405.23	-54.68	-62.25
1410.53	-55.49	-64.30
1415.86	-56.05	-65.24
1421.20	-56.26	-65.02
1426.56	-56.76	-66.72
1431.94	-56.99	-68.34
1437.35	-57.06	-69.66
1442.77	-57.14	-70.99
1448.22	-57.12	-72.75
1453.68	-56.91	-73.31
1459.17	-56.72	-74.86
1464.67	-56.12	-84.29
1470.20	-57.19	-82.85
1475.75	-56.38	-81.77
1481.32	-55.20	-81.51
1486.91	-53.82	-82.80
1492.52	-51.99	-86.19
1498.15	-49.74	-92.09
1503.80	-47.00	-103.78
1509.48	-45.17	-121.86
1515.17	-42.78	-132.00
1520.89	-39.14	-162.99
1526.63	-39.15	164.17
1532.39	-40.69	143.95
1538.17	-42.32	128.50
1543.98	-43.02	118.53
1549.81	-42.94	109.53
1555.65	-42.16	100.25
1561.52	-40.71	88.62
1567.42	-38.55	72.11
1573.33	-35.45	36.32
1579.27	-34.58	-16.91
1585.23	-36.43	-57.98
1591.21	-39.22	-93.20
1597.21	-42.87	-124.23
1603.24	-47.32	-147.92
1609.29	-52.01	-163.74
1615.36	-56.33	-172.81
1621.46	-60.21	-178.97
1627.58	-63.47	168.31
1633.72	-68.59	126.65
1639.89	-69.04	-9.85
1646.07	-64.32	-74.99
1652.29	-62.44	-106.06
1658.52	-60.59	-117.97
1664.78	-57.43	-152.94
1671.06	-60.78	-174.06
1677.37	-61.32	178.15
1683.70	-61.42	170.77
1690.05	-62.08	165.72
1696.43	-62.26	170.31
1702.83	-59.10	-166.32
1709.26	-48.81	-167.91
1715.70	-43.48	120.18
1722.18	-46.82	69.43
1728.68	-47.65	42.47
1735.20	-47.70	11.85
1741.75	-50.02	-23.79
1748.32	-55.69	-46.08
1754.92	-59.64	-42.48
1761.54	-61.81	-45.44
1768.19	-63.54	-44.25
1774.86	-65.06	-40.29
1781.56	-65.73	-34.37
1788.28	-65.20	-26.54
1795.03	-61.53	-23.65
1801.80	-54.44	-56.61
1808.60	-57.39	-129.24
1815.43	-64.20	-143.87
1822.28	-65.41	-149.86
1829.15	-62.81	-161.54
1836.06	-58.60	164.81
1842.99	-54.53	135.52
1849.94	-50.09	79.81
1856.92	-54.33	34.48
1863.93	-55.28	19.34
1870.96	-56.87	5.49
1878.02	-57.34	0.03
1885.11	-57.16	-4.41
1892.22	-56.28	-9.14
1899.36	-55.48	-14.37
1906.53	-54.07	-22.77
1913.72	-52.17	-27.49
1920.95	-45.24	-47.86
1928.19	-44.77	-141.50
1935.47	-55.47	-171.83
1942.77	-65.59	-171.70
1950.11	-75.20	-84.08
1957.46	-65.53	-28.21
1964.85	-58.40	-32.25
1972.27	-52.31	-55.16
1979.71	-52.27	-110.84
1987.18	-57.98	-102.76
1994.68	-53.31	-82.84
2002.20	-47.46	-125.34
2009.76	-50.02	-176.82
2017.34	-53.79	167.53
2024.96	-56.84	159.13
2032.60	-58.49	154.16
2040.27	-59.17	147.91
2047.97	-58.52	139.66
2055.70	-54.64	108.25
2063.45	-52.29	12.48
2071.24	-53.19	-42.93
2079.06	-49.31	-85.20
2086.90	-48.14	-161.32
2094.78	-51.82	160.47
2102.68	-53.44	114.81
2110.62	-55.34	-44.19
2118.58	-54.74	175.11
2126.57	-56.56	156.11
2134.60	-56.32	147.20
2142.65	-54.30	128.63
2150.74	-54.53	64.75
2158.86	-68.10	48.15
2167.00	-69.97	113.77
2175.18	-66.86	133.35
2183.39	-64.69	138.39
2191.63	-62.73	137.42
2199.90	-60.57	135.79
2208.20	-58.41	133.70
2216.53	-55.01	127.95
2224.90	-49.08	98.37
2233.29	-48.99	25.81
2241.72	-56.70	-8.61
2250.18	-61.64	1.43
2258.67	-65.27	3.52
2267.19	-68.34	39.07
2275.75	-59.65	65.38
2284.34	-56.30	12.98
2292.96	-59.74	-14.57
2301.61	-62.55	-18.30
2310.29	-63.69	-0.92
2319.01	-56.95	-10.07
2327.76	-60.16	-52.86
2336.55	-62.08	-45.13
2345.36	-60.42	-47.23
2354.21	-56.65	-83.16
2363.10	-61.48	-147.08
2372.02	-69.57	-142.54
2380.97	-72.70	-132.39
2389.95	-73.68	-124.67
2398.97	-75.05	-126.22
2408.02	-75.75	151.64
2417.11	-69.46	-41.50
2426.23	-71.28	-72.66
2435.39	-68.55	-71.59
2444.58	-67.89	-82.95
2453.80	-65.96	-85.20
2463.06	-61.18	-91.29
2472.35	-58.16	-145.69
2481.68	-63.00	177.06
2491.05	-67.10	172.66
2500.45	-69.22	174.17
2509.88	-69.86	-176.02
2519.36	-59.58	-154.95
2528.86	-53.99	88.81
2538.41	-62.38	83.50
2547.98	-63.10	-1.56
2557.60	-72.38	23.53
2567.25	-63.95	-9.76
2576.94	-66.78	-56.28
2586.66	-69.12	-58.63
2596.42	-63.31	-51.28
2606.22	-60.32	-50.74
2616.06	-53.53	-69.34
2625.93	-47.32	-121.84
2635.84	-48.44	177.95
2645.78	-51.50	140.30
2655.77	-53.85	120.14
2665.79	-57.80	107.76
2675.85	-54.80	91.75
2685.95	-64.12	43.48
2696.08	-66.75	125.81
2706.26	-61.80	123.57
2716.47	-56.31	90.31
2726.72	-63.60	13.96
2737.01	-70.01	86.53
2747.34	-68.87	74.39
2757.70	-73.60	127.35
2768.11	-62.87	148.39
2778.56	-60.04	130.69
2789.04	-57.10	110.21
2799.57	-55.13	90.24
2810.13	-52.76	62.28
2820.73	-52.43	15.86
2831.38	-54.95	-27.48
2842.06	-61.59	-77.45
2852.79	-74.16	34.73
2863.55	-60.77	47.10
2874.36	-62.42	-7.37
2885.21	-64.61	-19.31
2896.09	-67.17	-29.19
2907.02	-70.21	-30.27
2917.99	-69.42	-19.89
2929.00	-69.36	-56.69
2940.06	-72.89	99.95
2951.15	-74.67	-1.30
2962.29	-73.76	11.00
2973.47	-70.72	43.61
2984.69	-62.57	6.64
2995.95	-65.93	-13.25
3007.25	-61.50	-25.62
3018.60	-61.08	-80.62
3029.99	-64.80	-167.99
3041.43	-80.46	30.45
3052.90	-77.06	21.59
3064.42	-67.31	-6.98
3075.99	-69.25	-56.83
3087.60	-71.47	-33.12
3099.25	-66.23	-52.64
3110.94	-68.05	-112.62
3122.68	-78.44	-75.99
3134.47	-73.30	-49.43
3146.29	-68.59	-61.53
3158.17	-66.19	-108.06
3170.08	-67.06	178.09
3182.05	-74.36	171.47
3194.05	-71.15	102.08
3206.11	-70.69	-162.28
3218.21	-62.16	94.21
3230.35	-59.55	11.82
3242.54	-64.36	-42.22
3254.77	-67.87	-32.19
3267.06	-65.50	-23.60
3279.39	-61.03	-43.63
3291.76	-60.65	-71.83
3304.18	-57.69	-117.86
3316.65	-62.35	155.42
3329.17	-71.82	-33.78
3341.73	-63.80	-150.76
3354.34	-60.43	75.46
3367.00	-57.94	-23.80
3379.70	-55.06	-90.13
3392.46	-56.28	-154.10
3405.26	-63.06	135.01
3418.11	-65.72	33.32
3431.01	-61.47	-129.50
3443.95	-53.53	-27.76
3456.95	-48.86	-115.54
3469.99	-48.30	-170.21
3483.09	-49.61	135.61
3496.23	-57.32	110.54
3509.43	-55.80	144.03
3522.67	-57.68	99.49
3535.96	-61.39	120.33
3549.31	-57.59	93.21
3562.70	-58.44	95.24
3576.14	-59.96	50.31
3589.64	-62.99	55.25
3603.18	-61.75	90.94
3616.78	-60.39	57.71
3630.43	-57.62	13.34
3644.13	-59.61	12.73
3657.88	-61.10	-16.52
3671.68	-58.79	-46.12
3685.54	-60.09	-93.26
3699.45	-58.64	-126.91
3713.41	-61.61	159.42
3727.42	-62.85	29.92
3741.49	-62.77	-158.00
3755.60	-60.87	137.44
3769.78	-58.73	58.77
3784.00	-69.00	-26.00
3798.28	-68.47	-76.08
3812.61	-62.50	-152.44
3827.00	-64.14	162.28
3841.44	-60.12	172.36
3855.94	-52.42	152.56
3870.49	-49.30	70.10
3885.09	-53.99	31.26
3899.75	-58.98	11.29
3914.47	-57.31	4.77
3929.24	-55.82	-78.27
3944.07	-64.34	-120.37
3958.95	-59.51	120.10
3973.89	-55.89	48.85
3988.89	-52.81	32.76
4003.94	-51.35	-20.84
4019.05	-50.67	-88.62
4034.22	-62.56	-105.68
4049.44	-56.09	-48.40
4064.72	-52.80	-148.26
4080.06	-65.52	88.01
4095.46	-66.63	-92.20
4110.91	-63.44	-166.68
4126.42	-71.63	160.64
4141.99	-66.54	103.17
4157.62	-68.83	-7.70
4173.31	-60.18	-63.76
4189.06	-61.18	-159.48
4204.87	-66.28	11.38
4220.74	-65.92	-131.02
4236.66	-71.02	127.28
4252.65	-66.95	3.63
4268.70	-57.40	-142.03
4284.81	-61.10	51.79
4300.98	-63.33	-67.64
4317.21	-59.52	166.13
4333.50	-68.57	124.31
4349.85	-71.41	88.93
4366.26	-76.67	43.18
4382.74	-64.01	-33.52
4399.28	-57.85	-117.43
4415.88	-55.61	168.50
4432.54	-55.70	127.60
4449.27	-59.13	54.20
4466.06	-66.24	67.65
4482.91	-63.60	26.72
4499.83	-70.63	11.04
4516.81	-57.39	-17.67
4533.85	-52.85	-152.59
4550.96	-53.89	113.89
4568.14	-57.46	84.84
4585.37	-54.78	47.61
4602.68	-54.57	-24.89
4620.05	-62.12	-167.64
4637.48	-63.93	73.77
4654.98	-62.11	12.33
4672.55	-62.07	-63.54
4690.18	-60.46	77.32
4707.88	-57.79	-13.85
4725.64	-61.59	-118.99
4743.48	-62.31	93.17
4761.38	-56.38	-15.01
4779.34	-59.89	-88.39
4797.38	-62.69	-126.30
4815.48	-59.24	158.17
4833.65	-62.97	35.72
4851.89	-64.33	-26.50
4870.20	-68.46	-91.56
4888.58	-72.35	-95.13
4907.03	-62.79	-124.91
4925.54	-59.21	170.22
4944.13	-52.37	35.42
4962.79	-58.60	-70.46
4981.52	-62.60	-132.95
5000.31	-65.62	12.44
5019.18	-66.89	14.56
5038.12	-64.21	100.73
5057.14	-63.55	-111.95
5076.22	-56.75	74.33
5095.37	-56.99	-73.99
5114.60	-54.99	-114.40
5133.90	-56.64	167.17
5153.27	-68.50	-151.90
5172.72	-52.16	-124.74
5192.24	-53.15	155.74
5211.83	-52.56	96.30
5231.50	-62.33	33.85
5251.24	-58.60	133.05
5271.06	-57.91	59.35
5290.95	-55.16	-70.15
5310.91	-53.46	147.21
5330.96	-55.89	80.54
5351.07	-56.91	-81.78
5371.27	-65.68	45.80
5391.53	-67.75	159.53
5411.88	-64.15	112.30
5432.30	-56.79	67.28
5452.80	-59.36	49.97
5473.38	-59.32	6.27
5494.03	-57.18	-0.18
5514.76	-59.17	-46.35
5535.57	-54.35	-121.28
5556.46	-62.89	126.72
5577.43	-64.98	131.17
5598.48	-66.51	73.21
5619.60	-52.21	-3.69
5640.81	-57.25	-169.09
5662.10	-60.94	50.91
5683.46	-52.92	-30.12
5704.91	-48.48	74.15
5726.44	-48.92	-128.30
5748.05	-53.40	-175.70
5769.74	-50.24	85.21
5791.51	-61.49	55.38
5813.36	-50.91	27.89
5835.30	-54.45	-10.91
5857.32	-50.91	-71.25
5879.42	-56.83	77.04
5901.61	-57.43	-109.89
5923.88	-56.26	-145.29
5946.23	-63.16	110.18
5968.67	-55.92	-175.83
5991.20	-53.12	-28.61
6013.80	-50.71	-177.93
6036.50	-49.37	160.38
6059.28	-50.08	39.67
6082.14	-50.79	88.70
6105.09	-61.74	-65.26
6128.13	-60.57	71.73
6151.26	-52.39	67.07
6174.47	-51.14	-37.38
6197.77	-52.61	110.59
6221.16	-50.49	-129.26
6244.63	-45.56	-16.97
6268.20	-47.47	115.37
6291.85	-49.55	157.70
6315.59	-48.08	-108.77
6339.42	-48.29	127.45
6363.35	-50.28	45.69
6387.36	-51.45	-85.06
6411.46	-51.48	144.30
6435.66	-53.66	24.26
6459.94	-47.54	132.00
6484.32	-48.44	-88.58
6508.79	-46.44	91.41
6533.35	-51.87	-2.74
6558.00	-53.31	13.99
6582.75	-56.83	-157.79
6607.59	-51.12	-26.58
6632.53	-50.10	-115.83
6657.55	-46.48	164.63
6682.68	-45.58	60.61
6707.90	-53.54	-19.55
6733.21	-50.69	-84.17
6758.62	-50.94	124.80
6784.12	-54.07	41.94
6809.72	-52.47	22.12
6835.42	-47.58	-56.37
6861.21	-52.84	-152.50
6887.10	-53.68	-116.07
6913.09	-54.06	120.61
6939.18	-55.79	-176.31
6965.36	-55.66	-45.06
6991.65	-52.52	-166.49
7018.03	-61.18	138.38
7044.51	-64.42	-91.52
7071.10	-56.05	45.31
7097.78	-58.01	-116.04
7124.56	-57.06	-142.82
7151.45	-60.04	148.13
7178.44	-55.73	113.81
7205.52	-50.63	1.01
7232.71	-52.49	-136.39
7260.01	-51.38	-179.85
7287.40	-49.80	119.94
7314.90	-53.38	85.38
7342.51	-47.16	48.18
7370.21	-47.88	97.98
7398.03	-45.38	-21.96
7425.94	-46.16	-86.21
7453.97	-54.85	-129.55
7482.09	-49.52	-106.41
7510.33	-49.55	-179.05
7538.67	-56.00	79.36
7567.12	-60.51	171.41
7595.67	-58.46	27.65
7624.33	-60.11	-73.16
7653.10	-60.96	150.74
7681.98	-59.45	-120.03
7710.97	-60.99	-33.22
7740.07	-53.28	102.18
7769.28	-49.66	-28.60
7798.60	-48.79	179.74
7828.02	-47.39	105.60
7857.56	-46.37	37.40
7887.21	-50.04	-28.45
7916.98	-49.10	-44.73
7946.85	-46.58	-124.63
7976.84	-48.85	166.50
8006.94	-49.11	28.77
8037.16	-49.64	103.86
8067.49	-47.28	-115.14
8097.93	-50.44	92.31
8128.49	-50.66	-31.28
8159.16	-49.55	-153.38
8189.95	-60.71	-68.72
8220.86	-54.04	-116.97
8251.88	-48.26	159.54
8283.02	-55.36	-91.92
8314.27	-46.42	127.16
8345.65	-47.08	82.69
8377.14	-44.70	-0.06
8408.75	-47.91	-16.93
8440.48	-47.35	-55.24
8472.33	-49.34	-105.44
8504.30	-49.08	-106.64
8536.40	-42.43	-177.18
8568.61	-49.31	118.52
8600.94	-46.17	-57.12
8633.40	-52.62	117.75
8665.98	-55.09	7.35
8698.68	-49.30	143.75
8731.51	-50.05	28.30
8764.46	-53.63	-37.36
8797.53	-51.63	97.55
8830.73	-49.79	-118.75
8864.05	-48.52	25.39
8897.50	-42.26	-80.77
8931.07	-49.50	159.03
8964.78	-54.29	-113.90
8998.61	-50.56	175.09
9032.56	-48.26	107.23
9066.65	-48.51	68.86
9100.86	-49.29	-11.50
9135.20	-56.24	-7.80
9169.68	-47.70	-23.68
9204.28	-46.01	-137.01
9239.01	-47.94	53.34
9273.88	-55.31	77.99
9308.87	-51.78	-138.56
9344.00	-50.18	13.38
9379.26	-54.72	-64.95
9414.65	-49.77	-78.55
9450.18	-52.52	119.32
9485.84	-53.29	-30.62
9521.64	-54.06	158.64
9557.57	-53.28	-83.04
9593.64	-50.32	179.09
9629.84	-53.85	-82.55
9666.18	-55.42	133.54
9702.65	-55.03	62.10
9739.27	-55.80	-39.84
9776.02	-55.94	167.67
9812.91	-54.81	-21.64
9849.94	-57.03	67.84
9887.11	-53.08	119.20
9924.42	-51.26	-99.44
9961.87	-54.40	-89.86
9999.46	-50.72	56.56
10037.19	-49.58	13.20
10075.07	-52.64	-60.09
10113.09	-52.72	143.82
10151.25	-58.12	-29.73
10189.55	-50.76	-60.66
10228.01	-52.47	163.46
10266.60	-57.14	-109.27
10305.34	-54.83	-109.35
10344.23	-53.93	23.41
10383.27	-52.10	152.52
10422.45	-47.72	122.72
10461.78	-47.92	-48.16
10501.26	-49.37	110.59
10540.88	-48.79	5.54
10580.66	-47.20	-16.19
10620.59	-46.64	-77.63
10660.66	-45.16	-143.84
10700.89	-46.83	157.67
10741.27	-49.19	92.07
10781.81	-52.45	-119.12
10822.49	-56.79	45.12
10863.33	-49.99	40.12
10904.33	-51.11	-81.53
10945.47	-59.39	-55.31
10986.78	-54.80	-119.78
11028.24	-57.31	-164.51
11069.85	-52.71	169.74
11111.63	-50.13	72.55
11153.56	-51.69	-46.08
11195.64	-51.16	-165.48
11237.89	-52.49	74.48
11280.30	-51.22	-104.62
11322.87	-56.31	-52.77
11365.59	-55.89	-141.37
11408.48	-50.92	139.54
11451.53	-50.96	26.81
11494.75	-57.58	139.55
11538.12	-56.86	-120.02
11581.66	-62.07	100.64
11625.37	-61.68	111.46
11669.24	-58.38	-132.19
11713.27	-58.88	87.41
11757.47	-58.93	115.51
11801.84	-57.13	165.57
11846.37	-61.04	118.84
11891.08	-58.55	74.69
11935.95	-58.35	8.29
11980.99	-62.93	120.66
12026.20	-61.86	-159.48
12071.58	-62.44	-8.20
12117.14	-59.74	-20.09
12162.86	-55.83	108.34
12208.76	-56.35	-1.62
12254.83	-55.83	-78.63
12301.07	-51.84	155.20
12347.49	-55.82	-171.59
12394.08	-53.38	-70.99
12440.85	-61.59	-85.84
12487.80	-59.57	54.92
12534.92	-52.66	-46.86
12582.23	-54.37	170.11
12629.71	-58.73	112.17
12677.37	-61.12	-146.68
12725.20	-55.74	-101.62
12773.22	-51.70	17.84
12821.42	-55.44	-121.22
12869.81	-57.17	49.20
12918.37	-63.74	158.04
12967.12	-52.16	127.67
13016.05	-53.80	-8.71
13065.17	-55.26	-117.28
13114.47	-57.37	-62.73
13163.96	-56.00	-174.71
13213.64	-58.10	139.67
13263.50	-57.15	38.39
13313.55	-66.19	-176.68
13363.79	-59.97	17.63
13414.22	-63.60	142.29
13464.84	-58.95	-132.98
13515.65	-62.75	-11.28
13566.65	-60.38	-139.09
13617.84	-60.14	-148.56
13669.23	-57.44	-113.04
13720.81	-52.78	14.37
13772.59	-57.83	-60.08
13824.56	-56.55	-90.43
13876.73	-57.47	-151.30
13929.09	-55.30	135.32
13981.66	-57.30	61.50
14034.42	-55.90	-157.30
14087.38	-57.30	-131.44
14140.54	-56.68	124.05
14193.90	-55.89	96.83
14247.46	-52.11	70.13
14301.22	-50.26	-27.73
14355.19	-54.82	-115.89
14409.36	-56.48	164.51
14463.73	-61.02	-77.24
14518.31	-62.53	70.95
14573.10	-60.15	-57.30
14628.09	-59.94	-27.22
14683.29	-56.48	43.66
14738.70	-58.12	79.57
14794.32	-57.96	-139.07
14850.15	-61.27	-1.08
14906.18	-54.80	-103.12
14962.43	-58.17	-10.07
15018.90	-60.00	39.29
15075.57	-60.38	133.24
15132.46	-59.68	80.19
15189.56	-60.76	37.12
15246.88	-61.86	-2.20
15304.42	-63.10	-29.24
15362.17	-64.44	-80.71
15420.14	-65.63	71.63
15478.33	-63.33	174.82
15536.74	-64.86	76.05
15595.37	-68.06	168.93
15654.22	-67.48	12.02
15713.29	-63.32	-139.64
15772.58	-66.28	117.41
15832.10	-61.91	-10.09
15891.85	-62.09	-117.22
15951.81	-65.03	-111.00
16012.01	-64.29	-94.61
16072.43	-58.93	45.61
16133.08	-58.51	-125.55
16193.96	-62.73	86.16
16255.07	-63.28	176.65
16316.41	-62.33	-23.92
16377.98	-62.82	108.94
16439.79	-65.36	49.53
16501.82	-66.91	-161.58
16564.09	-65.67	120.43
16626.60	-63.02	53.17
16689.34	-71.15	133.54
16752.32	-68.79	142.07
16815.54	-61.77	20.25
16878.99	-68.16	43.01
16942.69	-68.16	75.05
17006.62	-68.51	-168.85
17070.79	-65.50	38.89
17135.21	-66.02	-37.68
17199.87	-62.25	109.76
17264.78	-70.87	-120.99
17329.93	-68.30	-134.47
17395.32	-65.78	115.38
17460.97	-67.85	159.00
17526.86	-61.40	127.41
17593.00	-68.55	-169.16
17659.38	-70.96	-152.99
17726.02	-67.93	43.10
17792.91	-65.34	-36.51
17860.06	-67.41	-139.86
17927.45	-70.15	98.91
17995.10	-77.38	63.86
18063.01	-77.90	174.15
18131.17	-68.95	-8.20
18199.59	-64.50	116.17
18268.27	-61.19	50.82
18337.21	-61.40	-111.08
18406.40	-68.66	-166.26
18475.86	-65.69	23.51
18545.58	-59.23	-87.37
18615.56	-57.81	122.64
18685.81	-62.58	-29.25
18756.32	-67.34	65.54
18827.10	-65.34	63.03
18898.15	-63.36	-122.80
18969.46	-61.03	-34.85
19041.04	-63.46	157.80
19112.90	-64.06	22.96
19185.02	-64.35	155.69
19257.42	-63.40	52.71
19330.09	-64.55	170.94
19403.03	-66.80	-138.16
19476.25	-63.42	81.25
19549.74	-67.18	-86.43
19623.51	-72.09	33.01
19697.56	-74.92	-159.12
19771.89	-66.77	120.82
19846.51	-66.17	24.17
19921.40	-63.76	-43.56
19996.57	-67.27	128.90
20072.03	-70.20	83.29
20147.78	-70.79	84.29
20223.80	-70.13	-4.22
20300.12	-68.27	-148.14
20376.72	-66.77	68.87
20453.62	-67.72	-32.77
20530.80	-66.56	-25.60
20608.28	-63.36	4.84
20686.04	-70.54	154.80
20764.10	-65.03	-173.91
20842.46	-69.96	38.97
20921.11	-67.57	121.84
21000.06	-65.68	-15.37
21079.30	-64.27	56.41
21158.85	-68.94	105.72
21238.69	-64.52	-64.77
21318.84	-62.02	128.17
21399.29	-61.20	43.41
21480.04	-61.07	-123.30
21561.09	-68.41	-52.11
21642.46	-65.61	54.58
21724.12	-74.92	21.06
21806.10	-66.57	-29.68
21888.39	-68.52	-32.45
21970.99	-71.67	63.73
22053.89	-73.27	-111.73
22137.12	-69.10	-36.73
22220.65	-65.98	29.98
22304.50	-72.35	-0.23
