Freq[Hz]	[dBV]	Phase[Deg]
10.00	-58.53	-176.86
10.04	-58.63	-176.29
10.08	-58.72	-175.71
10.11	-58.82	-175.14
10.15	-58.91	-174.56
10.19	-59.01	-173.97
10.23	-59.11	-173.39
10.27	-59.20	-172.80
10.31	-59.30	-172.21
10.34	-59.40	-171.62
10.38	-59.50	-171.03
10.42	-59.60	-170.43
10.46	-59.70	-169.84
10.50	-59.80	-169.25
10.54	-59.90	-168.66
10.58	-60.00	-168.06
10.62	-60.10	-167.47
10.66	-60.20	-166.88
10.70	-60.30	-166.29
10.74	-60.41	-165.71
10.78	-60.51	-165.12
10.82	-60.61	-164.54
10.86	-60.71	-163.97
10.90	-60.81	-163.39
10.95	-60.91	-162.82
10.99	-61.00	-162.26
11.03	-61.10	-161.70
11.07	-61.20	-161.14
11.11	-61.30	-160.59
11.15	-61.39	-160.05
11.20	-61.49	-159.51
11.24	-61.58	-158.99
11.28	-61.67	-158.47
11.32	-61.77	-157.95
11.37	-61.86	-157.45
11.41	-61.95	-156.96
11.45	-62.04	-156.47
11.50	-62.12	-156.00
11.54	-62.21	-155.54
11.58	-62.29	-155.09
11.63	-62.37	-154.65
11.67	-62.45	-154.23
11.71	-62.53	-153.82
11.76	-62.61	-153.42
11.80	-62.68	-153.04
11.85	-62.75	-152.67
11.89	-62.82	-152.31
11.94	-62.89	-151.97
11.98	-62.95	-151.65
12.03	-63.02	-151.34
12.07	-63.08	-151.05
12.12	-63.14	-150.77
12.16	-63.19	-150.50
12.21	-63.25	-150.26
12.26	-63.30	-150.02
12.30	-63.35	-149.81
12.35	-63.40	-149.61
12.39	-63.45	-149.43
12.44	-63.50	-149.26
12.49	-63.54	-149.11
12.54	-63.58	-148.98
12.58	-63.62	-148.86
12.63	-63.66	-148.76
12.68	-63.70	-148.68
12.73	-63.73	-148.62
12.77	-63.76	-148.57
12.82	-63.79	-148.54
12.87	-63.82	-148.53
12.92	-63.85	-148.54
12.97	-63.87	-148.57
13.02	-63.89	-148.61
13.07	-63.92	-148.67
13.12	-63.94	-148.76
13.16	-63.95	-148.86
13.21	-63.97	-148.98
13.26	-63.98	-149.12
13.31	-64.00	-149.28
13.36	-64.01	-149.46
13.41	-64.02	-149.66
13.47	-64.03	-149.88
13.52	-64.03	-150.12
13.57	-64.04	-150.38
13.62	-64.04	-150.66
13.67	-64.04	-150.96
13.72	-64.04	-151.29
13.77	-64.04	-151.63
13.83	-64.04	-152.00
13.88	-64.04	-152.39
13.93	-64.03	-152.80
13.98	-64.03	-153.23
14.04	-64.02	-153.68
14.09	-64.01	-154.16
14.14	-64.00	-154.66
14.19	-63.99	-155.19
14.25	-63.98	-155.73
14.30	-63.97	-156.30
14.36	-63.96	-156.89
14.41	-63.94	-157.51
14.46	-63.93	-158.15
14.52	-63.91	-158.82
14.57	-63.90	-159.51
14.63	-63.88	-160.22
14.68	-63.86	-160.96
14.74	-63.84	-161.72
14.80	-63.82	-162.51
14.85	-63.80	-163.32
14.91	-63.78	-164.15
14.96	-63.76	-165.01
15.02	-63.74	-165.88
15.08	-63.71	-166.77
15.13	-63.69	-167.68
15.19	-63.66	-168.61
15.25	-63.64	-169.56
15.31	-63.61	-170.52
15.36	-63.58	-171.49
15.42	-63.55	-172.48
15.48	-63.52	-173.48
15.54	-63.49	-174.49
15.60	-63.45	-175.52
15.66	-63.42	-176.55
15.71	-63.38	-177.59
15.77	-63.35	-178.63
15.83	-63.31	-179.68
15.89	-63.27	179.26
15.95	-63.23	178.20
16.01	-63.18	177.15
16.07	-63.14	176.09
16.13	-63.09	175.03
16.19	-63.04	173.97
16.26	-62.99	172.92
16.32	-62.94	171.88
16.38	-62.89	170.84
16.44	-62.83	169.81
16.50	-62.78	168.79
16.56	-62.72	167.78
16.63	-62.66	166.79
16.69	-62.59	165.81
16.75	-62.53	164.85
16.82	-62.46	163.91
16.88	-62.39	162.98
16.94	-62.32	162.08
17.01	-62.24	161.21
17.07	-62.17	160.36
17.14	-62.09	159.54
17.20	-62.00	158.75
17.27	-61.92	157.99
17.33	-61.83	157.26
17.40	-61.74	156.57
17.46	-61.65	155.92
17.53	-61.55	155.31
17.59	-61.45	154.75
17.66	-61.35	154.22
17.73	-61.24	153.74
17.79	-61.13	153.31
17.86	-61.02	152.91
17.93	-60.91	152.56
18.00	-60.79	152.25
18.06	-60.67	151.97
18.13	-60.55	151.74
18.20	-60.43	151.54
18.27	-60.30	151.37
18.34	-60.17	151.24
18.41	-60.04	151.15
18.48	-59.91	151.09
18.55	-59.77	151.06
18.62	-59.64	151.06
18.69	-59.50	151.09
18.76	-59.36	151.15
18.83	-59.22	151.23
18.90	-59.08	151.34
18.97	-58.94	151.48
19.04	-58.79	151.64
19.11	-58.65	151.81
19.19	-58.50	152.01
19.26	-58.36	152.23
19.33	-58.21	152.46
19.40	-58.07	152.71
19.48	-57.92	152.97
19.55	-57.78	153.25
19.62	-57.63	153.53
19.70	-57.48	153.82
19.77	-57.34	154.12
19.85	-57.19	154.43
19.92	-57.05	154.74
20.00	-56.91	155.05
20.07	-56.77	155.35
20.15	-56.63	155.66
20.22	-56.49	155.96
20.30	-56.36	156.25
20.38	-56.22	156.54
20.45	-56.09	156.81
20.53	-55.96	157.08
20.61	-55.83	157.32
20.69	-55.71	157.55
20.77	-55.59	157.77
20.84	-55.47	157.97
20.92	-55.35	158.16
21.00	-55.24	158.34
21.08	-55.13	158.50
21.16	-55.02	158.65
21.24	-54.91	158.78
21.32	-54.80	158.90
21.40	-54.70	159.01
21.48	-54.60	159.10
21.56	-54.50	159.19
21.64	-54.40	159.25
21.73	-54.30	159.31
21.81	-54.21	159.36
21.89	-54.11	159.39
21.97	-54.02	159.41
22.06	-53.93	159.42
22.14	-53.84	159.42
22.22	-53.76	159.41
22.31	-53.67	159.38
22.39	-53.59	159.35
22.47	-53.50	159.31
22.56	-53.42	159.26
22.64	-53.34	159.19
22.73	-53.25	159.12
22.82	-53.17	159.04
22.90	-53.09	158.95
22.99	-53.01	158.86
23.07	-52.93	158.75
23.16	-52.85	158.64
23.25	-52.78	158.52
23.34	-52.70	158.39
23.43	-52.62	158.26
23.51	-52.54	158.12
23.60	-52.46	157.97
23.69	-52.38	157.82
23.78	-52.30	157.66
23.87	-52.22	157.50
23.96	-52.14	157.33
24.05	-52.05	157.16
24.14	-51.97	156.97
24.23	-51.89	156.78
24.32	-51.81	156.59
24.42	-51.73	156.39
24.51	-51.64	156.18
24.60	-51.56	155.97
24.69	-51.47	155.75
24.79	-51.39	155.52
24.88	-51.30	155.29
24.97	-51.22	155.05
25.07	-51.13	154.81
25.16	-51.05	154.56
25.26	-50.96	154.30
25.35	-50.87	154.04
25.45	-50.78	153.76
25.54	-50.69	153.49
25.64	-50.60	153.20
25.74	-50.51	152.91
25.84	-50.42	152.62
25.93	-50.32	152.31
26.03	-50.23	152.00
26.13	-50.14	151.69
26.23	-50.04	151.36
26.33	-49.94	151.04
26.43	-49.85	150.70
26.53	-49.75	150.36
26.63	-49.65	150.01
26.73	-49.55	149.65
26.83	-49.45	149.29
26.93	-49.35	148.92
27.03	-49.24	148.54
27.13	-49.14	148.15
27.23	-49.03	147.76
27.34	-48.93	147.36
27.44	-48.82	146.95
27.54	-48.71	146.54
27.65	-48.60	146.12
27.75	-48.49	145.68
27.86	-48.38	145.25
27.96	-48.27	144.80
28.07	-48.16	144.34
28.17	-48.04	143.88
28.28	-47.93	143.40
28.39	-47.81	142.92
28.49	-47.70	142.43
28.60	-47.58	141.93
28.71	-47.46	141.42
28.82	-47.34	140.90
28.93	-47.22	140.37
29.03	-47.10	139.84
29.14	-46.98	139.29
29.25	-46.86	138.73
29.36	-46.73	138.16
29.48	-46.61	137.58
29.59	-46.48	136.99
29.70	-46.36	136.40
29.81	-46.23	135.78
29.92	-46.11	135.16
30.04	-45.98	134.53
30.15	-45.85	133.88
30.26	-45.72	133.22
30.38	-45.59	132.55
30.49	-45.47	131.87
30.61	-45.34	131.17
30.72	-45.21	130.46
30.84	-45.08	129.74
30.95	-44.95	129.00
31.07	-44.83	128.25
31.19	-44.70	127.48
31.31	-44.57	126.70
31.42	-44.45	125.90
31.54	-44.32	125.08
31.66	-44.20	124.25
31.78	-44.07	123.41
31.90	-43.95	122.54
32.02	-43.83	121.66
32.14	-43.71	120.76
32.26	-43.59	119.84
32.39	-43.47	118.91
32.51	-43.36	117.95
32.63	-43.24	116.98
32.75	-43.13	115.99
32.88	-43.02	114.97
33.00	-42.91	113.94
33.13	-42.81	112.90
33.25	-42.71	111.83
33.38	-42.61	110.74
33.50	-42.51	109.63
33.63	-42.42	108.51
33.76	-42.33	107.36
33.88	-42.25	106.20
34.01	-42.17	105.01
34.14	-42.09	103.81
34.27	-42.02	102.58
34.40	-41.95	101.34
34.53	-41.89	100.07
34.66	-41.83	98.79
34.79	-41.78	97.48
34.92	-41.73	96.15
35.05	-41.69	94.81
35.18	-41.66	93.44
35.32	-41.63	92.06
35.45	-41.61	90.65
35.58	-41.59	89.23
35.72	-41.58	87.79
35.85	-41.58	86.34
35.99	-41.58	84.88
36.12	-41.59	83.41
36.26	-41.60	81.93
36.40	-41.62	80.44
36.53	-41.65	78.95
36.67	-41.68	77.46
36.81	-41.72	75.97
36.95	-41.76	74.48
37.09	-41.81	73.00
37.23	-41.87	71.52
37.37	-41.93	70.05
37.51	-41.99	68.60
37.65	-42.06	67.16
37.79	-42.14	65.73
37.94	-42.22	64.32
38.08	-42.30	62.94
38.22	-42.39	61.57
38.37	-42.49	60.24
38.51	-42.59	58.92
38.66	-42.69	57.64
38.80	-42.80	56.37
38.95	-42.91	55.14
39.10	-43.03	53.93
39.24	-43.15	52.75
39.39	-43.27	51.60
39.54	-43.40	50.47
39.69	-43.53	49.38
39.84	-43.66	48.31
39.99	-43.80	47.27
40.14	-43.93	46.27
40.29	-44.07	45.29
40.45	-44.21	44.35
40.60	-44.36	43.44
40.75	-44.50	42.56
40.90	-44.65	41.72
41.06	-44.79	40.91
41.21	-44.94	40.14
41.37	-45.09	39.40
41.53	-45.24	38.69
41.68	-45.39	38.01
41.84	-45.54	37.37
42.00	-45.69	36.76
42.16	-45.85	36.18
42.32	-46.01	35.63
42.47	-46.17	35.11
42.63	-46.33	34.62
42.80	-46.49	34.16
42.96	-46.66	33.72
43.12	-46.84	33.32
43.28	-47.01	32.93
43.45	-47.19	32.58
43.61	-47.38	32.25
43.77	-47.57	31.94
43.94	-47.76	31.66
44.10	-47.96	31.40
44.27	-48.16	31.15
44.44	-48.37	30.93
44.61	-48.58	30.72
44.77	-48.80	30.53
44.94	-49.02	30.34
45.11	-49.24	30.16
45.28	-49.47	29.99
45.45	-49.70	29.82
45.63	-49.93	29.64
45.80	-50.16	29.47
45.97	-50.39	29.29
46.14	-50.63	29.10
46.32	-50.87	28.89
46.49	-51.10	28.67
46.67	-51.34	28.43
46.84	-51.57	28.17
47.02	-51.81	27.89
47.20	-52.04	27.59
47.38	-52.28	27.29
47.56	-52.52	27.01
47.74	-52.77	26.76
47.92	-53.02	26.55
48.10	-53.29	26.40
48.28	-53.57	26.33
48.46	-53.86	26.35
48.64	-54.17	26.48
48.83	-54.49	26.74
49.01	-54.84	27.14
49.20	-55.21	27.70
49.38	-55.60	28.45
49.57	-56.03	29.39
49.75	-56.48	30.55
49.94	-56.96	31.95
50.13	-57.47	33.58
50.32	-58.01	35.46
50.51	-58.55	37.57
50.70	-59.10	39.92
50.89	-59.64	42.49
51.08	-60.17	45.30
51.28	-60.68	48.32
51.47	-61.17	51.57
51.66	-61.61	55.04
51.86	-62.01	58.73
52.05	-62.35	62.62
52.25	-62.62	66.72
52.45	-62.82	71.03
52.65	-62.93	75.54
52.85	-62.95	80.25
53.04	-62.87	85.12
53.24	-62.70	90.14
53.45	-62.45	95.24
53.65	-62.12	100.39
53.85	-61.74	105.55
54.05	-61.29	110.67
54.26	-60.80	115.71
54.46	-60.27	120.61
54.67	-59.70	125.34
54.87	-59.12	129.84
55.08	-58.52	134.07
55.29	-57.92	137.97
55.50	-57.33	141.49
55.71	-56.75	144.58
55.92	-56.20	147.22
56.13	-55.67	149.41
56.34	-55.17	151.21
56.55	-54.68	152.64
56.77	-54.22	153.74
56.98	-53.77	154.54
57.19	-53.34	155.08
57.41	-52.93	155.40
57.63	-52.52	155.54
57.84	-52.14	155.54
58.06	-51.76	155.43
58.28	-51.39	155.25
58.50	-51.03	155.06
58.72	-50.67	154.89
58.94	-50.33	154.76
59.17	-49.98	154.66
59.39	-49.64	154.58
59.61	-49.31	154.53
59.84	-48.98	154.49
60.06	-48.65	154.46
60.29	-48.33	154.44
60.52	-48.01	154.40
60.75	-47.69	154.36
60.98	-47.38	154.30
61.21	-47.07	154.22
61.44	-46.77	154.10
61.67	-46.47	153.95
61.90	-46.17	153.76
62.14	-45.87	153.53
62.37	-45.57	153.26
62.61	-45.28	152.96
62.84	-44.99	152.64
63.08	-44.70	152.28
63.32	-44.42	151.91
63.56	-44.13	151.51
63.80	-43.85	151.09
64.04	-43.57	150.66
64.28	-43.29	150.22
64.52	-43.02	149.77
64.76	-42.74	149.32
65.01	-42.47	148.86
65.25	-42.20	148.38
65.50	-41.92	147.89
65.75	-41.65	147.39
66.00	-41.39	146.87
66.24	-41.12	146.33
66.49	-40.85	145.77
66.75	-40.59	145.18
67.00	-40.32	144.56
67.25	-40.06	143.92
67.50	-39.79	143.24
67.76	-39.53	142.52
68.01	-39.27	141.78
68.27	-39.01	140.99
68.53	-38.75	140.18
68.79	-38.48	139.33
69.05	-38.22	138.44
69.31	-37.96	137.52
69.57	-37.70	136.57
69.83	-37.44	135.58
70.09	-37.18	134.55
70.36	-36.93	133.50
70.62	-36.67	132.40
70.89	-36.41	131.27
71.16	-36.15	130.10
71.43	-35.89	128.89
71.70	-35.64	127.64
71.97	-35.39	126.34
72.24	-35.14	125.00
72.51	-34.89	123.61
72.79	-34.65	122.16
73.06	-34.41	120.67
73.34	-34.17	119.12
73.61	-33.94	117.51
73.89	-33.72	115.85
74.17	-33.50	114.14
74.45	-33.29	112.37
74.73	-33.08	110.55
75.01	-32.89	108.68
75.29	-32.70	106.77
75.58	-32.52	104.80
75.86	-32.35	102.78
76.15	-32.20	100.72
76.44	-32.06	98.62
76.73	-31.93	96.48
77.02	-31.81	94.30
77.31	-31.71	92.10
77.60	-31.61	89.88
77.89	-31.54	87.65
78.18	-31.47	85.41
78.48	-31.42	83.18
78.78	-31.38	80.95
79.07	-31.35	78.74
79.37	-31.34	76.56
79.67	-31.34	74.40
79.97	-31.35	72.27
80.27	-31.37	70.18
80.58	-31.41	68.13
80.88	-31.45	66.12
81.19	-31.50	64.16
81.49	-31.56	62.24
81.80	-31.63	60.38
82.11	-31.71	58.58
82.42	-31.79	56.84
82.73	-31.88	55.15
83.04	-31.98	53.53
83.35	-32.08	51.95
83.67	-32.18	50.44
83.99	-32.29	48.97
84.30	-32.39	47.56
84.62	-32.51	46.20
84.94	-32.62	44.88
85.26	-32.73	43.61
85.58	-32.85	42.38
85.90	-32.96	41.20
86.23	-33.08	40.06
86.55	-33.19	38.96
86.88	-33.30	37.91
87.21	-33.42	36.89
87.54	-33.53	35.91
87.87	-33.64	34.96
88.20	-33.75	34.06
88.53	-33.86	33.18
88.87	-33.96	32.35
89.20	-34.07	31.54
89.54	-34.17	30.76
89.88	-34.27	30.01
90.22	-34.38	29.29
90.56	-34.48	28.59
90.90	-34.58	27.92
91.24	-34.68	27.27
91.59	-34.77	26.64
91.93	-34.87	26.04
92.28	-34.97	25.45
92.63	-35.06	24.88
92.98	-35.16	24.32
93.33	-35.25	23.79
93.68	-35.34	23.26
94.03	-35.43	22.75
94.39	-35.52	22.25
94.74	-35.60	21.76
95.10	-35.69	21.29
95.46	-35.77	20.83
95.82	-35.85	20.38
96.18	-35.93	19.95
96.54	-36.01	19.53
96.91	-36.08	19.12
97.27	-36.16	18.73
97.64	-36.24	18.35
98.01	-36.31	17.98
98.38	-36.38	17.62
98.75	-36.46	17.27
99.12	-36.53	16.93
99.50	-36.60	16.60
99.87	-36.67	16.27
100.25	-36.74	15.95
100.63	-36.81	15.63
101.01	-36.88	15.32
101.39	-36.95	15.01
101.77	-37.01	14.70
102.16	-37.08	14.40
102.54	-37.14	14.09
102.93	-37.20	13.79
103.32	-37.26	13.48
103.71	-37.32	13.18
104.10	-37.37	12.89
104.49	-37.43	12.60
104.88	-37.49	12.33
105.28	-37.54	12.06
105.68	-37.60	11.81
106.08	-37.66	11.58
106.48	-37.71	11.35
106.88	-37.77	11.14
107.28	-37.83	10.92
107.69	-37.88	10.72
108.09	-37.94	10.51
108.50	-37.99	10.29
108.91	-38.04	10.07
109.32	-38.09	9.85
109.73	-38.13	9.63
110.15	-38.18	9.40
110.56	-38.22	9.18
110.98	-38.27	8.97
111.40	-38.31	8.77
111.82	-38.35	8.57
112.24	-38.40	8.39
112.67	-38.44	8.22
113.09	-38.48	8.05
113.52	-38.53	7.88
113.95	-38.57	7.72
114.38	-38.62	7.56
114.81	-38.66	7.40
115.24	-38.70	7.24
115.68	-38.75	7.08
116.11	-38.79	6.92
116.55	-38.83	6.76
116.99	-38.87	6.60
117.43	-38.92	6.44
117.87	-38.96	6.29
118.32	-39.00	6.13
118.77	-39.04	5.98
119.21	-39.08	5.83
119.66	-39.11	5.69
120.12	-39.15	5.55
120.57	-39.18	5.42
121.02	-39.22	5.29
121.48	-39.25	5.16
121.94	-39.28	5.04
122.40	-39.32	4.92
122.86	-39.35	4.79
123.32	-39.39	4.67
123.79	-39.42	4.55
124.26	-39.46	4.42
124.73	-39.50	4.30
125.20	-39.54	4.18
125.67	-39.58	4.06
126.14	-39.61	3.96
126.62	-39.64	3.85
127.10	-39.67	3.76
127.58	-39.70	3.66
128.06	-39.73	3.56
128.54	-39.76	3.46
129.03	-39.79	3.35
129.51	-39.82	3.24
130.00	-39.85	3.12
130.49	-39.88	3.00
130.98	-39.91	2.87
131.48	-39.95	2.74
131.98	-39.98	2.62
132.47	-40.01	2.49
132.97	-40.03	2.37
133.48	-40.06	2.25
133.98	-40.09	2.14
134.48	-40.11	2.03
134.99	-40.14	1.93
135.50	-40.16	1.83
136.01	-40.19	1.73
136.53	-40.21	1.64
137.04	-40.23	1.54
137.56	-40.26	1.44
138.08	-40.28	1.33
138.60	-40.30	1.22
139.12	-40.33	1.11
139.65	-40.35	0.99
140.17	-40.37	0.88
140.70	-40.39	0.77
141.23	-40.41	0.67
141.77	-40.43	0.57
142.30	-40.45	0.49
142.84	-40.47	0.41
143.38	-40.49	0.35
143.92	-40.51	0.30
144.46	-40.53	0.25
145.01	-40.56	0.21
145.55	-40.58	0.16
146.10	-40.60	0.10
146.65	-40.63	0.02
147.21	-40.65	-0.09
147.76	-40.67	-0.21
148.32	-40.69	-0.34
148.88	-40.71	-0.47
149.44	-40.73	-0.58
150.01	-40.74	-0.67
150.57	-40.76	-0.74
151.14	-40.78	-0.81
151.71	-40.80	-0.87
152.28	-40.81	-0.94
152.86	-40.83	-1.01
153.43	-40.85	-1.10
154.01	-40.88	-1.18
154.59	-40.90	-1.27
155.18	-40.91	-1.35
155.76	-40.93	-1.42
156.35	-40.95	-1.49
156.94	-40.96	-1.55
157.53	-40.98	-1.60
158.13	-40.99	-1.65
158.72	-41.01	-1.69
159.32	-41.02	-1.73
159.93	-41.04	-1.78
160.53	-41.06	-1.84
161.13	-41.08	-1.91
161.74	-41.09	-2.00
162.35	-41.11	-2.10
162.97	-41.12	-2.21
163.58	-41.13	-2.31
164.20	-41.14	-2.40
164.82	-41.16	-2.46
165.44	-41.17	-2.52
166.06	-41.18	-2.57
166.69	-41.20	-2.62
167.32	-41.21	-2.69
167.95	-41.23	-2.77
168.58	-41.25	-2.86
169.22	-41.27	-2.95
169.86	-41.28	-3.03
170.50	-41.28	-3.10
171.14	-41.28	-3.16
171.79	-41.28	-3.21
172.44	-41.29	-3.25
173.09	-41.30	-3.29
173.74	-41.32	-3.33
174.40	-41.35	-3.37
175.06	-41.37	-3.43
175.72	-41.39	-3.49
176.38	-41.40	-3.58
177.04	-41.41	-3.67
177.71	-41.41	-3.77
178.38	-41.42	-3.85
179.06	-41.44	-3.91
179.73	-41.46	-3.96
180.41	-41.48	-3.99
181.09	-41.51	-4.04
181.77	-41.53	-4.11
182.46	-41.54	-4.22
183.15	-41.55	-4.34
183.84	-41.56	-4.46
184.53	-41.56	-4.55
185.23	-41.57	-4.61
185.93	-41.58	-4.65
186.63	-41.59	-4.69
187.33	-41.61	-4.75
188.04	-41.63	-4.85
188.75	-41.65	-4.99
189.46	-41.66	-5.12
190.18	-41.68	-5.23
190.90	-41.68	-5.27
191.62	-41.69	-5.27
192.34	-41.69	-5.25
193.07	-41.70	-5.26
193.79	-41.72	-5.35
194.53	-41.75	-5.50
195.26	-41.78	-5.66
196.00	-41.80	-5.80
196.74	-41.80	-5.87
197.48	-41.79	-5.88
198.22	-41.78	-5.86
198.97	-41.78	-5.87
199.72	-41.79	-5.93
200.48	-41.82	-6.05
201.23	-41.86	-6.18
201.99	-41.88	-6.29
202.75	-41.87	-6.34
203.52	-41.85	-6.34
204.29	-41.83	-6.33
205.06	-41.83	-6.34
205.83	-41.85	-6.39
206.61	-41.89	-6.48
207.39	-41.92	-6.58
208.17	-41.94	-6.67
208.96	-41.93	-6.73
209.74	-41.90	-6.77
210.54	-41.89	-6.79
211.33	-41.89	-6.81
212.13	-41.93	-6.83
212.93	-41.96	-6.87
213.73	-41.99	-6.92
214.54	-41.99	-7.00
215.35	-41.96	-7.09
216.16	-41.94	-7.16
216.98	-41.94	-7.19
217.80	-41.97	-7.16
218.62	-42.01	-7.11
219.44	-42.04	-7.08
220.27	-42.04	-7.12
221.10	-42.01	-7.20
221.94	-41.99	-7.29
222.77	-41.98	-7.33
223.61	-42.01	-7.29
224.46	-42.05	-7.23
225.30	-42.08	-7.19
226.15	-42.08	-7.24
227.01	-42.05	-7.34
227.86	-42.02	-7.46
228.72	-42.01	-7.53
229.59	-42.04	-7.53
230.45	-42.08	-7.52
231.32	-42.11	-7.56
232.20	-42.11	-7.71
233.07	-42.10	-7.91
233.95	-42.08	-8.08
234.84	-42.08	-8.13
235.72	-42.10	-8.07
236.61	-42.12	-8.00
237.50	-42.12	-8.02
238.40	-42.11	-8.17
239.30	-42.08	-8.37
240.20	-42.07	-8.52
241.11	-42.07	-8.53
242.02	-42.09	-8.48
242.93	-42.11	-8.45
243.85	-42.10	-8.53
244.77	-42.09	-8.70
245.69	-42.07	-8.88
246.62	-42.07	-8.99
247.55	-42.08	-9.01
248.48	-42.09	-9.02
249.42	-42.09	-9.06
250.36	-42.08	-9.17
251.31	-42.07	-9.28
252.26	-42.07	-9.36
253.21	-42.08	-9.39
254.16	-42.09	-9.40
255.12	-42.10	-9.43
256.09	-42.10	-9.52
257.05	-42.09	-9.62
258.02	-42.09	-9.72
259.00	-42.09	-9.79
259.97	-42.10	-9.87
260.95	-42.11	-9.98
261.94	-42.11	-10.13
262.93	-42.11	-10.29
263.92	-42.11	-10.42
264.92	-42.11	-10.51
265.92	-42.11	-10.58
266.92	-42.11	-10.67
267.93	-42.10	-10.79
268.94	-42.10	-10.91
269.95	-42.10	-11.02
270.97	-42.10	-11.10
271.99	-42.11	-11.18
273.02	-42.11	-11.29
274.05	-42.11	-11.42
275.08	-42.11	-11.53
276.12	-42.11	-11.59
277.16	-42.11	-11.62
278.21	-42.11	-11.68
279.26	-42.11	-11.80
280.31	-42.12	-11.97
281.37	-42.12	-12.12
282.43	-42.12	-12.21
283.50	-42.12	-12.29
284.57	-42.12	-12.40
285.64	-42.13	-12.54
286.72	-42.14	-12.67
287.80	-42.14	-12.75
288.89	-42.14	-12.80
289.98	-42.13	-12.90
291.07	-42.14	-13.09
292.17	-42.16	-13.31
293.27	-42.16	-13.44
294.38	-42.16	-13.43
295.49	-42.16	-13.40
296.61	-42.16	-13.45
297.73	-42.17	-13.58
298.85	-42.17	-13.73
299.98	-42.17	-13.85
301.11	-42.16	-13.96
302.25	-42.16	-14.09
303.39	-42.17	-14.25
304.53	-42.17	-14.40
305.68	-42.16	-14.53
306.83	-42.15	-14.65
307.99	-42.14	-14.77
309.15	-42.14	-14.93
310.32	-42.15	-15.13
311.49	-42.15	-15.37
312.67	-42.14	-15.61
313.85	-42.14	-15.80
315.03	-42.14	-15.93
316.22	-42.14	-16.11
317.41	-42.14	-16.41
318.61	-42.14	-16.78
319.81	-42.14	-17.11
321.02	-42.16	-17.38
322.23	-42.19	-17.67
323.45	-42.25	-18.03
324.67	-42.33	-18.39
325.89	-42.41	-18.62
327.12	-42.49	-18.69
328.36	-42.54	-18.64
329.60	-42.57	-18.51
330.84	-42.59	-18.33
332.09	-42.60	-18.12
333.34	-42.60	-17.94
334.60	-42.59	-17.90
335.86	-42.57	-17.97
337.13	-42.55	-18.04
338.40	-42.55	-18.05
339.68	-42.56	-18.07
340.96	-42.59	-18.16
342.25	-42.62	-18.29
343.54	-42.64	-18.34
344.83	-42.64	-18.31
346.14	-42.64	-18.25
347.44	-42.66	-18.22
348.75	-42.66	-18.27
350.07	-42.64	-18.42
351.39	-42.63	-18.57
352.72	-42.65	-18.62
354.05	-42.69	-18.62
355.38	-42.68	-18.70
356.72	-42.65	-18.84
358.07	-42.65	-18.93
359.42	-42.67	-18.95
360.78	-42.69	-18.97
362.14	-42.70	-19.02
363.51	-42.70	-19.12
364.88	-42.71	-19.27
366.25	-42.72	-19.42
367.64	-42.73	-19.58
369.02	-42.73	-19.77
370.42	-42.75	-20.00
371.81	-42.77	-20.15
373.22	-42.81	-20.09
374.63	-42.83	-20.00
376.04	-42.83	-20.12
377.46	-42.82	-20.39
378.88	-42.83	-20.54
380.31	-42.86	-20.56
381.75	-42.89	-20.53
383.19	-42.94	-20.55
384.63	-42.99	-20.65
386.09	-43.05	-20.75
387.54	-43.06	-20.60
389.00	-43.05	-20.27
390.47	-43.05	-20.09
391.95	-43.07	-20.06
393.43	-43.10	-19.94
394.91	-43.13	-19.76
396.40	-43.13	-19.76
397.90	-43.09	-19.89
399.40	-43.07	-19.89
400.90	-43.06	-19.76
402.42	-43.04	-19.71
403.94	-43.01	-19.74
405.46	-43.02	-19.74
406.99	-43.03	-19.72
408.53	-43.01	-19.72
410.07	-42.97	-19.73
411.61	-42.96	-19.77
413.17	-42.96	-19.88
414.73	-42.96	-20.06
416.29	-42.95	-20.17
417.86	-42.94	-20.11
419.44	-42.92	-20.12
421.02	-42.91	-20.29
422.61	-42.89	-20.41
424.21	-42.88	-20.41
425.81	-42.87	-20.39
427.41	-42.85	-20.42
429.03	-42.84	-20.54
430.65	-42.84	-20.74
432.27	-42.85	-20.97
433.90	-42.85	-21.26
435.54	-42.84	-21.59
437.18	-42.83	-21.75
438.83	-42.84	-21.80
440.49	-42.86	-22.10
442.15	-42.89	-22.57
443.82	-42.92	-22.87
445.49	-42.96	-23.01
447.18	-42.99	-23.13
448.86	-43.01	-23.29
450.56	-43.01	-23.48
452.26	-43.03	-23.61
453.96	-43.08	-23.63
455.68	-43.11	-23.56
457.40	-43.14	-23.62
459.12	-43.17	-23.90
460.85	-43.19	-24.16
462.59	-43.22	-24.25
464.34	-43.25	-24.23
466.09	-43.30	-24.12
467.85	-43.35	-24.02
469.62	-43.40	-24.04
471.39	-43.43	-24.10
473.17	-43.48	-23.94
474.95	-43.53	-23.74
476.74	-43.57	-23.66
478.54	-43.62	-23.51
480.35	-43.68	-23.30
482.16	-43.75	-23.14
483.98	-43.80	-22.64
485.81	-43.84	-21.79
487.64	-43.85	-21.37
489.48	-43.88	-21.11
491.33	-43.91	-20.43
493.18	-43.89	-19.82
495.04	-43.83	-19.46
496.91	-43.82	-19.14
498.79	-43.81	-18.78
500.67	-43.77	-18.47
502.56	-43.74	-18.36
504.45	-43.86	-18.29
506.36	-44.01	-18.15
508.27	-43.82	-18.21
510.19	-45.19	-18.33
512.11	-47.57	-12.58
514.04	-43.79	12.36
515.98	-38.43	24.03
517.93	-38.63	-3.74
519.89	-39.87	-20.18
521.85	-40.32	-19.49
523.82	-40.65	-21.65
525.79	-40.93	-23.69
527.78	-41.15	-24.30
529.77	-41.32	-24.82
531.77	-41.45	-25.61
533.78	-41.56	-26.24
535.79	-41.66	-26.45
537.81	-41.75	-26.90
539.84	-41.83	-27.31
541.88	-41.92	-27.42
543.92	-41.98	-27.64
545.98	-42.06	-28.06
548.04	-42.13	-28.47
550.10	-42.18	-28.55
552.18	-42.22	-28.36
554.26	-42.25	-28.52
556.35	-42.29	-29.22
558.45	-42.40	-29.38
560.56	-42.44	-29.34
562.68	-42.44	-29.55
564.80	-42.52	-29.85
566.93	-42.59	-29.87
569.07	-42.61	-29.80
571.22	-42.64	-30.06
573.37	-42.69	-30.54
575.54	-42.78	-30.37
577.71	-42.87	-29.96
579.89	-42.91	-30.13
582.08	-43.00	-30.37
584.27	-43.07	-30.33
586.48	-43.13	-30.23
588.69	-43.20	-30.33
590.91	-43.24	-30.30
593.14	-43.31	-30.09
595.38	-43.41	-30.18
597.63	-43.52	-30.60
599.88	-43.59	-30.51
602.15	-43.77	-30.69
604.42	-44.05	-31.11
606.70	-44.37	-31.15
608.99	-44.80	-30.75
611.29	-45.38	-30.38
613.59	-46.30	-28.55
615.91	-47.76	-26.95
618.23	-50.20	-13.38
620.57	-51.89	34.91
622.91	-44.13	71.28
625.26	-35.12	49.98
627.62	-33.19	2.30
629.99	-35.62	-17.05
632.36	-37.02	-24.33
634.75	-37.88	-27.85
637.15	-38.56	-29.77
639.55	-39.00	-30.93
641.96	-39.32	-31.94
644.39	-39.58	-32.85
646.82	-39.81	-33.06
649.26	-39.96	-34.05
651.71	-40.09	-34.49
654.17	-40.22	-34.59
656.64	-40.31	-35.41
659.11	-40.40	-35.65
661.60	-40.46	-36.30
664.10	-40.59	-36.56
666.60	-40.67	-36.85
669.12	-40.74	-37.33
671.64	-40.81	-37.51
674.18	-40.85	-37.45
676.72	-40.91	-37.66
679.28	-40.93	-38.06
681.84	-41.00	-37.99
684.41	-41.03	-38.12
687.00	-41.04	-38.46
689.59	-41.07	-38.79
692.19	-41.10	-39.07
694.80	-41.13	-39.25
697.42	-41.14	-39.57
700.06	-41.19	-39.69
702.70	-41.19	-39.91
705.35	-41.23	-40.46
708.01	-41.25	-40.70
710.68	-41.24	-41.10
713.36	-41.24	-41.42
716.06	-41.29	-41.48
718.76	-41.33	-41.82
721.47	-41.33	-42.02
724.19	-41.36	-41.96
726.93	-41.41	-42.47
729.67	-41.44	-42.85
732.42	-41.42	-42.97
735.19	-41.47	-43.17
737.96	-41.50	-43.43
740.75	-41.50	-43.94
743.54	-41.56	-44.40
746.35	-41.61	-44.52
749.16	-41.62	-44.94
751.99	-41.67	-44.91
754.83	-41.71	-45.11
757.68	-41.74	-45.50
760.54	-41.78	-45.55
763.41	-41.82	-45.79
766.29	-41.87	-45.92
769.18	-41.92	-46.20
772.08	-41.97	-46.78
774.99	-42.08	-47.03
777.92	-42.30	-47.36
780.85	-42.52	-47.05
783.80	-42.66	-47.11
786.76	-42.96	-47.01
789.73	-43.34	-46.65
792.71	-43.86	-45.75
795.70	-44.87	-41.63
798.70	-46.23	-27.76
801.71	-43.50	8.24
804.74	-37.37	-12.53
807.78	-37.88	-34.80
810.83	-38.78	-41.95
813.88	-39.38	-44.84
816.96	-39.74	-46.46
820.04	-39.97	-47.60
823.13	-40.14	-48.24
826.24	-40.28	-48.95
829.36	-40.39	-49.56
832.49	-40.43	-49.81
835.63	-40.53	-50.09
838.78	-40.60	-50.59
841.95	-40.61	-51.14
845.12	-40.64	-51.71
848.31	-40.72	-52.59
851.51	-40.66	-53.23
854.73	-40.75	-53.60
857.95	-40.77	-54.40
861.19	-40.83	-54.35
864.44	-40.82	-55.20
867.70	-40.90	-55.32
870.98	-40.92	-55.77
874.26	-40.97	-56.41
877.56	-41.05	-56.78
880.87	-41.10	-57.00
884.20	-41.16	-57.46
887.53	-41.16	-57.94
890.88	-41.16	-57.92
894.25	-41.20	-58.38
897.62	-41.27	-58.51
901.01	-41.34	-59.21
904.41	-41.31	-59.23
907.82	-41.31	-59.74
911.25	-41.34	-59.87
914.68	-41.33	-60.01
918.14	-41.37	-60.49
921.60	-41.37	-61.07
925.08	-41.42	-61.30
928.57	-41.44	-62.03
932.07	-41.49	-62.12
935.59	-41.58	-62.54
939.12	-41.64	-62.98
942.67	-41.59	-63.39
946.22	-41.62	-63.47
949.79	-41.62	-63.84
953.38	-41.69	-63.88
956.97	-41.76	-64.81
960.59	-41.80	-65.05
964.21	-41.82	-65.41
967.85	-41.88	-65.52
971.50	-41.97	-65.80
975.17	-42.04	-66.37
978.85	-42.05	-66.67
982.54	-42.16	-66.55
986.25	-42.25	-66.88
989.97	-42.33	-67.59
993.71	-42.38	-67.38
997.46	-42.43	-67.65
1001.22	-42.59	-67.34
1005.00	-42.71	-67.69
1008.79	-42.90	-67.12
1012.60	-43.15	-66.34
1016.42	-43.60	-64.67
1020.25	-43.85	-52.88
1024.10	-39.89	-49.06
1027.97	-40.09	-64.37
1031.85	-41.02	-69.26
1035.74	-41.60	-70.72
1039.65	-41.73	-70.95
1043.57	-41.98	-71.24
1047.51	-42.01	-71.34
1051.46	-42.19	-71.55
1055.43	-42.29	-71.78
1059.41	-42.32	-72.04
1063.41	-42.42	-71.96
1067.43	-42.52	-72.42
1071.45	-42.60	-72.71
1075.50	-42.66	-73.08
1079.55	-42.74	-72.92
1083.63	-42.86	-73.24
1087.72	-43.00	-73.42
1091.82	-43.11	-73.52
1095.94	-43.24	-73.14
1100.08	-43.39	-73.14
1104.23	-43.54	-72.38
1108.40	-43.71	-71.83
1112.58	-43.78	-71.18
1116.78	-43.82	-69.86
1120.99	-43.85	-68.58
1125.22	-43.90	-66.87
1129.47	-43.83	-65.29
1133.73	-43.73	-63.14
1138.01	-43.52	-62.15
1142.30	-43.28	-60.68
1146.61	-42.92	-59.29
1150.94	-42.61	-58.79
1155.28	-42.24	-58.83
1159.64	-41.89	-59.39
1164.02	-41.51	-60.32
1168.41	-41.20	-61.42
1172.82	-40.89	-63.14
1177.25	-40.64	-65.15
1181.69	-40.47	-67.28
1186.15	-40.33	-69.70
1190.62	-40.24	-71.99
1195.12	-40.21	-74.85
1199.63	-40.35	-77.74
1204.15	-40.97	-79.08
1208.70	-40.89	-73.47
1213.26	-40.26	-76.57
1217.84	-40.13	-80.08
1222.43	-40.14	-82.76
1227.04	-40.26	-86.13
1231.67	-40.40	-88.09
1236.32	-40.58	-89.99
1240.99	-40.82	-91.61
1245.67	-41.02	-92.93
1250.37	-41.31	-94.67
1255.09	-41.47	-95.30
1259.83	-41.72	-96.14
1264.58	-41.98	-96.95
1269.35	-42.18	-97.50
1274.14	-42.34	-98.15
1278.95	-42.45	-98.48
1283.78	-42.67	-99.02
1288.62	-42.92	-99.83
1293.48	-43.13	-100.24
1298.36	-43.27	-100.51
1303.26	-43.62	-100.63
1308.18	-43.91	-100.71
1313.12	-44.18	-100.50
1318.07	-44.49	-99.63
1323.05	-44.89	-98.13
1328.04	-45.22	-94.58
1333.05	-44.59	-88.52
1338.08	-43.26	-92.27
1343.13	-43.59	-98.44
1348.20	-43.89	-99.77
1353.29	-44.08	-100.89
1358.39	-44.39	-101.87
1363.52	-44.66	-102.27
1368.67	-44.90	-102.63
1373.83	-45.16	-103.06
1379.01	-45.46	-102.90
1384.22	-45.79	-102.59
1389.44	-46.08	-102.43
1394.68	-46.26	-101.96
1399.95	-46.52	-100.81
1405.23	-46.81	-99.99
1410.53	-47.06	-98.70
1415.86	-47.23	-97.84
1421.20	-47.39	-97.20
1426.56	-47.57	-96.05
1431.94	-47.82	-94.40
1437.35	-48.12	-92.64
1442.77	-48.34	-90.41
1448.22	-48.50	-87.92
1453.68	-48.61	-85.63
1459.17	-48.62	-83.46
1464.67	-48.69	-80.28
1470.20	-48.58	-77.66
1475.75	-48.55	-75.21
1481.32	-48.49	-72.63
1486.91	-48.36	-69.37
1492.52	-48.22	-65.86
1498.15	-48.02	-61.58
1503.80	-47.58	-56.92
1509.48	-46.71	-51.20
1515.17	-44.85	-47.65
1520.89	-42.66	-57.42
1526.63	-42.78	-70.38
1532.39	-43.83	-74.98
1538.17	-44.72	-74.78
1543.98	-45.15	-72.42
1549.81	-45.32	-69.97
1555.65	-45.33	-67.21
1561.52	-45.19	-63.93
1567.42	-44.81	-59.36
1573.33	-43.21	-56.57
1579.27	-41.83	-64.94
1585.23	-42.06	-72.90
1591.21	-42.59	-75.65
1597.21	-43.00	-76.52
1603.24	-43.27	-76.13
1609.29	-43.44	-75.08
1615.36	-43.62	-74.00
1621.46	-43.67	-72.02
1627.58	-43.56	-67.21
1633.72	-42.50	-62.50
1639.89	-41.03	-67.68
1646.07	-41.02	-75.68
1652.29	-41.50	-79.45
1658.52	-41.80	-80.21
1664.78	-41.92	-80.46
1671.06	-41.92	-80.62
1677.37	-41.91	-80.24
1683.70	-41.89	-80.47
1690.05	-41.77	-80.43
1696.43	-41.66	-80.58
1702.83	-41.55	-80.76
1709.26	-41.31	-79.76
1715.70	-40.73	-82.54
1722.18	-40.92	-85.54
1728.68	-40.95	-86.53
1735.20	-40.95	-87.40
1741.75	-40.91	-88.01
1748.32	-40.89	-88.92
1754.92	-40.82	-90.13
1761.54	-40.84	-90.77
1768.19	-40.80	-91.82
1774.86	-40.76	-92.60
1781.56	-40.78	-93.66
1788.28	-40.74	-94.30
1795.03	-40.73	-95.01
1801.80	-40.64	-95.68
1808.60	-40.60	-96.87
1815.43	-40.59	-98.22
1822.28	-40.61	-99.34
1829.15	-40.67	-100.36
1836.06	-40.73	-101.05
1842.99	-40.80	-101.82
1849.94	-40.73	-101.81
1856.92	-40.75	-103.17
1863.93	-40.81	-104.01
1870.96	-40.87	-104.51
1878.02	-40.93	-105.10
1885.11	-40.97	-105.45
1892.22	-41.01	-105.60
1899.36	-41.06	-105.32
1906.53	-40.98	-104.75
1913.72	-40.78	-105.17
1920.95	-40.70	-105.80
1928.19	-40.44	-107.72
1935.47	-40.62	-108.71
1942.77	-40.65	-109.18
1950.11	-40.58	-109.92
1957.46	-40.57	-110.54
1964.85	-40.57	-111.58
1972.27	-40.59	-112.09
1979.71	-40.53	-112.76
1987.18	-40.53	-114.08
1994.68	-40.56	-115.01
2002.20	-40.63	-115.21
2009.76	-40.54	-115.53
2017.34	-40.55	-116.35
2024.96	-40.56	-117.26
2032.60	-40.57	-117.84
2040.27	-40.59	-118.38
2047.97	-40.65	-118.53
2055.70	-40.56	-117.43
2063.45	-39.95	-119.73
2071.24	-40.21	-122.82
2079.06	-40.36	-123.34
2086.90	-40.39	-124.14
2094.78	-40.52	-125.03
2102.68	-40.54	-123.86
2110.62	-40.27	-125.51
2118.58	-40.31	-127.79
2126.57	-40.46	-128.79
2134.60	-40.56	-129.37
2142.65	-40.70	-129.78
2150.74	-40.72	-129.76
2158.86	-40.69	-130.24
2167.00	-40.64	-130.80
2175.18	-40.66	-131.58
2183.39	-40.70	-132.38
2191.63	-40.74	-132.92
2199.90	-40.75	-133.38
2208.20	-40.73	-133.73
2216.53	-40.72	-134.39
2224.90	-40.74	-134.65
2233.29	-40.55	-135.33
2241.72	-40.55	-137.28
2250.18	-40.63	-138.62
2258.67	-40.72	-139.39
2267.19	-40.81	-140.00
2275.75	-40.91	-140.24
2284.34	-40.91	-140.37
2292.96	-40.87	-140.78
2301.61	-40.86	-141.54
2310.29	-40.87	-141.94
2319.01	-40.92	-142.01
2327.76	-40.72	-142.45
2336.55	-40.67	-144.07
2345.36	-40.71	-145.20
2354.21	-40.72	-146.45
2363.10	-40.76	-147.65
2372.02	-40.84	-148.36
2380.97	-40.86	-149.17
2389.95	-40.86	-150.22
2398.97	-40.92	-151.08
2408.02	-40.97	-151.93
2417.11	-41.06	-152.77
2426.23	-41.14	-153.33
2435.39	-41.17	-153.84
2444.58	-41.21	-154.63
2453.80	-41.27	-155.43
2463.06	-41.33	-155.96
2472.35	-41.36	-156.64
2481.68	-41.45	-157.25
2491.05	-41.51	-157.66
2500.45	-41.56	-158.13
2509.88	-41.60	-158.31
2519.36	-41.59	-158.95
2528.86	-41.65	-159.28
2538.41	-41.63	-159.88
2547.98	-41.65	-160.53
2557.60	-41.64	-161.09
2567.25	-41.68	-161.85
2576.94	-41.70	-162.56
2586.66	-41.72	-163.34
2596.42	-41.76	-164.09
2606.22	-41.85	-164.76
2616.06	-41.80	-165.55
2625.93	-41.97	-166.28
2635.84	-42.03	-166.33
2645.78	-42.06	-166.98
2655.77	-42.10	-167.35
2665.79	-42.12	-167.58
2675.85	-42.20	-168.13
2685.95	-42.22	-168.46
2696.08	-42.22	-168.76
2706.26	-42.21	-169.16
2716.47	-42.26	-169.72
2726.72	-42.21	-170.38
2737.01	-42.27	-171.07
2747.34	-42.30	-171.44
2757.70	-42.34	-171.86
2768.11	-42.37	-172.26
2778.56	-42.39	-172.70
2789.04	-42.40	-172.85
2799.57	-42.35	-173.34
2810.13	-42.35	-173.94
2820.73	-42.33	-174.79
2831.38	-42.37	-175.24
2842.06	-42.41	-175.89
2852.79	-42.42	-176.40
2863.55	-42.42	-176.98
2874.36	-42.45	-177.19
2885.21	-42.45	-177.82
2896.09	-42.48	-178.72
2907.02	-42.49	-178.84
2917.99	-42.53	-179.11
2929.00	-42.52	-179.49
2940.06	-42.51	-179.63
2951.15	-42.44	179.79
2962.29	-42.44	178.93
2973.47	-42.44	178.33
2984.69	-42.45	177.96
2995.95	-42.41	177.29
3007.25	-42.40	176.32
3018.60	-42.41	175.61
3029.99	-42.44	175.30
3041.43	-42.41	174.81
3052.90	-42.43	174.18
3064.42	-42.41	173.43
3075.99	-42.42	172.79
3087.60	-42.45	172.36
3099.25	-42.46	171.73
3110.94	-42.43	171.37
3122.68	-42.41	170.69
3134.47	-42.42	170.12
3146.29	-42.41	169.54
3158.17	-42.39	168.83
3170.08	-42.40	168.08
3182.05	-42.45	167.51
3194.05	-42.43	166.90
3206.11	-42.39	166.48
3218.21	-42.38	165.71
3230.35	-42.46	165.17
3242.54	-42.47	164.82
3254.77	-42.44	164.68
3267.06	-42.38	164.17
3279.39	-42.34	163.49
3291.76	-42.31	162.91
3304.18	-42.30	162.16
3316.65	-42.28	161.58
3329.17	-42.24	160.84
3341.73	-42.24	159.81
3354.34	-42.30	159.17
3367.00	-42.33	159.15
3379.70	-42.25	158.82
3392.46	-42.19	158.19
3405.26	-42.20	157.44
3418.11	-42.17	157.42
3431.01	-42.06	156.67
3443.95	-41.99	156.37
3456.95	-41.87	155.61
3469.99	-41.82	154.21
3483.09	-41.84	153.82
3496.23	-41.72	153.36
3509.43	-41.62	152.15
3522.67	-41.56	151.22
3535.96	-41.53	149.89
3549.31	-41.51	149.02
3562.70	-41.47	148.31
3576.14	-41.45	147.52
3589.64	-41.31	146.44
3603.18	-41.34	144.73
3616.78	-41.34	144.04
3630.43	-41.29	143.17
3644.13	-41.22	142.10
3657.88	-41.22	140.66
3671.68	-41.27	139.39
3685.54	-41.29	138.60
3699.45	-41.32	137.91
3713.41	-41.31	137.09
3727.42	-41.28	136.33
3741.49	-41.28	134.99
3755.60	-41.30	134.19
3769.78	-41.26	133.51
3784.00	-41.23	132.67
3798.28	-41.25	131.54
3812.61	-41.30	130.86
3827.00	-41.26	130.25
3841.44	-41.21	129.45
3855.94	-41.18	128.63
3870.49	-41.14	127.32
3885.09	-41.21	126.47
3899.75	-41.21	126.14
3914.47	-41.15	125.36
3929.24	-41.07	124.79
3944.07	-41.05	123.43
3958.95	-41.04	122.76
3973.89	-41.01	122.01
3988.89	-40.99	121.30
4003.94	-40.93	120.68
4019.05	-40.80	119.52
4034.22	-40.82	118.67
4049.44	-40.71	118.32
4064.72	-40.58	116.94
4080.06	-40.56	115.81
4095.46	-40.50	114.88
4110.91	-40.44	113.93
4126.42	-40.38	112.76
4141.99	-40.27	111.69
4157.62	-40.22	110.16
4173.31	-40.16	109.28
4189.06	-40.09	108.04
4204.87	-40.04	106.65
4220.74	-40.01	105.63
4236.66	-39.94	104.68
4252.65	-39.83	103.50
4268.70	-39.75	102.12
4284.81	-39.67	100.83
4300.98	-39.55	99.60
4317.21	-39.44	98.13
4333.50	-39.36	96.38
4349.85	-39.30	94.88
4366.26	-39.19	93.32
4382.74	-39.11	91.14
4399.28	-39.09	89.44
4415.88	-38.99	87.94
4432.54	-38.93	85.29
4449.27	-38.99	83.04
4466.06	-39.04	81.71
4482.91	-39.00	80.15
4499.83	-38.97	78.24
4516.81	-38.99	76.39
4533.85	-38.97	74.79
4550.96	-38.96	72.85
4568.14	-39.00	71.18
4585.37	-38.98	69.76
4602.68	-38.96	68.05
4620.05	-38.94	66.19
4637.48	-38.90	64.27
4654.98	-38.82	62.06
4672.55	-38.85	59.54
4690.18	-38.89	57.23
4707.88	-38.94	55.21
4725.64	-38.97	52.81
4743.48	-39.09	50.21
4761.38	-39.23	48.31
4779.34	-39.21	46.42
4797.38	-39.27	43.61
4815.48	-39.49	41.47
4833.65	-39.59	39.58
4851.89	-39.67	36.84
4870.20	-39.88	34.16
4888.58	-40.12	32.38
4907.03	-40.28	30.31
4925.54	-40.56	27.36
4944.13	-40.96	25.72
4962.79	-41.30	24.94
4981.52	-41.54	23.86
5000.31	-41.87	22.41
5019.18	-42.17	22.43
5038.12	-42.33	22.19
5057.14	-42.44	20.84
5076.22	-42.87	19.71
5095.37	-43.11	20.75
5114.60	-43.13	20.31
5133.90	-43.45	19.07
5153.27	-43.73	20.68
5172.72	-43.68	21.28
5192.24	-43.64	20.44
5211.83	-43.85	20.68
5231.50	-43.74	20.95
5251.24	-43.83	19.95
5271.06	-43.99	20.43
5290.95	-43.86	21.20
5310.91	-43.72	20.04
5330.96	-43.83	19.71
5351.07	-43.71	20.38
5371.27	-43.46	19.59
5391.53	-43.37	17.54
5411.88	-43.36	16.74
5432.30	-43.23	15.75
5452.80	-43.16	13.73
5473.38	-43.21	12.34
5494.03	-43.16	10.86
5514.76	-43.14	8.95
5535.57	-43.39	7.21
5556.46	-43.28	7.29
5577.43	-43.19	5.07
5598.48	-43.29	2.93
5619.60	-43.37	1.85
5640.81	-43.33	-1.23
5662.10	-43.63	-3.75
5683.46	-44.02	-5.35
5704.91	-44.40	-6.78
5726.44	-45.08	-7.39
5748.05	-45.74	-3.67
5769.74	-45.59	1.86
5791.51	-45.13	3.58
5813.36	-44.70	4.60
5835.30	-44.32	3.27
5857.32	-44.10	1.89
5879.42	-43.96	1.21
5901.61	-43.74	-0.04
5923.88	-43.72	-1.83
5946.23	-43.64	-1.34
5968.67	-43.20	-2.83
5991.20	-43.27	-5.86
6013.80	-43.16	-5.10
6036.50	-42.87	-7.38
6059.28	-43.00	-8.53
6082.14	-42.68	-8.56
6105.09	-42.41	-11.37
6128.13	-42.44	-12.93
6151.26	-42.22	-14.69
6174.47	-42.30	-16.48
6197.77	-42.00	-16.82
6221.16	-41.76	-19.72
6244.63	-41.88	-22.54
6268.20	-41.70	-22.44
6291.85	-41.39	-25.89
6315.59	-41.61	-27.70
6339.42	-41.34	-29.35
6363.35	-41.24	-32.57
6387.36	-41.36	-34.46
6411.46	-41.41	-36.13
6435.66	-41.27	-37.05
6459.94	-41.11	-39.00
6484.32	-41.05	-42.00
6508.79	-41.06	-43.19
6533.35	-40.89	-43.90
6558.00	-40.65	-46.26
6582.75	-40.32	-48.91
6607.59	-40.29	-52.67
6632.53	-40.02	-55.95
6657.55	-40.29	-61.21
6682.68	-40.62	-61.88
6707.90	-40.40	-63.90
6733.21	-40.50	-65.40
6758.62	-40.01	-68.18
6784.12	-40.34	-72.60
6809.72	-40.31	-73.58
6835.42	-40.23	-76.66
6861.21	-40.23	-78.89
6887.10	-40.01	-81.15
6913.09	-39.90	-85.54
6939.18	-39.94	-88.88
6965.36	-39.92	-92.41
6991.65	-40.00	-96.55
7018.03	-40.11	-99.64
7044.51	-40.19	-103.26
7071.10	-40.28	-105.89
7097.78	-40.15	-110.02
7124.56	-40.32	-114.63
7151.45	-40.37	-117.59
7178.44	-40.42	-123.06
7205.52	-40.68	-126.54
7232.71	-40.64	-131.72
7260.01	-41.00	-137.26
7287.40	-41.17	-141.26
7314.90	-41.45	-148.83
7342.51	-42.06	-151.19
7370.21	-41.89	-159.02
7398.03	-42.63	-165.69
7425.94	-42.83	-173.65
7453.97	-44.03	176.63
7482.09	-44.70	170.66
7510.33	-45.89	157.12
7538.67	-47.62	150.85
7567.12	-48.90	138.33
7595.67	-51.23	124.94
7624.33	-52.58	105.68
7653.10	-55.26	73.82
7681.98	-57.07	43.90
7710.97	-55.16	7.86
7740.07	-54.13	-21.17
7769.28	-53.02	-41.41
7798.60	-53.08	-50.78
7828.02	-51.42	-50.24
7857.56	-51.46	-62.10
7887.21	-51.20	-51.76
7916.98	-48.60	-48.71
7946.85	-47.04	-52.57
7976.84	-44.71	-61.67
8006.94	-44.08	-73.22
8037.16	-43.95	-80.77
8067.49	-43.75	-86.48
8097.93	-43.03	-92.54
8128.49	-43.29	-97.56
8159.16	-42.82	-100.14
8189.95	-42.44	-109.84
8220.86	-43.40	-113.07
8251.88	-43.43	-113.17
8283.02	-43.26	-112.24
8314.27	-42.99	-114.75
8345.65	-42.57	-113.09
8377.14	-42.22	-117.38
8408.75	-41.84	-116.89
8440.48	-41.12	-120.09
8472.33	-40.70	-122.19
8504.30	-40.24	-126.38
8536.40	-39.88	-128.54
8568.61	-39.36	-131.69
8600.94	-38.78	-135.57
8633.40	-38.34	-140.26
8665.98	-37.81	-143.95
8698.68	-37.44	-149.12
8731.51	-37.00	-154.06
8764.46	-36.76	-159.64
8797.53	-36.33	-163.88
8830.73	-36.09	-170.50
8864.05	-35.89	-175.41
8897.50	-35.60	179.17
8931.07	-35.33	172.66
8964.78	-35.23	165.73
8998.61	-35.26	159.80
9032.56	-35.33	153.34
9066.65	-35.33	148.64
9100.86	-35.42	142.53
9135.20	-35.42	137.18
9169.68	-35.63	131.47
9204.28	-35.61	126.54
9239.01	-35.75	121.40
9273.88	-35.64	115.74
9308.87	-35.69	110.17
9344.00	-35.76	102.44
9379.26	-36.11	97.53
9414.65	-36.06	90.88
9450.18	-36.39	84.17
9485.84	-36.60	77.33
9521.64	-37.05	71.82
9557.57	-37.23	62.81
9593.64	-37.99	58.30
9629.84	-38.16	51.11
9666.18	-38.75	42.21
9702.65	-39.65	37.07
9739.27	-40.13	29.50
9776.02	-41.10	22.85
9812.91	-41.85	16.62
9849.94	-42.93	9.85
9887.11	-43.79	3.07
9924.42	-45.04	-3.39
9961.87	-46.14	-11.99
9999.46	-47.79	-16.68
10037.19	-49.15	-29.67
10075.07	-51.77	-45.58
10113.09	-56.28	-43.93
10151.25	-60.10	-54.93
10189.55	-63.40	-25.51
10228.01	-63.59	-128.08
10266.60	-68.81	-14.16
10305.34	-61.97	-176.28
10344.23	-57.80	164.27
10383.27	-55.48	136.27
10422.45	-53.42	143.02
10461.78	-52.39	130.58
10501.26	-49.07	127.81
10540.88	-48.75	117.53
10580.66	-47.25	106.87
10620.59	-46.25	103.39
10660.66	-46.20	90.51
10700.89	-45.41	86.81
10741.27	-44.88	80.15
10781.81	-44.45	70.56
10822.49	-44.50	63.73
10863.33	-44.49	57.89
10904.33	-44.06	51.78
10945.47	-44.16	45.64
10986.78	-44.02	35.91
11028.24	-44.49	30.42
11069.85	-45.18	26.25
11111.63	-45.11	19.22
11153.56	-45.53	15.46
11195.64	-46.45	11.25
11237.89	-46.52	7.73
11280.30	-47.07	5.82
11322.87	-47.61	4.64
11365.59	-47.44	1.66
11408.48	-47.60	-2.42
11451.53	-48.67	-4.67
11494.75	-48.88	-2.84
11538.12	-48.74	-4.73
11581.66	-48.65	-6.74
11625.37	-49.21	-8.36
11669.24	-48.85	-8.65
11713.27	-48.71	-12.09
11757.47	-48.86	-17.44
11801.84	-49.30	-20.80
11846.37	-49.43	-22.77
11891.08	-49.87	-25.56
11935.95	-50.54	-28.12
11980.99	-51.00	-28.40
12026.20	-51.40	-27.97
12071.58	-52.01	-25.08
12117.14	-51.86	-22.18
12162.86	-51.61	-18.64
12208.76	-50.83	-16.97
12254.83	-50.36	-19.86
12301.07	-49.74	-19.85
12347.49	-49.02	-20.09
12394.08	-48.02	-27.37
12440.85	-47.77	-35.58
12487.80	-47.99	-44.34
12534.92	-48.82	-46.96
12582.23	-49.47	-49.60
12629.71	-50.21	-48.01
12677.37	-49.44	-41.11
12725.20	-48.62	-44.61
12773.22	-48.35	-48.74
12821.42	-48.63	-50.04
12869.81	-47.56	-48.97
12918.37	-46.76	-54.04
12967.12	-46.41	-58.46
13016.05	-46.18	-64.46
13065.17	-45.82	-68.87
13114.47	-45.27	-73.28
13163.96	-44.88	-79.36
13213.64	-44.77	-86.67
13263.50	-44.75	-92.76
13313.55	-44.74	-99.56
13363.79	-44.59	-104.88
13414.22	-44.66	-111.72
13464.84	-44.98	-116.92
13515.65	-45.03	-123.69
13566.65	-45.27	-129.97
13617.84	-45.52	-135.42
13669.23	-45.83	-140.07
13720.81	-46.34	-144.93
13772.59	-46.64	-148.50
13824.56	-46.58	-154.68
13876.73	-46.89	-159.98
13929.09	-47.69	-164.08
13981.66	-48.07	-166.77
14034.42	-48.54	-170.33
14087.38	-48.63	-173.16
14140.54	-48.92	-177.05
14193.90	-49.25	177.12
14247.46	-49.89	174.85
14301.22	-50.36	175.51
14355.19	-50.55	172.31
14409.36	-50.78	170.50
14463.73	-50.60	168.86
14518.31	-50.67	160.98
14573.10	-52.14	156.54
14628.09	-52.33	163.98
14683.29	-52.09	161.42
14738.70	-52.43	162.63
14794.32	-51.34	161.50
14850.15	-51.11	158.96
14906.18	-50.94	152.24
14962.43	-50.87	148.06
15018.90	-50.95	143.89
15075.57	-51.06	139.92
15132.46	-51.55	137.33
15189.56	-51.48	137.50
15246.88	-51.19	132.29
15304.42	-51.30	128.49
15362.17	-51.18	125.10
15420.14	-51.27	119.89
15478.33	-51.63	116.40
15536.74	-51.77	113.82
15595.37	-52.10	110.19
15654.22	-52.36	108.83
15713.29	-52.51	106.49
15772.58	-52.68	106.05
15832.10	-52.54	104.53
15891.85	-52.43	102.36
15951.81	-52.25	100.03
16012.01	-52.03	97.49
16072.43	-51.90	94.31
16133.08	-51.86	89.16
16193.96	-51.98	86.89
16255.07	-51.97	82.18
16316.41	-52.40	79.90
16377.98	-52.56	81.03
16439.79	-51.94	79.50
16501.82	-51.90	76.37
16564.09	-51.54	73.34
16626.60	-51.27	69.94
16689.34	-51.14	65.02
16752.32	-51.27	61.86
16815.54	-51.23	59.03
16878.99	-51.13	58.06
16942.69	-50.70	54.67
17006.62	-50.47	52.63
17070.79	-49.80	48.56
17135.21	-49.68	41.74
17199.87	-49.46	38.30
17264.78	-49.41	33.56
17329.93	-49.09	30.52
17395.32	-48.71	26.35
17460.97	-48.25	20.71
17526.86	-47.94	14.82
17593.00	-47.69	8.51
17659.38	-47.43	2.25
17726.02	-47.22	-4.44
17792.91	-47.03	-11.11
17860.06	-46.86	-18.56
17927.45	-46.81	-25.98
17995.10	-46.71	-33.32
18063.01	-46.69	-40.96
18131.17	-46.68	-49.27
18199.59	-46.76	-57.88
18268.27	-46.97	-66.70
18337.21	-47.30	-75.40
18406.40	-47.77	-83.54
18475.86	-48.18	-91.74
18545.58	-48.80	-99.14
18615.56	-49.38	-106.14
18685.81	-49.98	-112.80
18756.32	-50.58	-118.28
18827.10	-51.28	-124.01
18898.15	-51.74	-129.02
18969.46	-52.25	-133.52
19041.04	-52.65	-138.99
19112.90	-53.11	-144.32
19185.02	-53.64	-150.20
19257.42	-54.25	-155.19
19330.09	-54.85	-160.01
19403.03	-55.49	-162.86
19476.25	-55.91	-166.15
19549.74	-56.34	-169.64
19623.51	-56.78	-173.31
19697.56	-57.36	-174.31
19771.89	-57.49	-176.11
19846.51	-57.51	-177.65
19921.40	-57.44	178.83
19996.57	-57.52	175.23
20072.03	-57.50	172.71
20147.78	-57.35	170.95
20223.80	-57.03	167.83
20300.12	-56.65	163.97
20376.72	-56.23	159.58
20453.62	-55.92	153.67
20530.80	-55.57	147.95
20608.28	-55.27	141.32
20686.04	-55.06	134.52
20764.10	-55.05	129.02
20842.46	-54.79	123.74
20921.11	-54.45	119.33
21000.06	-53.80	113.88
21079.30	-53.04	106.39
21158.85	-52.35	96.39
21238.69	-51.86	85.80
21318.84	-51.61	74.15
21399.29	-51.52	62.45
21480.04	-51.67	52.50
21561.09	-51.64	42.82
21642.46	-51.41	33.34
21724.12	-51.09	22.28
21806.10	-50.83	9.18
21888.39	-50.78	-4.87
21970.99	-51.04	-19.48
22053.89	-51.40	-33.00
22137.12	-51.89	-46.24
22220.65	-52.41	-58.01
22304.50	-52.77	-69.33
