Freq[Hz]	[dBV]	Phase[Deg]
10.00	-55.18	-15.68
10.04	-55.39	-14.77
10.08	-55.60	-13.80
10.11	-55.81	-12.79
10.15	-56.02	-11.73
10.19	-56.24	-10.62
10.23	-56.45	-9.47
10.27	-56.66	-8.27
10.31	-56.88	-7.02
10.34	-57.09	-5.72
10.38	-57.31	-4.37
10.42	-57.53	-2.98
10.46	-57.74	-1.55
10.50	-57.96	-0.06
10.54	-58.18	1.46
10.58	-58.40	3.03
10.62	-58.61	4.65
10.66	-58.83	6.31
10.70	-59.05	8.02
10.74	-59.26	9.76
10.78	-59.48	11.55
10.82	-59.69	13.38
10.86	-59.91	15.26
10.90	-60.12	17.17
10.95	-60.33	19.13
10.99	-60.55	21.12
11.03	-60.76	23.16
11.07	-60.96	25.23
11.11	-61.17	27.34
11.15	-61.37	29.49
11.20	-61.58	31.68
11.24	-61.78	33.90
11.28	-61.98	36.16
11.32	-62.17	38.45
11.37	-62.37	40.78
11.41	-62.56	43.14
11.45	-62.74	45.54
11.50	-62.93	47.96
11.54	-63.11	50.42
11.58	-63.29	52.90
11.63	-63.46	55.42
11.67	-63.63	57.96
11.71	-63.80	60.54
11.76	-63.96	63.13
11.80	-64.12	65.76
11.85	-64.28	68.40
11.89	-64.43	71.07
11.94	-64.57	73.76
11.98	-64.71	76.47
12.03	-64.85	79.20
12.07	-64.99	81.94
12.12	-65.12	84.69
12.16	-65.24	87.46
12.21	-65.36	90.23
12.26	-65.48	93.02
12.30	-65.60	95.81
12.35	-65.71	98.60
12.39	-65.82	101.39
12.44	-65.92	104.19
12.49	-66.02	106.98
12.54	-66.12	109.77
12.58	-66.21	112.55
12.63	-66.30	115.32
12.68	-66.39	118.09
12.73	-66.47	120.83
12.77	-66.55	123.57
12.82	-66.63	126.28
12.87	-66.70	128.97
12.92	-66.77	131.64
12.97	-66.84	134.28
13.02	-66.91	136.89
13.07	-66.97	139.47
13.12	-67.03	142.02
13.16	-67.09	144.53
13.21	-67.15	147.00
13.26	-67.20	149.42
13.31	-67.25	151.80
13.36	-67.30	154.13
13.41	-67.35	156.41
13.47	-67.39	158.63
13.52	-67.43	160.79
13.57	-67.47	162.89
13.62	-67.51	164.92
13.67	-67.55	166.88
13.72	-67.59	168.77
13.77	-67.62	170.58
13.83	-67.66	172.32
13.88	-67.69	173.96
13.93	-67.72	175.52
13.98	-67.75	176.99
14.04	-67.78	178.36
14.09	-67.81	179.64
14.14	-67.84	-179.20
14.19	-67.87	-178.14
14.25	-67.90	-177.19
14.30	-67.93	-176.36
14.36	-67.96	-175.66
14.41	-67.99	-175.08
14.46	-68.02	-174.63
14.52	-68.05	-174.31
14.57	-68.08	-174.14
14.63	-68.11	-174.11
14.68	-68.14	-174.23
14.74	-68.18	-174.50
14.80	-68.21	-174.93
14.85	-68.25	-175.50
14.91	-68.29	-176.22
14.96	-68.33	-177.09
15.02	-68.37	-178.11
15.08	-68.41	-179.27
15.13	-68.45	179.42
15.19	-68.49	177.97
15.25	-68.53	176.37
15.31	-68.58	174.64
15.36	-68.62	172.76
15.42	-68.67	170.75
15.48	-68.72	168.60
15.54	-68.76	166.32
15.60	-68.81	163.90
15.66	-68.86	161.34
15.71	-68.91	158.66
15.77	-68.96	155.85
15.83	-69.01	152.91
15.89	-69.06	149.84
15.95	-69.11	146.66
16.01	-69.16	143.34
16.07	-69.21	139.91
16.13	-69.27	136.37
16.19	-69.32	132.70
16.26	-69.37	128.93
16.32	-69.42	125.04
16.38	-69.47	121.04
16.44	-69.52	116.94
16.50	-69.58	112.73
16.56	-69.63	108.42
16.63	-69.68	104.01
16.69	-69.73	99.51
16.75	-69.78	94.91
16.82	-69.83	90.22
16.88	-69.88	85.44
16.94	-69.92	80.58
17.01	-69.97	75.64
17.07	-70.02	70.62
17.14	-70.07	65.52
17.20	-70.11	60.35
17.27	-70.15	55.11
17.33	-70.20	49.81
17.40	-70.24	44.45
17.46	-70.28	39.02
17.53	-70.32	33.55
17.59	-70.36	28.02
17.66	-70.39	22.45
17.73	-70.43	16.84
17.79	-70.46	11.19
17.86	-70.49	5.53
17.93	-70.52	-0.15
18.00	-70.55	-5.84
18.06	-70.58	-11.52
18.13	-70.61	-17.20
18.20	-70.64	-22.85
18.27	-70.67	-28.48
18.34	-70.69	-34.07
18.41	-70.72	-39.62
18.48	-70.74	-45.11
18.55	-70.76	-50.54
18.62	-70.79	-55.89
18.69	-70.81	-61.16
18.76	-70.84	-66.33
18.83	-70.86	-71.40
18.90	-70.88	-76.35
18.97	-70.91	-81.18
19.04	-70.93	-85.86
19.11	-70.96	-90.40
19.19	-70.98	-94.77
19.26	-71.01	-98.97
19.33	-71.03	-102.99
19.40	-71.06	-106.81
19.48	-71.09	-110.42
19.55	-71.12	-113.80
19.62	-71.15	-116.95
19.70	-71.18	-119.84
19.77	-71.22	-122.48
19.85	-71.25	-124.83
19.92	-71.29	-126.90
20.00	-71.33	-128.65
20.07	-71.37	-130.09
20.15	-71.42	-131.19
20.22	-71.47	-131.94
20.30	-71.52	-132.32
20.38	-71.57	-132.32
20.45	-71.62	-131.92
20.53	-71.68	-131.10
20.61	-71.75	-129.86
20.69	-71.81	-128.22
20.77	-71.88	-126.18
20.84	-71.95	-123.77
20.92	-72.03	-120.99
21.00	-72.10	-117.88
21.08	-72.18	-114.44
21.16	-72.27	-110.69
21.24	-72.35	-106.65
21.32	-72.44	-102.34
21.40	-72.53	-97.78
21.48	-72.63	-92.99
21.56	-72.73	-87.98
21.64	-72.82	-82.79
21.73	-72.92	-77.42
21.81	-73.03	-71.91
21.89	-73.13	-66.26
21.97	-73.24	-60.52
22.06	-73.35	-54.69
22.14	-73.46	-48.81
22.22	-73.57	-42.90
22.31	-73.69	-36.97
22.39	-73.80	-31.07
22.47	-73.92	-25.21
22.56	-74.04	-19.41
22.64	-74.16	-13.72
22.73	-74.28	-8.15
22.82	-74.40	-2.73
22.90	-74.52	2.50
22.99	-74.64	7.52
23.07	-74.76	12.31
23.16	-74.89	16.81
23.25	-75.01	21.02
23.34	-75.13	24.88
23.43	-75.26	28.38
23.51	-75.38	31.48
23.60	-75.50	34.18
23.69	-75.63	36.50
23.78	-75.75	38.46
23.87	-75.87	40.07
23.96	-75.99	41.35
24.05	-76.12	42.32
24.14	-76.24	42.99
24.23	-76.36	43.38
24.32	-76.49	43.50
24.42	-76.61	43.39
24.51	-76.74	43.06
24.60	-76.86	42.52
24.69	-76.99	41.80
24.79	-77.12	40.92
24.88	-77.24	39.90
24.97	-77.37	38.77
25.07	-77.50	37.53
25.16	-77.63	36.22
25.26	-77.76	34.87
25.35	-77.90	33.48
25.45	-78.03	32.10
25.54	-78.17	30.74
25.64	-78.31	29.43
25.74	-78.45	28.19
25.84	-78.59	27.05
25.93	-78.73	26.05
26.03	-78.88	25.20
26.13	-79.02	24.54
26.23	-79.17	24.09
26.33	-79.32	23.89
26.43	-79.48	23.96
26.53	-79.64	24.31
26.63	-79.79	24.93
26.73	-79.95	25.80
26.83	-80.11	26.92
26.93	-80.27	28.27
27.03	-80.43	29.82
27.13	-80.59	31.58
27.23	-80.74	33.53
27.34	-80.89	35.64
27.44	-81.04	37.92
27.54	-81.18	40.33
27.65	-81.32	42.86
27.75	-81.45	45.50
27.86	-81.57	48.23
27.96	-81.68	51.03
28.07	-81.79	53.89
28.17	-81.89	56.78
28.28	-81.98	59.70
28.39	-82.05	62.61
28.49	-82.11	65.50
28.60	-82.16	68.35
28.71	-82.20	71.14
28.82	-82.22	73.85
28.93	-82.22	76.46
29.03	-82.21	78.94
29.14	-82.18	81.28
29.25	-82.13	83.45
29.36	-82.06	85.43
29.48	-81.97	87.21
29.59	-81.86	88.80
29.70	-81.74	90.22
29.81	-81.60	91.46
29.92	-81.45	92.54
30.04	-81.30	93.46
30.15	-81.13	94.24
30.26	-80.96	94.88
30.38	-80.79	95.39
30.49	-80.62	95.79
30.61	-80.45	96.07
30.72	-80.28	96.26
30.84	-80.12	96.36
30.95	-79.98	96.38
31.07	-79.84	96.34
31.19	-79.72	96.24
31.31	-79.62	96.10
31.42	-79.54	95.92
31.54	-79.48	95.72
31.66	-79.45	95.52
31.78	-79.44	95.31
31.90	-79.47	95.13
32.02	-79.54	94.97
32.14	-79.64	94.85
32.26	-79.79	94.80
32.39	-79.98	94.80
32.51	-80.21	94.85
32.63	-80.48	94.94
32.75	-80.78	95.06
32.88	-81.11	95.19
33.00	-81.46	95.32
33.13	-81.84	95.44
33.25	-82.23	95.54
33.38	-82.64	95.59
33.50	-83.06	95.60
33.63	-83.48	95.53
33.76	-83.91	95.39
33.88	-84.33	95.15
34.01	-84.75	94.79
34.14	-85.15	94.31
34.27	-85.54	93.69
34.40	-85.90	92.91
34.53	-86.24	91.95
34.66	-86.55	90.80
34.79	-86.82	89.44
34.92	-87.05	87.86
35.05	-87.24	86.02
35.18	-87.37	83.93
35.32	-87.44	81.56
35.45	-87.46	78.93
35.58	-87.44	76.05
35.72	-87.37	72.95
35.85	-87.26	69.63
35.99	-87.11	66.11
36.12	-86.92	62.41
36.26	-86.71	58.55
36.40	-86.47	54.54
36.53	-86.21	50.40
36.67	-85.93	46.15
36.81	-85.65	41.81
36.95	-85.35	37.40
37.09	-85.05	32.94
37.23	-84.75	28.44
37.37	-84.46	23.93
37.51	-84.18	19.43
37.65	-83.92	14.96
37.79	-83.68	10.55
37.94	-83.46	6.21
38.08	-83.28	1.97
38.22	-83.14	-2.16
38.37	-83.03	-6.18
38.51	-82.95	-10.11
38.66	-82.90	-13.98
38.80	-82.86	-17.81
38.95	-82.85	-21.60
39.10	-82.84	-25.40
39.24	-82.84	-29.21
39.39	-82.84	-33.06
39.54	-82.84	-36.98
39.69	-82.83	-40.98
39.84	-82.80	-45.09
39.99	-82.76	-49.34
40.14	-82.68	-53.74
40.29	-82.58	-58.33
40.45	-82.44	-63.13
40.60	-82.25	-68.17
40.75	-82.02	-73.47
40.90	-81.73	-79.06
41.06	-81.38	-84.97
41.21	-80.96	-91.21
41.37	-80.49	-97.72
41.53	-79.97	-104.48
41.68	-79.43	-111.43
41.84	-78.85	-118.53
42.00	-78.27	-125.73
42.16	-77.69	-132.97
42.32	-77.12	-140.22
42.47	-76.57	-147.41
42.63	-76.05	-154.50
42.80	-75.59	-161.42
42.96	-75.18	-168.14
43.12	-74.85	-174.58
43.28	-74.60	179.30
43.45	-74.45	173.57
43.61	-74.42	168.29
43.77	-74.51	163.51
43.94	-74.74	159.31
44.10	-75.13	155.73
44.27	-75.66	152.77
44.44	-76.31	150.43
44.61	-77.06	148.70
44.77	-77.91	147.56
44.94	-78.82	147.00
45.11	-79.78	147.02
45.28	-80.77	147.60
45.45	-81.78	148.73
45.63	-82.77	150.39
45.80	-83.73	152.57
45.97	-84.64	155.26
46.14	-85.47	158.45
46.32	-86.21	162.12
46.49	-86.82	166.25
46.67	-87.30	170.84
46.84	-87.61	175.86
47.02	-87.73	-178.71
47.20	-87.67	-172.95
47.38	-87.43	-166.99
47.56	-87.05	-160.92
47.74	-86.52	-154.88
47.92	-85.87	-148.98
48.10	-85.11	-143.34
48.28	-84.26	-138.10
48.46	-83.33	-133.38
48.64	-82.34	-129.31
48.83	-81.31	-126.03
49.01	-80.26	-123.68
49.20	-79.19	-122.40
49.38	-78.14	-122.33
49.57	-77.13	-123.62
49.75	-76.16	-126.42
49.94	-75.26	-130.85
50.13	-74.43	-136.86
50.32	-73.68	-144.24
50.51	-72.99	-152.81
50.70	-72.37	-162.36
50.89	-71.82	-172.69
51.08	-71.33	176.41
51.28	-70.90	165.15
51.47	-70.52	153.75
51.66	-70.20	142.43
51.86	-69.93	131.43
52.05	-69.71	120.97
52.25	-69.54	111.30
52.45	-69.41	102.66
52.65	-69.32	95.29
52.85	-69.27	89.45
53.04	-69.25	85.24
53.24	-69.26	82.60
53.45	-69.31	81.50
53.65	-69.37	81.89
53.85	-69.46	83.72
54.05	-69.57	86.95
54.26	-69.70	91.52
54.46	-69.84	97.38
54.67	-69.99	104.48
54.87	-70.15	112.76
55.08	-70.31	122.17
55.29	-70.46	132.65
55.50	-70.62	144.15
55.71	-70.77	156.60
55.92	-70.90	169.89
56.13	-71.03	-176.21
56.34	-71.13	-161.94
56.55	-71.23	-147.56
56.77	-71.31	-133.33
56.98	-71.36	-119.51
57.19	-71.40	-106.36
57.41	-71.42	-94.18
57.63	-71.42	-83.23
57.84	-71.39	-73.82
58.06	-71.33	-66.23
58.28	-71.25	-60.76
58.50	-71.14	-57.73
58.72	-70.99	-57.43
58.94	-70.82	-59.78
59.17	-70.63	-64.38
59.39	-70.42	-70.82
59.61	-70.20	-78.68
59.84	-69.98	-87.54
60.06	-69.77	-96.95
60.29	-69.56	-106.46
60.52	-69.37	-115.62
60.75	-69.21	-123.96
60.98	-69.08	-130.98
61.21	-68.99	-136.21
61.44	-68.95	-139.14
61.67	-68.96	-139.28
61.90	-69.03	-136.61
62.14	-69.15	-131.40
62.37	-69.33	-123.95
62.61	-69.56	-114.57
62.84	-69.83	-103.57
63.08	-70.15	-91.27
63.32	-70.51	-78.01
63.56	-70.91	-64.10
63.80	-71.35	-49.91
64.04	-71.82	-35.77
64.28	-72.32	-22.06
64.52	-72.85	-9.13
64.76	-73.40	2.80
65.01	-73.95	13.76
65.25	-74.49	23.83
65.50	-74.99	33.08
65.75	-75.45	41.58
66.00	-75.83	49.43
66.24	-76.12	56.69
66.49	-76.31	63.45
66.75	-76.36	69.79
67.00	-76.27	75.80
67.25	-76.00	81.56
67.50	-75.54	87.17
67.76	-74.89	92.60
68.01	-74.06	97.73
68.27	-73.07	102.42
68.53	-71.95	106.54
68.79	-70.71	109.94
69.05	-69.38	112.47
69.31	-67.97	114.00
69.57	-66.52	114.36
69.83	-65.04	113.41
70.09	-63.55	110.98
70.36	-62.09	106.92
70.62	-60.67	101.15
70.89	-59.32	93.83
71.16	-58.07	85.15
71.43	-56.94	75.31
71.70	-55.96	64.52
71.97	-55.16	52.96
72.24	-54.57	40.87
72.51	-54.22	28.45
72.79	-54.13	15.93
73.06	-54.34	3.52
73.34	-54.88	-8.53
73.61	-55.75	-20.05
73.89	-56.89	-30.96
74.17	-58.25	-41.17
74.45	-59.76	-50.58
74.73	-61.36	-59.12
75.01	-63.00	-66.70
75.29	-64.59	-73.21
75.58	-66.09	-78.58
75.86	-67.42	-82.69
76.15	-68.51	-85.47
76.44	-69.30	-86.82
76.73	-69.82	-86.85
77.02	-70.08	-85.67
77.31	-70.13	-83.43
77.60	-70.00	-80.26
77.89	-69.72	-76.31
78.18	-69.35	-71.71
78.48	-68.90	-66.63
78.78	-68.43	-61.20
79.07	-67.96	-55.58
79.37	-67.54	-49.95
79.67	-67.17	-44.54
79.97	-66.82	-39.62
80.27	-66.47	-35.46
80.58	-66.12	-32.34
80.88	-65.74	-30.53
81.19	-65.32	-30.33
81.49	-64.84	-32.03
81.80	-64.28	-35.94
82.11	-63.62	-42.36
82.42	-62.87	-51.26
82.73	-62.10	-61.96
83.04	-61.40	-73.68
83.35	-60.83	-85.61
83.67	-60.50	-96.93
83.99	-60.48	-106.82
84.30	-60.86	-114.42
84.62	-61.72	-118.85
84.94	-63.16	-119.21
85.26	-65.24	-114.81
85.58	-67.84	-105.95
85.90	-70.78	-93.27
86.23	-73.89	-77.41
86.55	-76.98	-59.03
86.88	-79.87	-38.82
87.21	-82.37	-17.46
87.54	-84.28	4.33
87.87	-85.40	25.83
88.20	-85.59	46.44
88.53	-84.93	66.25
88.87	-83.58	85.57
89.20	-81.72	104.73
89.54	-79.53	124.04
89.88	-77.17	143.85
90.22	-74.84	164.50
90.56	-72.73	-173.66
90.90	-71.02	-150.27
91.24	-69.82	-125.36
91.59	-69.06	-99.71
91.93	-68.65	-74.25
92.28	-68.48	-49.92
92.63	-68.46	-27.66
92.98	-68.48	-8.46
93.33	-68.44	6.68
93.68	-68.23	16.73
94.03	-67.76	20.81
94.39	-67.05	19.28
94.74	-66.17	13.05
95.10	-65.20	3.08
95.46	-64.21	-9.67
95.82	-63.29	-24.20
96.18	-62.51	-39.49
96.54	-61.96	-54.51
96.91	-61.73	-68.25
97.27	-61.81	-80.50
97.64	-62.14	-91.66
98.01	-62.69	-102.12
98.38	-63.39	-112.31
98.75	-64.19	-122.64
99.12	-65.02	-133.55
99.50	-65.83	-145.49
99.87	-66.57	-158.82
100.25	-67.26	-172.96
100.63	-68.00	173.21
101.01	-68.86	160.86
101.39	-69.92	151.20
101.77	-71.28	145.43
102.16	-73.03	144.82
102.54	-75.25	150.64
102.93	-78.00	163.62
103.32	-81.07	-177.80
103.71	-84.25	-155.78
104.10	-87.28	-132.54
104.49	-89.92	-110.32
104.88	-91.91	-91.44
105.28	-92.99	-78.27
105.68	-92.91	-73.13
106.08	-91.67	-76.18
106.48	-89.56	-85.58
106.88	-86.85	-99.34
107.28	-83.84	-115.42
107.69	-80.82	-131.74
108.09	-78.10	-146.18
108.50	-75.98	-156.57
108.91	-74.64	-161.92
109.32	-73.97	-163.60
109.73	-73.80	-163.28
110.15	-73.99	-162.66
110.56	-74.38	-163.50
110.98	-74.80	-167.58
111.40	-75.09	-176.73
111.82	-75.13	168.02
112.24	-74.93	147.73
112.67	-74.52	123.75
113.09	-73.94	97.49
113.52	-73.21	70.37
113.95	-72.37	43.86
114.38	-71.44	19.45
114.81	-70.47	-2.00
115.24	-69.48	-20.85
115.68	-68.51	-37.62
116.11	-67.57	-52.80
116.55	-66.72	-66.92
116.99	-65.98	-80.51
117.43	-65.39	-94.13
117.87	-64.95	-108.24
118.32	-64.69	-123.25
118.77	-64.59	-139.59
119.21	-64.66	-157.67
119.66	-64.90	-177.94
120.12	-65.32	159.17
120.57	-65.90	133.41
121.02	-66.57	105.46
121.48	-67.26	76.24
121.94	-67.88	46.69
122.40	-68.34	17.76
122.86	-68.56	-9.56
123.32	-68.44	-34.32
123.79	-68.03	-56.27
124.26	-67.45	-75.72
124.73	-66.83	-93.01
125.20	-66.31	-108.48
125.67	-66.02	-122.49
126.14	-66.11	-135.40
126.62	-66.60	-147.66
127.10	-67.38	-159.87
127.58	-68.30	-172.64
128.06	-69.21	173.40
128.54	-69.97	157.61
129.03	-70.43	139.33
129.51	-70.52	118.35
130.00	-70.39	95.33
130.49	-70.18	71.04
130.98	-70.05	46.29
131.48	-70.16	21.88
131.98	-70.67	-1.36
132.47	-71.64	-23.01
132.97	-72.86	-43.46
133.48	-74.12	-63.16
133.98	-75.20	-82.61
134.48	-75.87	-102.29
134.99	-75.90	-122.68
135.50	-75.29	-143.72
136.01	-74.26	-164.70
136.53	-73.06	175.14
137.04	-71.94	156.57
137.56	-71.17	140.40
138.08	-70.99	127.28
138.60	-71.39	116.53
139.12	-72.24	106.73
139.65	-73.38	96.39
140.17	-74.68	84.02
140.70	-75.98	68.08
141.23	-77.17	47.92
141.77	-78.24	25.31
142.30	-79.20	2.43
142.84	-80.06	-18.45
143.38	-80.83	-35.05
143.92	-81.51	-45.27
144.46	-82.11	-49.76
145.01	-82.63	-51.02
145.55	-83.05	-51.62
146.10	-83.37	-54.19
146.65	-83.58	-61.41
147.21	-83.68	-73.79
147.76	-83.63	-88.22
148.32	-83.39	-101.17
148.88	-82.93	-109.00
149.44	-82.22	-108.03
150.01	-81.25	-96.31
150.57	-80.16	-78.31
151.14	-79.11	-59.98
151.71	-78.26	-47.40
152.28	-77.77	-46.80
152.86	-77.77	-62.78
153.43	-78.16	-90.14
154.01	-78.73	-120.21
154.59	-79.29	-144.08
155.18	-79.62	-152.66
155.76	-79.54	-138.50
156.35	-79.08	-106.28
156.94	-78.34	-65.73
157.53	-77.41	-26.86
158.13	-76.41	0.11
158.72	-75.43	6.65
159.32	-74.51	-4.66
159.93	-73.68	-27.06
160.53	-72.94	-53.61
161.13	-72.32	-77.23
161.74	-71.82	-92.33
162.35	-71.45	-99.91
162.97	-71.18	-102.65
163.58	-71.00	-103.28
164.20	-70.89	-104.59
164.82	-70.85	-108.36
165.44	-70.92	-114.06
166.06	-71.13	-120.84
166.69	-71.50	-127.83
167.32	-72.08	-134.17
167.95	-72.82	-139.27
168.58	-73.59	-142.81
169.22	-74.27	-144.49
169.86	-74.72	-143.99
170.50	-74.83	-141.20
171.14	-74.53	-137.23
171.79	-73.82	-133.60
172.44	-72.64	-131.87
173.09	-70.99	-133.63
173.74	-69.05	-139.94
174.40	-67.31	-151.04
175.06	-66.29	-167.11
175.72	-66.55	171.66
176.38	-68.46	145.76
177.04	-71.59	119.48
177.71	-75.20	98.47
178.38	-78.52	88.51
179.06	-80.80	95.20
179.73	-81.77	117.50
180.41	-81.62	147.74
181.09	-80.58	177.82
181.77	-78.89	-160.56
182.46	-76.82	-152.42
183.15	-74.75	-155.09
183.84	-73.07	-164.75
184.53	-72.18	-177.49
185.23	-72.36	170.25
185.93	-73.23	160.18
186.63	-74.21	153.44
187.33	-74.71	151.21
188.04	-74.22	154.25
188.75	-72.96	159.73
189.46	-71.55	162.95
190.18	-70.60	159.09
190.90	-70.71	143.79
191.62	-71.82	119.63
192.34	-73.47	94.01
193.07	-75.15	74.61
193.79	-76.37	68.71
194.53	-77.09	74.91
195.26	-77.59	84.92
196.00	-78.19	90.04
196.74	-79.17	82.01
197.48	-80.56	61.57
198.22	-82.15	36.53
198.97	-83.71	15.04
199.72	-85.04	4.88
200.48	-86.09	7.14
201.23	-86.88	18.55
201.99	-87.48	35.69
202.75	-87.92	54.90
203.52	-88.18	71.05
204.29	-88.22	78.31
205.06	-88.01	70.71
205.83	-87.50	44.36
206.61	-86.70	5.04
207.39	-85.64	-38.67
208.17	-84.31	-78.05
208.96	-82.82	-107.53
209.74	-81.39	-128.86
210.54	-80.27	-144.83
211.33	-79.71	-158.22
212.13	-79.70	-170.38
212.93	-79.98	178.80
213.73	-80.26	169.52
214.54	-80.33	161.56
215.35	-80.34	151.82
216.16	-80.64	135.94
216.98	-81.56	109.50
217.80	-83.08	73.74
218.62	-84.45	42.04
219.44	-84.74	29.70
220.27	-83.17	50.67
221.10	-80.33	99.01
221.94	-77.75	155.15
222.77	-77.03	-161.12
223.61	-78.92	-143.04
224.46	-81.89	-144.18
225.30	-83.97	-154.65
226.15	-83.34	-165.03
227.01	-80.28	-173.12
227.86	-76.43	178.50
228.72	-73.48	167.12
229.59	-72.43	152.13
230.45	-72.85	137.20
231.32	-74.10	126.56
232.20	-75.62	123.35
233.07	-77.42	123.33
233.95	-79.73	119.33
234.84	-82.73	104.24
235.72	-85.97	75.68
236.61	-88.37	35.82
237.50	-88.82	-12.92
238.40	-87.00	-66.84
239.30	-84.36	-119.64
240.20	-82.59	-164.55
241.11	-82.93	164.19
242.02	-84.28	147.15
242.93	-84.89	143.42
243.85	-83.19	151.20
244.77	-79.67	160.88
245.69	-75.93	158.54
246.62	-73.56	131.20
247.55	-73.31	87.66
248.48	-75.19	55.55
249.42	-79.17	62.89
250.36	-84.25	111.02
251.31	-88.21	167.90
252.26	-88.72	-160.96
253.21	-85.34	-170.06
254.16	-80.72	159.38
255.12	-77.87	129.57
256.09	-78.30	114.15
257.05	-80.61	109.40
258.02	-83.01	109.47
259.00	-84.26	110.38
259.97	-84.30	112.25
260.95	-83.25	115.76
261.94	-81.44	120.41
262.93	-79.72	123.18
263.92	-79.00	120.67
264.92	-79.73	111.84
265.92	-81.44	100.44
266.92	-83.53	90.82
267.93	-85.29	87.01
268.94	-85.80	92.41
269.95	-84.14	110.21
270.97	-80.40	136.34
271.99	-75.99	157.35
273.02	-72.37	159.60
274.05	-70.12	142.46
275.08	-69.00	117.23
276.12	-68.71	95.09
277.16	-69.07	79.31
278.21	-69.91	68.41
279.26	-71.04	60.95
280.31	-72.10	56.04
281.37	-72.71	52.98
282.43	-72.61	50.74
283.50	-72.08	47.35
284.57	-71.46	40.67
285.64	-71.23	29.41
286.72	-72.03	13.60
287.80	-74.42	-6.05
288.89	-77.57	-21.12
289.98	-79.66	-17.67
291.07	-79.29	12.63
292.17	-77.33	49.63
293.27	-75.37	64.44
294.38	-74.51	47.18
295.49	-75.00	23.55
296.61	-76.92	21.44
297.73	-79.07	40.52
298.85	-79.37	60.06
299.98	-76.52	63.38
301.11	-72.38	52.25
302.25	-69.59	32.87
303.39	-69.46	10.20
304.53	-71.66	-12.44
305.68	-75.57	-31.17
306.83	-79.53	-38.55
307.99	-81.51	-25.79
309.15	-80.74	5.58
310.32	-78.60	37.14
311.49	-76.52	51.23
312.67	-74.83	49.49
313.85	-73.35	42.28
315.03	-72.05	35.59
316.22	-71.17	27.91
317.41	-70.91	17.63
318.61	-71.07	7.16
319.81	-71.28	0.46
321.02	-71.51	-4.81
322.23	-72.20	-19.43
323.45	-73.71	-47.72
324.67	-76.05	-62.01
325.89	-79.04	-28.11
327.12	-81.41	40.34
328.36	-80.93	88.56
329.60	-76.87	84.71
330.84	-72.18	55.28
332.09	-69.88	31.51
333.34	-69.64	16.52
334.60	-69.72	1.67
335.86	-70.15	-17.01
337.13	-72.79	-38.48
338.40	-77.94	-65.01
339.68	-81.83	-107.57
340.96	-80.91	-174.11
342.25	-76.81	114.55
343.54	-73.05	66.46
344.83	-71.43	44.58
346.14	-72.38	31.74
347.44	-75.20	19.43
348.75	-77.54	13.98
350.07	-77.68	19.33
351.39	-76.42	27.62
352.72	-74.98	29.56
354.05	-74.01	21.53
355.38	-73.90	2.69
356.72	-74.39	-20.38
358.07	-74.80	-36.54
359.42	-74.69	-45.33
360.78	-73.90	-57.85
362.14	-72.91	-82.07
363.51	-73.25	-119.74
364.88	-75.44	-171.30
366.25	-77.11	124.60
367.64	-76.24	53.24
369.02	-73.91	-6.57
370.42	-71.74	-38.75
371.81	-70.51	-59.02
373.22	-70.61	-88.65
374.63	-71.61	-112.79
376.04	-72.70	-105.17
377.46	-72.86	-82.00
378.88	-71.18	-80.36
380.31	-69.50	-106.08
381.75	-71.16	-143.82
383.19	-75.38	-171.21
384.63	-78.40	-162.42
386.09	-79.63	-118.81
387.54	-81.11	-64.37
389.00	-82.82	-25.99
390.47	-83.04	-29.81
391.95	-81.63	-52.58
393.43	-79.89	-32.23
394.91	-78.34	18.28
396.40	-76.87	26.35
397.90	-75.77	-0.91
399.40	-75.57	2.84
400.90	-75.20	32.74
402.42	-72.78	36.70
403.94	-69.41	12.15
405.46	-68.01	-14.73
406.99	-70.93	-36.95
408.53	-79.03	-54.39
410.07	-85.30	-47.24
411.61	-82.27	-1.23
413.17	-75.82	32.12
414.73	-73.37	4.82
416.29	-73.61	-48.39
417.86	-74.03	-89.71
419.44	-73.81	-118.19
421.02	-72.81	-137.20
422.61	-71.56	-148.26
424.21	-70.75	-155.63
425.81	-71.04	-165.67
427.41	-71.87	-169.74
429.03	-71.89	-153.68
430.65	-70.72	-145.23
432.27	-69.42	-171.71
433.90	-73.17	-177.73
435.54	-82.26	-128.16
437.18	-83.32	-86.15
438.83	-74.39	-84.52
440.49	-70.19	-97.89
442.15	-71.70	-108.62
443.82	-70.78	-109.37
445.49	-70.71	-103.74
447.18	-75.00	-97.32
448.86	-74.85	-89.63
450.56	-71.38	-88.60
452.26	-81.28	-111.41
453.96	-94.69	-116.49
455.68	-88.94	-44.80
457.40	-77.68	33.36
459.12	-75.60	49.80
460.85	-73.88	33.39
462.59	-70.10	7.58
464.34	-70.25	-19.82
466.09	-74.08	-26.53
467.85	-78.70	-8.11
469.62	-81.45	-19.44
471.39	-82.01	-42.53
473.17	-82.26	5.53
474.95	-83.07	66.36
476.74	-83.98	72.30
478.54	-82.71	70.84
480.35	-78.71	73.99
482.16	-74.33	52.74
483.98	-77.49	-0.12
485.81	-86.70	-64.55
487.64	-84.94	-92.31
489.48	-79.27	-79.04
491.33	-82.58	-58.07
493.18	-83.25	-88.76
495.04	-78.23	-150.27
496.91	-75.12	-167.98
498.79	-75.49	-179.52
500.67	-77.09	156.28
502.56	-75.89	159.13
504.45	-73.70	159.39
506.36	-73.43	144.05
508.27	-75.67	168.19
510.19	-81.99	156.36
512.11	-88.55	43.68
514.04	-81.02	-63.57
515.98	-69.23	-119.16
517.93	-68.72	-138.56
519.89	-72.36	-160.46
521.85	-75.99	-172.98
523.82	-78.57	-157.61
525.79	-77.81	-156.71
527.78	-76.40	-176.63
529.77	-76.53	161.76
531.77	-73.41	150.52
533.78	-70.11	133.29
535.79	-71.03	107.05
537.81	-74.37	111.29
539.84	-75.70	137.37
541.88	-73.31	158.17
543.92	-70.16	157.06
545.98	-68.36	143.26
548.04	-70.06	130.52
550.10	-74.94	129.57
552.18	-74.88	147.15
554.26	-71.93	148.74
556.35	-72.23	114.73
558.45	-75.24	95.53
560.56	-78.48	99.18
562.68	-78.55	114.14
564.80	-73.90	125.44
566.93	-69.90	111.48
569.07	-68.88	81.91
571.22	-70.41	49.33
573.37	-73.57	4.95
575.54	-75.56	-39.90
577.71	-75.87	-57.96
579.89	-75.38	-48.19
582.08	-73.91	-58.85
584.27	-72.46	-65.37
586.48	-73.08	-62.74
588.69	-75.98	-58.19
590.91	-77.20	-24.89
593.14	-75.05	-15.65
595.38	-78.37	-43.49
597.63	-89.19	-72.89
599.88	-89.26	-90.97
602.15	-79.47	-144.34
604.42	-70.68	158.16
606.70	-72.91	123.04
608.99	-82.99	95.70
611.29	-78.76	147.70
613.59	-72.41	161.05
615.91	-70.44	113.22
618.23	-68.23	83.37
620.57	-71.05	58.48
622.91	-72.85	48.33
625.26	-75.08	49.96
627.62	-76.84	57.80
629.99	-75.91	53.05
632.36	-76.98	17.95
634.75	-75.61	38.22
637.15	-78.38	44.53
639.55	-77.95	43.93
641.96	-71.09	66.27
644.39	-73.36	54.38
646.82	-75.96	79.76
649.26	-75.10	95.77
651.71	-75.56	98.81
654.17	-78.63	81.92
656.64	-78.09	29.51
659.11	-72.55	-17.96
661.60	-72.72	-31.69
664.10	-71.13	-17.52
666.60	-68.82	0.78
669.12	-69.29	13.51
671.64	-69.41	26.54
674.18	-70.53	45.00
676.72	-77.98	75.69
679.28	-76.75	132.30
681.84	-74.35	-177.90
684.41	-75.86	-163.30
687.00	-77.77	-96.49
689.59	-74.09	-24.51
692.19	-68.37	-13.19
694.80	-67.13	5.42
697.42	-66.03	19.24
700.06	-66.76	30.25
702.70	-70.53	35.93
705.35	-77.23	90.74
708.01	-88.10	-146.48
710.68	-81.84	-77.98
713.36	-69.67	-79.55
716.06	-68.88	-74.35
718.76	-71.78	-60.09
721.47	-76.51	-25.14
724.19	-79.93	51.99
726.93	-75.30	100.81
729.67	-77.18	126.66
732.42	-76.06	153.22
735.19	-70.21	-104.90
737.96	-72.24	-76.87
740.75	-70.19	-59.48
743.54	-72.35	-24.33
746.35	-74.03	2.45
749.16	-79.70	71.20
751.99	-75.04	133.89
754.83	-71.27	142.49
757.68	-75.54	-162.15
760.54	-74.13	-87.93
763.41	-68.62	-67.86
766.29	-68.31	-63.54
769.18	-70.64	-58.76
772.08	-72.67	-102.34
774.99	-74.10	-142.17
777.92	-68.84	-107.86
780.85	-69.58	-95.76
783.80	-71.97	-80.93
786.76	-81.95	-122.76
789.73	-74.17	139.74
792.71	-73.27	154.81
795.70	-68.21	-164.00
798.70	-69.39	-135.47
801.71	-63.94	-122.47
804.74	-65.19	-139.04
807.78	-69.43	-134.74
810.83	-69.58	-139.92
813.88	-69.32	-166.33
816.96	-68.53	178.70
820.04	-72.16	164.06
823.13	-73.99	134.65
826.24	-77.81	64.56
829.36	-78.02	63.74
832.49	-74.10	116.27
835.63	-69.78	137.01
838.78	-69.92	128.30
841.95	-76.80	165.11
845.12	-80.39	101.60
848.31	-95.83	-0.67
851.51	-75.70	144.65
854.73	-72.43	127.08
857.95	-71.98	140.41
861.19	-69.89	131.77
864.44	-72.58	122.05
867.70	-74.47	119.71
870.98	-72.55	137.80
874.26	-70.56	132.74
877.56	-87.13	113.71
880.87	-97.31	-58.42
884.20	-77.56	44.36
887.53	-70.35	59.91
890.88	-68.41	70.23
894.25	-70.64	93.19
897.62	-72.66	131.63
901.01	-81.25	43.85
904.41	-75.02	22.92
907.82	-70.67	33.74
911.25	-69.39	37.09
914.68	-73.83	13.89
918.14	-82.15	-107.99
921.60	-92.71	161.97
925.08	-76.21	45.45
928.57	-83.81	99.04
932.07	-75.33	145.99
935.59	-74.59	-164.68
939.12	-77.26	-87.54
942.67	-77.32	-17.94
946.22	-72.83	2.59
949.79	-77.44	43.82
953.38	-77.92	108.20
956.97	-84.72	84.72
960.59	-81.52	78.01
964.21	-75.59	40.18
967.85	-76.93	22.06
971.50	-70.33	-25.54
975.17	-67.57	-23.05
978.85	-66.77	-5.34
982.54	-69.55	39.92
986.25	-74.67	124.70
989.97	-71.42	-176.53
993.71	-75.18	-89.86
997.46	-71.26	1.35
1001.22	-68.40	31.29
1005.00	-68.55	31.79
1008.79	-72.77	-43.61
1012.60	-69.07	-72.58
1016.42	-72.17	-71.98
1020.25	-72.54	-37.36
1024.10	-74.55	-58.98
1027.97	-76.97	-39.08
1031.85	-75.29	37.84
1035.74	-73.82	81.15
1039.65	-84.27	146.25
1043.57	-70.60	-83.96
1047.51	-65.63	-49.00
1051.46	-66.68	-40.89
1055.43	-75.23	-71.32
1059.41	-73.71	-117.53
1063.41	-70.77	-110.02
1067.43	-73.99	-138.60
1071.45	-80.21	164.66
1075.50	-75.56	-139.89
1079.55	-75.67	-68.03
1083.63	-72.16	-10.22
1087.72	-71.94	17.68
1091.82	-80.13	-168.02
1095.94	-70.68	-129.30
1100.08	-72.06	-106.75
1104.23	-80.31	-120.76
1108.40	-76.08	-160.52
1112.58	-72.85	-158.59
1116.78	-75.36	-145.69
1120.99	-77.59	-134.47
1125.22	-85.53	0.58
1129.47	-97.57	87.27
1133.73	-73.10	179.32
1138.01	-67.29	-148.82
1142.30	-72.38	-120.79
1146.61	-76.61	48.59
1150.94	-72.06	109.62
1155.28	-71.23	162.81
1159.64	-72.31	-179.44
1164.02	-82.53	72.52
1168.41	-79.77	84.96
1172.82	-81.08	30.56
1177.25	-77.21	61.09
1181.69	-73.92	130.10
1186.15	-71.50	-179.14
1190.62	-74.93	-174.28
1195.12	-71.44	80.34
1199.63	-68.97	81.87
1204.15	-74.48	81.55
1208.70	-74.54	10.05
1213.26	-77.58	35.16
1217.84	-75.04	105.06
1222.43	-75.41	101.10
1227.04	-78.41	36.07
1231.67	-76.30	-67.34
1236.32	-74.57	-28.77
1240.99	-68.31	82.58
1245.67	-65.66	99.80
1250.37	-72.94	-141.17
1255.09	-70.14	-46.83
1259.83	-70.66	41.87
1264.58	-69.87	107.74
1269.35	-75.02	165.92
1274.14	-73.16	12.73
1278.95	-68.34	13.95
1283.78	-67.17	49.58
1288.62	-72.51	106.57
1293.48	-76.78	-73.98
1298.36	-71.86	-41.97
1303.26	-71.41	10.25
1308.18	-76.40	37.23
1313.12	-82.90	33.57
1318.07	-72.32	-21.96
1323.05	-69.07	8.92
1328.04	-70.59	62.00
1333.05	-74.56	-173.55
1338.08	-65.35	-57.34
1343.13	-65.31	-11.40
1348.20	-76.37	12.03
1353.29	-75.61	-81.86
1358.39	-67.76	-53.64
1363.52	-69.02	-38.67
1368.67	-75.06	-88.01
1373.83	-68.75	-133.01
1379.01	-67.24	-73.42
1384.22	-74.53	51.84
1389.44	-67.39	-177.32
1394.68	-66.23	-124.29
1399.95	-71.74	-16.23
1405.23	-72.47	161.03
1410.53	-69.31	-145.96
1415.86	-74.79	-152.06
1421.20	-72.94	-145.60
1426.56	-75.97	175.61
1431.94	-70.16	175.91
1437.35	-70.14	-129.45
1442.77	-80.59	51.26
1448.22	-72.55	157.98
1453.68	-76.12	-157.47
1459.17	-74.00	-137.74
1464.67	-76.56	141.70
1470.20	-75.15	139.32
1475.75	-76.76	-165.85
1481.32	-80.02	-78.68
1486.91	-74.49	157.86
1492.52	-75.61	-162.35
1498.15	-74.68	106.41
1503.80	-69.50	174.88
1509.48	-73.54	-129.01
1515.17	-73.00	88.37
1520.89	-74.43	167.66
1526.63	-77.00	-110.29
1532.39	-77.35	38.26
1538.17	-72.77	84.33
1543.98	-74.32	107.39
1549.81	-75.87	42.42
1555.65	-71.52	70.49
1561.52	-72.09	127.36
1567.42	-81.69	134.31
1573.33	-73.33	103.13
1579.27	-75.99	133.55
1585.23	-72.44	98.44
1591.21	-78.28	34.09
1597.21	-73.96	-7.46
1603.24	-70.28	51.73
1609.29	-75.84	98.97
1615.36	-77.90	29.72
1621.46	-70.77	18.45
1627.58	-73.40	25.86
1633.72	-74.97	-9.44
1639.89	-73.67	-1.09
1646.07	-77.41	-49.70
1652.29	-69.69	-30.92
1658.52	-74.95	-6.28
1664.78	-73.37	-64.05
1671.06	-72.93	-22.53
1677.37	-72.64	5.14
1683.70	-70.07	-55.45
1690.05	-73.46	-68.71
1696.43	-67.46	-98.41
1702.83	-69.93	-95.97
1709.26	-68.57	-149.21
1715.70	-70.23	-126.74
1722.18	-76.66	-129.42
1728.68	-76.66	-171.30
1735.20	-77.43	-128.10
1741.75	-78.76	145.44
1748.32	-74.30	-99.69
1754.92	-75.95	82.77
1761.54	-77.68	-109.51
1768.19	-80.05	-11.35
1774.86	-78.19	-86.51
1781.56	-75.10	-142.09
1788.28	-75.01	137.84
1795.03	-71.14	174.82
1801.80	-79.02	-159.56
1808.60	-71.49	-158.79
1815.43	-76.62	29.47
1822.28	-73.36	168.37
1829.15	-77.81	108.82
1836.06	-72.26	61.13
1842.99	-79.00	179.28
1849.94	-71.54	87.82
1856.92	-70.91	-152.49
1863.93	-70.05	92.24
1870.96	-72.22	141.06
1878.02	-74.28	65.63
1885.11	-73.83	43.32
1892.22	-72.17	8.49
1899.36	-70.64	59.14
1906.53	-74.98	51.90
1913.72	-71.23	91.16
1920.95	-73.65	38.80
1928.19	-78.00	-75.76
1935.47	-73.05	-22.10
1942.77	-70.01	8.35
1950.11	-69.97	-28.23
1957.46	-69.49	14.64
1964.85	-71.13	-44.45
1972.27	-76.64	-33.02
1979.71	-76.33	-99.62
1987.18	-76.00	-78.65
1994.68	-78.08	-59.58
2002.20	-77.78	40.12
2009.76	-73.47	-87.20
2017.34	-78.16	-56.60
2024.96	-74.69	-76.19
2032.60	-72.83	-67.86
2040.27	-79.12	124.08
2047.97	-81.99	-27.02
2055.70	-76.15	-70.06
2063.45	-76.57	-112.05
2071.24	-75.58	-93.54
2079.06	-71.73	-70.48
2086.90	-74.60	-139.13
2094.78	-78.02	-131.99
2102.68	-71.75	-121.79
2110.62	-73.65	-152.94
2118.58	-75.73	-179.86
2126.57	-77.26	-147.76
2134.60	-75.24	169.72
2142.65	-74.79	176.38
2150.74	-72.81	157.33
2158.86	-74.86	101.25
2167.00	-75.24	127.13
2175.18	-72.23	123.84
2183.39	-72.20	74.95
2191.63	-75.79	100.31
2199.90	-76.25	34.76
2208.20	-85.49	-145.81
2216.53	-80.27	125.82
2224.90	-77.05	-4.30
2233.29	-80.23	66.16
2241.72	-78.19	20.93
2250.18	-79.78	50.90
2258.67	-75.88	64.21
2267.19	-70.38	42.24
2275.75	-72.45	4.55
2284.34	-75.38	4.62
2292.96	-74.35	-21.84
2301.61	-81.19	-3.70
2310.29	-80.11	21.76
2319.01	-74.38	-4.04
2327.76	-74.51	-53.84
2336.55	-71.70	-37.22
2345.36	-74.03	-68.95
2354.21	-76.03	-100.82
2363.10	-78.40	-91.77
2372.02	-73.95	-67.65
2380.97	-74.91	-104.87
2389.95	-75.51	-133.28
2398.97	-75.42	-118.73
2408.02	-75.08	-143.62
2417.11	-80.75	-121.91
2426.23	-76.23	-110.46
2435.39	-78.19	177.12
2444.58	-79.82	-176.14
2453.80	-78.52	122.11
2463.06	-76.89	178.31
2472.35	-76.61	120.62
2481.68	-83.49	165.99
2491.05	-79.05	123.77
2500.45	-77.79	140.23
2509.88	-75.43	109.55
2519.36	-81.52	21.16
2528.86	-73.08	99.55
2538.41	-73.86	118.75
2547.98	-76.78	51.14
2557.60	-73.98	56.89
2567.25	-75.45	39.15
2576.94	-77.30	48.79
2586.66	-73.61	10.10
2596.42	-74.64	19.57
2606.22	-84.02	-10.94
2616.06	-76.21	21.75
2625.93	-73.66	-2.06
2635.84	-73.58	-10.53
2645.78	-80.61	8.02
2655.77	-77.69	-43.05
2665.79	-74.03	-62.11
2675.85	-76.54	-74.61
2685.95	-75.02	-80.75
2696.08	-75.65	-51.92
2706.26	-76.37	-96.78
2716.47	-72.60	-119.60
2726.72	-73.80	-119.44
2737.01	-75.48	-152.34
2747.34	-77.44	-154.97
2757.70	-76.35	-177.90
2768.11	-77.17	162.01
2778.56	-80.96	77.10
2789.04	-77.01	146.50
2799.57	-74.68	174.25
2810.13	-76.80	176.40
2820.73	-77.49	118.43
2831.38	-76.12	100.62
2842.06	-75.94	94.32
2852.79	-74.75	105.75
2863.55	-75.65	86.81
2874.36	-74.12	62.06
2885.21	-74.56	57.59
2896.09	-76.21	33.37
2907.02	-74.39	40.61
2917.99	-73.89	0.25
2929.00	-76.38	12.44
2940.06	-73.64	-3.49
2951.15	-74.98	-59.74
2962.29	-75.07	-8.44
2973.47	-76.00	-48.34
2984.69	-77.05	-64.56
2995.95	-82.26	-90.49
3007.25	-78.60	-66.87
3018.60	-76.99	-87.20
3029.99	-75.52	-114.48
3041.43	-76.51	-143.99
3052.90	-73.58	-136.64
3064.42	-77.88	-141.37
3075.99	-78.72	-138.03
3087.60	-75.77	-177.91
3099.25	-77.36	163.88
3110.94	-77.78	136.43
3122.68	-78.15	119.13
3134.47	-77.51	156.93
3146.29	-76.19	127.94
3158.17	-75.68	102.55
3170.08	-75.84	93.87
3182.05	-77.90	78.82
3194.05	-76.21	69.29
3206.11	-73.86	59.22
3218.21	-75.38	81.67
3230.35	-78.66	21.22
3242.54	-76.15	41.73
3254.77	-74.84	7.55
3267.06	-76.45	0.39
3279.39	-72.63	-14.22
3291.76	-80.01	-66.63
3304.18	-76.35	-60.96
3316.65	-75.48	-77.29
3329.17	-80.31	-74.06
3341.73	-81.63	-101.54
3354.34	-79.11	-102.33
3367.00	-78.53	-64.59
3379.70	-76.62	-165.56
3392.46	-77.30	-131.33
3405.26	-78.27	-174.81
3418.11	-79.37	-159.90
3431.01	-78.64	176.10
3443.95	-74.92	150.84
3456.95	-79.46	144.54
3469.99	-75.95	129.53
3483.09	-77.56	80.62
3496.23	-79.05	112.66
3509.43	-76.02	79.17
3522.67	-78.07	50.49
3535.96	-76.87	71.88
3549.31	-76.24	66.99
3562.70	-75.10	11.20
3576.14	-73.88	16.52
3589.64	-77.13	-5.09
3603.18	-76.68	-4.55
3616.78	-75.84	-36.02
3630.43	-76.97	-48.37
3644.13	-77.93	-43.18
3657.88	-77.51	-23.17
3671.68	-77.46	-106.47
3685.54	-76.70	-92.80
3699.45	-77.72	-85.41
3713.41	-76.60	-120.11
3727.42	-72.24	-155.44
3741.49	-75.31	-165.14
3755.60	-74.04	150.33
3769.78	-77.42	170.10
3784.00	-75.81	140.20
3798.28	-77.00	140.12
3812.61	-76.08	118.46
3827.00	-74.16	126.15
3841.44	-75.41	87.66
3855.94	-73.19	79.38
3870.49	-75.82	48.09
3885.09	-73.94	30.16
3899.75	-76.99	16.22
3914.47	-77.73	-11.46
3929.24	-79.98	-34.49
3944.07	-77.69	-25.69
3958.95	-75.72	-9.84
3973.89	-77.60	-71.49
3988.89	-75.30	-42.40
4003.94	-77.71	-70.50
4019.05	-74.52	-92.13
4034.22	-76.36	-105.00
4049.44	-76.29	-140.39
4064.72	-75.45	-142.26
4080.06	-77.16	-178.05
4095.46	-74.64	172.33
4110.91	-74.65	133.02
4126.42	-74.54	134.02
4141.99	-74.41	121.72
4157.62	-74.48	105.38
4173.31	-73.30	74.64
4189.06	-75.49	75.03
4204.87	-72.74	42.89
4220.74	-74.64	15.82
4236.66	-74.19	14.81
4252.65	-77.65	2.89
4268.70	-74.92	-10.81
4284.81	-75.97	-24.34
4300.98	-76.31	-37.03
4317.21	-71.92	-47.51
4333.50	-74.38	-62.09
4349.85	-74.56	-76.18
4366.26	-70.93	-120.77
4382.74	-71.92	-136.92
4399.28	-72.94	-167.17
4415.88	-73.23	170.14
4432.54	-71.13	146.38
4449.27	-74.93	137.13
4466.06	-72.57	114.11
4482.91	-72.61	95.39
4499.83	-75.41	75.41
4516.81	-73.22	90.93
4533.85	-74.05	54.95
4550.96	-71.90	46.58
4568.14	-71.97	7.73
4585.37	-71.49	2.15
4602.68	-72.04	-7.95
4620.05	-72.44	-36.86
4637.48	-70.40	-53.93
4654.98	-70.72	-81.88
4672.55	-70.54	-110.17
4690.18	-71.32	-131.97
4707.88	-71.29	-145.24
4725.64	-70.26	-172.83
4743.48	-71.25	157.17
4761.38	-71.07	146.23
4779.34	-71.12	131.03
4797.38	-70.28	101.30
4815.48	-70.98	92.75
4833.65	-70.37	80.20
4851.89	-68.66	44.41
4870.20	-70.55	26.49
4888.58	-69.35	5.03
4907.03	-69.59	-16.25
4925.54	-69.33	-39.69
4944.13	-70.79	-63.05
4962.79	-69.44	-81.44
4981.52	-69.88	-106.25
5000.31	-71.80	-119.42
5019.18	-68.86	-141.26
5038.12	-68.65	-176.78
5057.14	-69.13	160.53
5076.22	-70.58	128.29
5095.37	-70.78	122.00
5114.60	-71.06	102.29
5133.90	-69.77	81.00
5153.27	-69.30	62.34
5172.72	-68.72	41.82
5192.24	-68.13	6.13
5211.83	-69.21	-27.02
5231.50	-71.02	-49.71
5251.24	-72.77	-65.35
5271.06	-73.50	-82.06
5290.95	-74.12	-91.52
5310.91	-71.95	-107.85
5330.96	-70.85	-131.83
5351.07	-70.16	-168.82
5371.27	-69.94	163.19
5391.53	-71.37	144.70
5411.88	-70.44	118.03
5432.30	-71.28	87.51
5452.80	-73.02	71.72
5473.38	-70.57	63.07
5494.03	-71.20	33.43
5514.76	-71.81	2.89
5535.57	-70.88	-15.15
5556.46	-74.66	-50.52
5577.43	-78.51	-57.13
5598.48	-77.60	-62.06
5619.60	-74.51	-75.95
5640.81	-70.55	-100.74
5662.10	-70.01	-149.44
5683.46	-71.98	-172.58
5704.91	-70.99	161.10
5726.44	-70.77	129.13
5748.05	-73.58	114.29
5769.74	-72.06	97.99
5791.51	-70.45	74.65
5813.36	-70.23	53.51
5835.30	-70.70	21.22
5857.32	-72.16	-8.54
5879.42	-72.23	-17.56
5901.61	-73.40	-49.43
5923.88	-72.30	-57.96
5946.23	-70.10	-84.42
5968.67	-70.06	-114.75
5991.20	-69.29	-146.50
6013.80	-69.32	-175.92
6036.50	-70.18	149.82
6059.28	-68.56	124.45
6082.14	-71.23	97.68
6105.09	-70.71	88.62
6128.13	-69.04	61.23
6151.26	-69.84	34.43
6174.47	-69.85	0.43
6197.77	-70.64	-29.98
6221.16	-68.90	-38.36
6244.63	-70.60	-82.84
6268.20	-73.21	-102.46
6291.85	-70.22	-121.99
6315.59	-70.40	-157.93
6339.42	-71.81	-177.20
6363.35	-69.32	154.62
6387.36	-70.25	129.26
6411.46	-68.54	88.60
6435.66	-71.63	68.16
6459.94	-70.66	53.38
6484.32	-69.07	24.39
6508.79	-70.20	-10.27
6533.35	-70.62	-30.29
6558.00	-73.34	-48.13
6582.75	-71.26	-74.89
6607.59	-70.30	-103.45
6632.53	-69.55	-134.08
6657.55	-69.03	-167.11
6682.68	-69.18	166.33
6707.90	-67.62	137.15
6733.21	-68.68	112.07
6758.62	-67.83	83.25
6784.12	-69.49	54.57
6809.72	-68.69	33.74
6835.42	-68.22	-0.55
6861.21	-68.42	-28.32
6887.10	-69.11	-47.76
6913.09	-68.53	-66.09
6939.18	-66.07	-97.46
6965.36	-65.01	-135.45
6991.65	-65.49	-175.48
7018.03	-65.01	155.61
7044.51	-65.49	128.56
7071.10	-64.55	97.16
7097.78	-64.33	70.05
7124.56	-63.40	36.74
7151.45	-63.18	7.42
7178.44	-62.24	-28.82
7205.52	-63.77	-57.14
7232.71	-61.59	-87.49
7260.01	-61.86	-120.65
7287.40	-60.79	-159.94
7314.90	-60.33	164.62
7342.51	-60.62	124.83
7370.21	-61.39	93.30
7398.03	-59.78	70.10
7425.94	-59.74	26.72
7453.97	-58.98	-14.53
7482.09	-61.39	-55.38
7510.33	-61.30	-86.61
7538.67	-62.27	-120.32
7567.12	-62.24	-149.03
7595.67	-61.93	171.18
7624.33	-60.84	140.08
7653.10	-62.06	98.16
7681.98	-62.64	70.93
7710.97	-63.95	27.02
7740.07	-64.15	5.35
7769.28	-64.82	-35.47
7798.60	-65.71	-66.76
7828.02	-67.27	-101.04
7857.56	-67.14	-115.96
7887.21	-66.07	-163.19
7916.98	-65.78	166.22
7946.85	-67.08	129.32
7976.84	-65.86	102.92
8006.94	-66.98	62.76
8037.16	-66.97	37.49
8067.49	-68.23	-1.65
8097.93	-68.73	-12.74
8128.49	-68.48	-45.32
8159.16	-66.63	-84.18
8189.95	-67.52	-125.46
8220.86	-66.16	-161.42
8251.88	-67.30	163.00
8283.02	-66.15	129.32
8314.27	-66.37	92.87
8345.65	-65.70	57.40
8377.14	-66.71	22.75
8408.75	-66.63	-14.20
8440.48	-66.69	-47.82
8472.33	-67.11	-81.17
8504.30	-66.36	-120.85
8536.40	-67.73	-166.28
8568.61	-67.28	171.95
8600.94	-66.59	133.17
8633.40	-65.06	90.60
8665.98	-66.38	58.23
8698.68	-66.11	21.95
8731.51	-65.83	-6.35
8764.46	-65.85	-52.36
8797.53	-66.30	-92.60
8830.73	-67.01	-134.18
8864.05	-66.24	-165.74
8897.50	-66.89	157.22
8931.07	-65.09	116.88
8964.78	-65.61	82.11
8998.61	-64.89	41.22
9032.56	-64.81	3.64
9066.65	-65.09	-37.57
9100.86	-65.40	-83.86
9135.20	-66.88	-122.41
9169.68	-66.33	-167.56
9204.28	-65.55	155.38
9239.01	-66.72	116.78
9273.88	-65.14	77.23
9308.87	-66.17	42.56
9344.00	-66.35	-2.21
9379.26	-66.51	-42.69
9414.65	-68.14	-89.62
9450.18	-68.65	-126.96
9485.84	-69.13	-157.24
9521.64	-67.30	155.39
9557.57	-67.27	116.06
9593.64	-67.66	79.40
9629.84	-66.66	40.62
9666.18	-67.43	-1.56
9702.65	-68.24	-46.91
9739.27	-68.41	-96.64
9776.02	-69.22	-127.28
9812.91	-69.02	-175.46
9849.94	-67.66	141.53
9887.11	-68.52	101.03
9924.42	-68.19	59.19
9961.87	-68.79	21.50
9999.46	-69.77	-26.41
10037.19	-72.22	-62.82
10075.07	-72.55	-93.64
10113.09	-71.05	-142.94
10151.25	-70.37	171.70
10189.55	-69.73	125.99
10228.01	-69.88	85.74
10266.60	-70.75	45.15
10305.34	-71.81	18.23
10344.23	-71.71	-29.35
10383.27	-70.70	-70.62
10422.45	-71.30	-111.46
10461.78	-70.37	-161.59
10501.26	-70.06	144.27
10540.88	-69.98	111.71
10580.66	-70.17	69.05
10620.59	-69.35	31.46
10660.66	-68.37	-9.87
10700.89	-68.11	-64.24
10741.27	-69.47	-112.33
10781.81	-67.80	-163.78
10822.49	-68.23	143.43
10863.33	-68.26	100.82
10904.33	-67.08	60.32
10945.47	-66.45	16.34
10986.78	-67.19	-37.12
11028.24	-67.36	-94.74
11069.85	-68.55	-148.07
11111.63	-69.10	169.10
11153.56	-67.98	117.62
11195.64	-68.00	67.80
11237.89	-68.37	25.60
11280.30	-69.46	-25.37
11322.87	-70.82	-80.64
11365.59	-71.39	-126.62
11408.48	-70.69	-167.37
11451.53	-71.03	138.69
11494.75	-70.54	92.97
11538.12	-71.00	44.17
11581.66	-71.48	8.18
11625.37	-72.85	-37.30
11669.24	-74.26	-88.55
11713.27	-72.19	-139.70
11757.47	-71.32	164.86
11801.84	-71.46	113.49
11846.37	-71.42	66.68
11891.08	-71.15	26.13
11935.95	-71.55	-19.70
11980.99	-72.89	-76.31
12026.20	-73.04	-128.51
12071.58	-71.70	174.42
12117.14	-70.77	117.53
12162.86	-71.41	75.34
12208.76	-71.60	27.42
12254.83	-71.97	-23.53
12301.07	-73.68	-77.40
12347.49	-73.54	-130.70
12394.08	-72.35	173.98
12440.85	-71.66	112.16
12487.80	-72.57	65.25
12534.92	-72.56	22.31
12582.23	-72.35	-23.17
12629.71	-74.18	-79.21
12677.37	-75.42	-140.15
12725.20	-73.03	160.06
12773.22	-71.98	107.09
12821.42	-73.13	62.78
12869.81	-72.15	18.40
12918.37	-72.16	-36.40
12967.12	-73.74	-97.73
13016.05	-73.46	-163.35
13065.17	-72.80	144.03
13114.47	-71.54	84.73
13163.96	-73.22	37.43
13213.64	-73.42	-11.82
13263.50	-74.29	-69.71
13313.55	-75.39	-132.42
13363.79	-74.03	164.88
13414.22	-72.92	112.59
13464.84	-72.53	57.76
13515.65	-73.51	14.44
13566.65	-73.50	-41.80
13617.84	-75.33	-112.33
13669.23	-74.87	-170.20
13720.81	-73.05	124.85
13772.59	-72.41	68.84
13824.56	-73.35	20.20
13876.73	-73.79	-26.85
13929.09	-74.99	-99.47
13981.66	-75.86	-165.97
14034.42	-74.02	136.32
14087.38	-72.78	78.24
14140.54	-73.72	28.92
14193.90	-74.47	-18.07
14247.46	-74.67	-89.92
14301.22	-75.16	-157.51
14355.19	-73.56	133.48
14409.36	-72.67	80.78
14463.73	-72.88	32.25
14518.31	-73.12	-27.55
14573.10	-73.66	-94.66
14628.09	-73.46	-172.05
14683.29	-72.71	126.31
14738.70	-71.92	65.94
14794.32	-72.76	9.42
14850.15	-73.54	-58.22
14906.18	-75.44	-133.32
14962.43	-74.61	155.67
15018.90	-73.62	105.25
15075.57	-73.32	42.23
15132.46	-75.00	-14.12
15189.56	-77.53	-81.34
15246.88	-77.89	-154.46
15304.42	-74.92	144.86
15362.17	-74.59	76.24
15420.14	-75.00	31.08
15478.33	-76.53	-23.65
15536.74	-77.81	-101.72
15595.37	-76.06	-173.39
15654.22	-74.70	110.72
15713.29	-74.16	57.47
15772.58	-74.80	-2.17
15832.10	-75.88	-69.78
15891.85	-76.72	-159.37
15951.81	-75.27	132.82
16012.01	-73.81	70.97
16072.43	-74.37	18.07
16133.08	-77.07	-52.25
16193.96	-78.91	-128.56
16255.07	-76.91	146.97
16316.41	-76.17	89.69
16377.98	-75.16	39.13
16439.79	-76.82	-27.25
16501.82	-78.75	-103.12
16564.09	-78.11	176.43
16626.60	-75.30	108.54
16689.34	-74.27	46.06
16752.32	-75.61	-15.54
16815.54	-77.75	-92.73
16878.99	-76.87	-174.84
16942.69	-74.36	109.14
17006.62	-74.35	43.99
17070.79	-75.04	-19.01
17135.21	-76.61	-93.80
17199.87	-75.84	170.87
17264.78	-73.84	99.76
17329.93	-74.41	41.13
17395.32	-75.31	-26.98
17460.97	-77.23	-114.10
17526.86	-75.63	161.33
17593.00	-74.18	83.85
17659.38	-74.16	25.42
17726.02	-76.49	-46.05
17792.91	-77.40	-143.89
17860.06	-76.09	137.63
17927.45	-74.75	71.19
17995.10	-74.80	7.33
18063.01	-77.44	-70.88
18131.17	-77.45	-170.43
18199.59	-75.74	111.99
18268.27	-74.19	45.66
18337.21	-76.35	-20.12
18406.40	-78.07	-114.96
18475.86	-77.34	152.74
18545.58	-75.35	80.23
18615.56	-75.32	15.28
18685.81	-79.52	-67.15
18756.32	-78.89	-172.47
18827.10	-77.08	108.20
18898.15	-76.32	49.21
18969.46	-78.53	-18.05
19041.04	-81.71	-104.94
19112.90	-79.36	138.18
19185.02	-77.35	69.82
19257.42	-77.94	14.14
19330.09	-81.63	-71.41
19403.03	-82.39	173.58
19476.25	-78.28	94.65
19549.74	-78.44	38.19
19623.51	-82.47	-40.40
19697.56	-85.27	-170.61
19771.89	-80.01	102.56
19846.51	-77.73	42.22
19921.40	-55.22	51.38
19996.57	-84.99	94.97
20072.03	-82.92	99.54
20147.78	-80.53	65.54
20223.80	-83.27	26.85
20300.12	-85.83	163.19
20376.72	-87.89	104.72
20453.62	-81.33	90.34
20530.80	-81.63	44.89
20608.28	-83.11	-8.89
20686.04	-87.41	-144.55
20764.10	-81.54	101.49
20842.46	-79.90	46.40
20921.11	-83.59	-7.52
21000.06	-88.45	-89.50
21079.30	-81.61	106.15
21158.85	-80.38	43.31
21238.69	-82.61	-16.01
21318.84	-87.50	-93.16
21399.29	-80.71	99.93
21480.04	-79.58	47.85
21561.09	-83.70	-22.50
21642.46	-85.53	56.27
21724.12	-80.37	88.83
21806.10	-80.59	31.11
21888.39	-86.19	-85.04
21970.99	-84.96	109.84
22053.89	-81.80	59.11
22137.12	-84.58	9.91
22220.65	-88.83	166.96
22304.50	-83.97	79.62
