Freq[Hz]	[dBV]	Phase[Deg]
10.00	-56.17	135.75
10.04	-56.29	136.78
10.08	-56.41	137.86
10.11	-56.53	138.97
10.15	-56.65	140.11
10.19	-56.77	141.29
10.23	-56.89	142.51
10.27	-57.02	143.75
10.31	-57.14	145.03
10.34	-57.26	146.34
10.38	-57.38	147.68
10.42	-57.50	149.05
10.46	-57.62	150.45
10.50	-57.74	151.87
10.54	-57.85	153.31
10.58	-57.97	154.78
10.62	-58.08	156.28
10.66	-58.20	157.79
10.70	-58.31	159.32
10.74	-58.42	160.87
10.78	-58.53	162.44
10.82	-58.64	164.02
10.86	-58.74	165.62
10.90	-58.85	167.23
10.95	-58.95	168.85
10.99	-59.05	170.48
11.03	-59.14	172.11
11.07	-59.24	173.75
11.11	-59.33	175.40
11.15	-59.41	177.05
11.20	-59.50	178.69
11.24	-59.58	-179.66
11.28	-59.65	-178.02
11.32	-59.73	-176.38
11.37	-59.80	-174.75
11.41	-59.86	-173.13
11.45	-59.92	-171.52
11.50	-59.98	-169.93
11.54	-60.03	-168.35
11.58	-60.08	-166.79
11.63	-60.12	-165.25
11.67	-60.15	-163.73
11.71	-60.18	-162.24
11.76	-60.21	-160.77
11.80	-60.23	-159.33
11.85	-60.24	-157.92
11.89	-60.25	-156.54
11.94	-60.25	-155.18
11.98	-60.25	-153.85
12.03	-60.24	-152.55
12.07	-60.23	-151.28
12.12	-60.21	-150.03
12.16	-60.19	-148.81
12.21	-60.16	-147.62
12.26	-60.13	-146.45
12.30	-60.10	-145.32
12.35	-60.06	-144.21
12.39	-60.01	-143.12
12.44	-59.97	-142.07
12.49	-59.92	-141.04
12.54	-59.86	-140.03
12.58	-59.80	-139.06
12.63	-59.74	-138.11
12.68	-59.68	-137.18
12.73	-59.61	-136.28
12.77	-59.54	-135.41
12.82	-59.47	-134.57
12.87	-59.39	-133.75
12.92	-59.32	-132.95
12.97	-59.24	-132.18
13.02	-59.16	-131.44
13.07	-59.08	-130.72
13.12	-58.99	-130.02
13.16	-58.91	-129.35
13.21	-58.83	-128.71
13.26	-58.74	-128.09
13.31	-58.66	-127.49
13.36	-58.57	-126.91
13.41	-58.49	-126.36
13.47	-58.40	-125.84
13.52	-58.32	-125.33
13.57	-58.23	-124.85
13.62	-58.15	-124.39
13.67	-58.07	-123.95
13.72	-57.99	-123.54
13.77	-57.92	-123.14
13.83	-57.84	-122.77
13.88	-57.77	-122.42
13.93	-57.71	-122.08
13.98	-57.64	-121.77
14.04	-57.58	-121.48
14.09	-57.52	-121.20
14.14	-57.47	-120.95
14.19	-57.42	-120.71
14.25	-57.38	-120.49
14.30	-57.34	-120.29
14.36	-57.31	-120.10
14.41	-57.29	-119.94
14.46	-57.27	-119.78
14.52	-57.26	-119.65
14.57	-57.26	-119.53
14.63	-57.26	-119.42
14.68	-57.27	-119.33
14.74	-57.29	-119.25
14.80	-57.32	-119.18
14.85	-57.36	-119.12
14.91	-57.40	-119.07
14.96	-57.45	-119.04
15.02	-57.51	-119.01
15.08	-57.58	-118.98
15.13	-57.65	-118.96
15.19	-57.73	-118.95
15.25	-57.82	-118.93
15.31	-57.91	-118.92
15.36	-58.01	-118.91
15.42	-58.12	-118.89
15.48	-58.23	-118.88
15.54	-58.35	-118.86
15.60	-58.48	-118.83
15.66	-58.61	-118.79
15.71	-58.74	-118.75
15.77	-58.88	-118.70
15.83	-59.02	-118.63
15.89	-59.17	-118.55
15.95	-59.32	-118.45
16.01	-59.48	-118.34
16.07	-59.64	-118.21
16.13	-59.80	-118.06
16.19	-59.97	-117.88
16.26	-60.14	-117.68
16.32	-60.31	-117.46
16.38	-60.48	-117.20
16.44	-60.66	-116.92
16.50	-60.84	-116.60
16.56	-61.02	-116.25
16.63	-61.19	-115.87
16.69	-61.37	-115.44
16.75	-61.55	-114.97
16.82	-61.73	-114.46
16.88	-61.91	-113.91
16.94	-62.09	-113.30
17.01	-62.27	-112.65
17.07	-62.44	-111.95
17.14	-62.62	-111.19
17.20	-62.79	-110.37
17.27	-62.96	-109.49
17.33	-63.12	-108.55
17.40	-63.28	-107.54
17.46	-63.44	-106.47
17.53	-63.59	-105.32
17.59	-63.74	-104.10
17.66	-63.88	-102.81
17.73	-64.02	-101.45
17.79	-64.15	-100.02
17.86	-64.28	-98.52
17.93	-64.40	-96.97
18.00	-64.52	-95.37
18.06	-64.63	-93.72
18.13	-64.74	-92.02
18.20	-64.84	-90.28
18.27	-64.94	-88.51
18.34	-65.04	-86.71
18.41	-65.13	-84.89
18.48	-65.22	-83.05
18.55	-65.30	-81.19
18.62	-65.38	-79.33
18.69	-65.46	-77.46
18.76	-65.54	-75.60
18.83	-65.61	-73.75
18.90	-65.68	-71.92
18.97	-65.75	-70.10
19.04	-65.82	-68.32
19.11	-65.88	-66.57
19.19	-65.94	-64.86
19.26	-66.01	-63.21
19.33	-66.07	-61.60
19.40	-66.12	-60.06
19.48	-66.18	-58.59
19.55	-66.24	-57.20
19.62	-66.30	-55.89
19.70	-66.36	-54.68
19.77	-66.41	-53.56
19.85	-66.47	-52.55
19.92	-66.53	-51.66
20.00	-66.59	-50.90
20.07	-66.65	-50.27
20.15	-66.72	-49.78
20.22	-66.78	-49.44
20.30	-66.85	-49.27
20.38	-66.92	-49.26
20.45	-66.99	-49.43
20.53	-67.07	-49.79
20.61	-67.15	-50.35
20.69	-67.23	-51.08
20.77	-67.32	-52.00
20.84	-67.41	-53.08
20.92	-67.50	-54.31
21.00	-67.60	-55.70
21.08	-67.70	-57.23
21.16	-67.81	-58.88
21.24	-67.92	-60.66
21.32	-68.03	-62.54
21.40	-68.15	-64.52
21.48	-68.27	-66.59
21.56	-68.39	-68.73
21.64	-68.52	-70.95
21.73	-68.65	-73.21
21.81	-68.79	-75.52
21.89	-68.93	-77.85
21.97	-69.07	-80.21
22.06	-69.22	-82.56
22.14	-69.37	-84.91
22.22	-69.53	-87.24
22.31	-69.69	-89.53
22.39	-69.86	-91.78
22.47	-70.03	-93.96
22.56	-70.20	-96.06
22.64	-70.38	-98.07
22.73	-70.56	-99.97
22.82	-70.75	-101.75
22.90	-70.94	-103.38
22.99	-71.14	-104.87
23.07	-71.34	-106.18
23.16	-71.55	-107.30
23.25	-71.76	-108.22
23.34	-71.97	-108.91
23.43	-72.19	-109.36
23.51	-72.42	-109.56
23.60	-72.65	-109.50
23.69	-72.88	-109.20
23.78	-73.12	-108.68
23.87	-73.36	-107.94
23.96	-73.61	-107.00
24.05	-73.86	-105.87
24.14	-74.11	-104.56
24.23	-74.37	-103.09
24.32	-74.63	-101.48
24.42	-74.90	-99.73
24.51	-75.17	-97.87
24.60	-75.44	-95.90
24.69	-75.71	-93.85
24.79	-75.98	-91.73
24.88	-76.26	-89.56
24.97	-76.54	-87.35
25.07	-76.82	-85.12
25.16	-77.10	-82.89
25.26	-77.38	-80.68
25.35	-77.67	-78.50
25.45	-77.95	-76.37
25.54	-78.24	-74.32
25.64	-78.52	-72.37
25.74	-78.80	-70.52
25.84	-79.09	-68.82
25.93	-79.37	-67.26
26.03	-79.65	-65.89
26.13	-79.94	-64.71
26.23	-80.21	-63.75
26.33	-80.49	-63.04
26.43	-80.77	-62.60
26.53	-81.04	-62.42
26.63	-81.31	-62.48
26.73	-81.58	-62.75
26.83	-81.85	-63.22
26.93	-82.11	-63.85
27.03	-82.37	-64.62
27.13	-82.63	-65.50
27.23	-82.89	-66.47
27.34	-83.15	-67.49
27.44	-83.40	-68.54
27.54	-83.66	-69.59
27.65	-83.91	-70.60
27.75	-84.16	-71.56
27.86	-84.41	-72.42
27.96	-84.66	-73.15
28.07	-84.91	-73.73
28.17	-85.15	-74.11
28.28	-85.40	-74.26
28.39	-85.64	-74.15
28.49	-85.89	-73.74
28.60	-86.13	-73.00
28.71	-86.37	-71.89
28.82	-86.62	-70.36
28.93	-86.86	-68.39
29.03	-87.10	-65.92
29.14	-87.35	-62.92
29.25	-87.59	-59.36
29.36	-87.83	-55.18
29.48	-88.08	-50.41
29.59	-88.32	-45.09
29.70	-88.56	-39.30
29.81	-88.80	-33.09
29.92	-89.04	-26.51
30.04	-89.27	-19.64
30.15	-89.50	-12.54
30.26	-89.73	-5.27
30.38	-89.94	2.10
30.49	-90.16	9.49
30.61	-90.36	16.85
30.72	-90.55	24.10
30.84	-90.74	31.16
30.95	-90.91	37.95
31.07	-91.08	44.41
31.19	-91.23	50.46
31.31	-91.37	56.00
31.42	-91.49	60.96
31.54	-91.60	65.27
31.66	-91.70	68.82
31.78	-91.77	71.53
31.90	-91.83	73.32
32.02	-91.87	74.08
32.14	-91.89	73.74
32.26	-91.89	72.19
32.39	-91.86	69.40
32.51	-91.81	65.46
32.63	-91.74	60.44
32.75	-91.65	54.44
32.88	-91.54	47.55
33.00	-91.41	39.88
33.13	-91.25	31.50
33.25	-91.07	22.54
33.38	-90.87	13.09
33.50	-90.65	3.25
33.63	-90.41	-6.87
33.76	-90.15	-17.15
33.88	-89.87	-27.49
34.01	-89.57	-37.76
34.14	-89.25	-47.86
34.27	-88.91	-57.66
34.40	-88.55	-67.04
34.53	-88.17	-75.87
34.66	-87.77	-84.02
34.79	-87.35	-91.36
34.92	-86.92	-97.76
35.05	-86.46	-103.08
35.18	-85.99	-107.18
35.32	-85.50	-109.98
35.45	-85.00	-111.52
35.58	-84.50	-111.88
35.72	-83.99	-111.12
35.85	-83.49	-109.32
35.99	-83.00	-106.54
36.12	-82.53	-102.87
36.26	-82.08	-98.39
36.40	-81.67	-93.16
36.53	-81.28	-87.28
36.67	-80.94	-80.83
36.81	-80.65	-73.88
36.95	-80.42	-66.53
37.09	-80.25	-58.87
37.23	-80.15	-50.98
37.37	-80.12	-42.97
37.51	-80.19	-34.92
37.65	-80.34	-26.93
37.79	-80.59	-19.11
37.94	-80.96	-11.55
38.08	-81.43	-4.37
38.22	-82.03	2.36
38.37	-82.75	8.59
38.51	-83.56	14.33
38.66	-84.45	19.56
38.80	-85.42	24.26
38.95	-86.45	28.44
39.10	-87.51	32.08
39.24	-88.61	35.17
39.39	-89.72	37.70
39.54	-90.82	39.66
39.69	-91.91	41.04
39.84	-92.96	41.82
39.99	-93.95	42.01
40.14	-94.88	41.58
40.29	-95.72	40.52
40.45	-96.46	38.83
40.60	-97.07	36.48
40.75	-97.54	33.48
40.90	-97.86	29.81
41.06	-97.99	25.45
41.21	-97.93	20.41
41.37	-97.70	14.73
41.53	-97.32	8.46
41.68	-96.80	1.65
41.84	-96.16	-5.67
42.00	-95.41	-13.43
42.16	-94.59	-21.60
42.32	-93.70	-30.12
42.47	-92.77	-38.94
42.63	-91.82	-48.01
42.80	-90.86	-57.27
42.96	-89.93	-66.66
43.12	-89.04	-76.14
43.28	-88.20	-85.63
43.45	-87.46	-95.09
43.61	-86.83	-104.45
43.77	-86.32	-113.65
43.94	-85.98	-122.63
44.10	-85.81	-131.32
44.27	-85.81	-139.72
44.44	-85.95	-147.81
44.61	-86.22	-155.59
44.77	-86.60	-163.04
44.94	-87.07	-170.17
45.11	-87.60	-176.96
45.28	-88.17	176.59
45.45	-88.76	170.49
45.63	-89.36	164.76
45.80	-89.93	159.39
45.97	-90.46	154.40
46.14	-90.91	149.79
46.32	-91.28	145.58
46.49	-91.52	141.77
46.67	-91.61	138.38
46.84	-91.54	135.40
47.02	-91.26	132.85
47.20	-90.81	130.73
47.38	-90.18	129.05
47.56	-89.39	127.79
47.74	-88.48	126.97
47.92	-87.44	126.58
48.10	-86.31	126.62
48.28	-85.11	127.09
48.46	-83.85	127.99
48.64	-82.55	129.32
48.83	-81.24	131.08
49.01	-79.94	133.27
49.20	-78.66	135.89
49.38	-77.44	138.94
49.57	-76.30	142.42
49.75	-75.26	146.32
49.94	-74.34	150.64
50.13	-73.54	155.32
50.32	-72.87	160.27
50.51	-72.31	165.39
50.70	-71.85	170.59
50.89	-71.50	175.77
51.08	-71.25	-179.17
51.28	-71.08	-174.33
51.47	-70.99	-169.82
51.66	-70.98	-165.75
51.86	-71.03	-162.22
52.05	-71.14	-159.35
52.25	-71.30	-157.25
52.45	-71.51	-156.04
52.65	-71.75	-155.84
52.85	-72.02	-156.76
53.04	-72.30	-158.85
53.24	-72.60	-162.05
53.45	-72.88	-166.34
53.65	-73.15	-171.66
53.85	-73.39	-177.97
54.05	-73.59	174.77
54.26	-73.74	166.61
54.46	-73.81	157.59
54.67	-73.81	147.78
54.87	-73.72	137.21
55.08	-73.52	125.95
55.29	-73.20	114.03
55.50	-72.75	101.52
55.71	-72.14	88.48
55.92	-71.39	74.97
56.13	-70.52	61.12
56.34	-69.56	47.05
56.55	-68.55	32.89
56.77	-67.52	18.77
56.98	-66.51	4.83
57.19	-65.56	-8.80
57.41	-64.70	-21.98
57.63	-63.98	-34.56
57.84	-63.43	-46.39
58.06	-63.10	-57.34
58.28	-63.02	-67.23
58.50	-63.24	-75.92
58.72	-63.80	-83.24
58.94	-64.69	-89.14
59.17	-65.86	-93.59
59.39	-67.26	-96.60
59.61	-68.84	-98.16
59.84	-70.54	-98.26
60.06	-72.31	-96.91
60.29	-74.09	-94.09
60.52	-75.82	-89.80
60.75	-77.45	-84.04
60.98	-78.91	-76.81
61.21	-80.15	-68.09
61.44	-81.09	-57.89
61.67	-81.69	-46.21
61.90	-81.93	-33.23
62.14	-81.86	-19.22
62.37	-81.51	-4.48
62.61	-80.93	10.69
62.84	-80.15	25.98
63.08	-79.22	41.08
63.32	-78.19	55.67
63.56	-77.09	69.42
63.80	-75.98	81.98
64.04	-74.90	93.03
64.28	-73.90	102.20
64.52	-73.03	109.15
64.76	-72.32	113.72
65.01	-71.74	116.15
65.25	-71.29	116.73
65.50	-70.94	115.77
65.75	-70.67	113.55
66.00	-70.47	110.40
66.24	-70.31	106.63
66.49	-70.17	102.56
66.75	-70.03	98.52
67.00	-69.87	94.86
67.25	-69.67	91.93
67.50	-69.40	90.06
67.76	-69.05	89.33
68.01	-68.63	89.55
68.27	-68.13	90.47
68.53	-67.56	91.87
68.79	-66.93	93.52
69.05	-66.23	95.16
69.31	-65.47	96.55
69.57	-64.64	97.42
69.83	-63.77	97.54
70.09	-62.84	96.61
70.36	-61.86	94.38
70.62	-60.84	90.68
70.89	-59.81	85.60
71.16	-58.79	79.29
71.43	-57.82	71.89
71.70	-56.94	63.56
71.97	-56.16	54.43
72.24	-55.53	44.67
72.51	-55.08	34.43
72.79	-54.84	23.88
73.06	-54.84	13.19
73.34	-55.13	2.52
73.61	-55.71	-7.97
73.89	-56.52	-18.14
74.17	-57.52	-27.85
74.45	-58.64	-36.95
74.73	-59.83	-45.30
75.01	-61.04	-52.75
75.29	-62.20	-59.14
75.58	-63.25	-64.32
75.86	-64.13	-68.13
76.15	-64.78	-70.40
76.44	-65.15	-71.02
76.73	-65.29	-70.11
77.02	-65.27	-67.86
77.31	-65.17	-64.48
77.60	-65.08	-60.19
77.89	-65.07	-55.19
78.18	-65.23	-49.70
78.48	-65.65	-43.96
78.78	-66.41	-38.18
79.07	-67.60	-32.61
79.37	-69.29	-27.45
79.67	-71.40	-22.81
79.97	-73.80	-18.72
80.27	-76.35	-15.24
80.58	-78.91	-12.41
80.88	-81.36	-10.29
81.19	-83.54	-8.93
81.49	-85.32	-8.38
81.80	-86.53	-8.69
82.11	-87.03	-9.91
82.42	-86.75	-12.06
82.73	-85.80	-15.00
83.04	-84.29	-18.62
83.35	-82.36	-22.77
83.67	-80.14	-27.32
83.99	-77.77	-32.14
84.30	-75.37	-37.07
84.62	-73.09	-41.97
84.94	-71.07	-46.69
85.26	-69.43	-51.09
85.58	-68.18	-55.09
85.90	-67.26	-58.64
86.23	-66.63	-61.68
86.55	-66.25	-64.13
86.88	-66.07	-65.95
87.21	-66.04	-67.06
87.54	-66.11	-67.41
87.87	-66.24	-66.91
88.20	-66.37	-65.57
88.53	-66.48	-63.57
88.87	-66.56	-61.20
89.20	-66.60	-58.75
89.54	-66.56	-56.53
89.88	-66.45	-54.82
90.22	-66.24	-53.94
90.56	-65.91	-54.21
90.90	-65.44	-55.95
91.24	-64.85	-59.27
91.59	-64.16	-63.85
91.93	-63.45	-69.32
92.28	-62.75	-75.27
92.63	-62.13	-81.30
92.98	-61.64	-87.00
93.33	-61.34	-91.95
93.68	-61.28	-95.72
94.03	-61.53	-97.93
94.39	-62.05	-98.70
94.74	-62.82	-98.38
95.10	-63.77	-97.32
95.46	-64.86	-95.89
95.82	-66.05	-94.45
96.18	-67.27	-93.39
96.54	-68.48	-93.10
96.91	-69.63	-93.94
97.27	-70.68	-95.91
97.64	-71.63	-98.74
98.01	-72.48	-102.14
98.38	-73.21	-105.81
98.75	-73.81	-109.44
99.12	-74.27	-112.74
99.50	-74.59	-115.38
99.87	-74.76	-117.06
100.25	-74.78	-117.76
100.63	-74.67	-117.60
101.01	-74.46	-116.71
101.39	-74.16	-115.24
101.77	-73.79	-113.33
102.16	-73.38	-111.11
102.54	-72.94	-108.75
102.93	-72.50	-106.36
103.32	-72.08	-104.02
103.71	-71.71	-101.77
104.10	-71.43	-99.67
104.49	-71.26	-97.77
104.88	-71.23	-96.12
105.28	-71.38	-94.77
105.68	-71.73	-93.79
106.08	-72.27	-93.17
106.48	-72.91	-92.86
106.88	-73.57	-92.82
107.28	-74.17	-92.98
107.69	-74.63	-93.31
108.09	-74.86	-93.74
108.50	-74.77	-94.22
108.91	-74.33	-94.74
109.32	-73.63	-95.37
109.73	-72.75	-96.21
110.15	-71.80	-97.35
110.56	-70.89	-98.88
110.98	-70.11	-100.90
111.40	-69.57	-103.51
111.82	-69.33	-106.77
112.24	-69.34	-110.71
112.67	-69.53	-115.30
113.09	-69.81	-120.55
113.52	-70.11	-126.46
113.95	-70.36	-133.01
114.38	-70.46	-140.21
114.81	-70.40	-147.85
115.24	-70.26	-155.38
115.68	-70.12	-162.21
116.11	-70.08	-167.72
116.55	-70.23	-171.28
116.99	-70.68	-172.25
117.43	-71.51	-170.02
117.87	-72.68	-164.89
118.32	-74.03	-157.98
118.77	-75.38	-150.47
119.21	-76.55	-143.53
119.66	-77.36	-138.40
120.12	-77.63	-136.33
120.57	-77.24	-138.16
121.02	-76.36	-142.97
121.48	-75.24	-149.40
121.94	-74.13	-156.02
122.40	-73.30	-161.38
122.86	-73.01	-164.01
123.32	-73.51	-162.50
123.79	-74.78	-156.91
124.26	-76.56	-148.45
124.73	-78.58	-138.42
125.20	-80.56	-128.13
125.67	-82.23	-118.93
126.14	-83.31	-112.19
126.62	-83.65	-108.61
127.10	-83.37	-107.89
127.58	-82.59	-109.67
128.06	-81.44	-113.54
128.54	-80.06	-119.11
129.03	-78.57	-125.96
129.51	-77.10	-133.65
130.00	-75.77	-141.67
130.49	-74.69	-149.49
130.98	-73.96	-156.57
131.48	-73.70	-162.36
131.98	-74.03	-166.31
132.47	-74.95	-168.32
132.97	-76.22	-169.12
133.48	-77.60	-169.58
133.98	-78.83	-170.57
134.48	-79.64	-172.97
134.99	-79.77	-177.66
135.50	-79.16	175.49
136.01	-77.99	167.83
136.53	-76.45	160.79
137.04	-74.73	155.85
137.56	-73.04	154.52
138.08	-71.59	158.05
138.60	-70.54	165.31
139.12	-70.03	173.78
139.65	-70.21	-179.09
140.17	-71.23	-175.95
140.70	-73.26	-179.47
141.23	-76.27	169.10
141.77	-79.84	152.44
142.30	-83.45	133.96
142.84	-86.58	117.11
143.38	-88.69	105.43
143.92	-89.27	102.24
144.46	-88.40	107.34
145.01	-86.53	118.27
145.55	-84.10	132.42
146.10	-81.59	147.17
146.65	-79.47	159.82
147.21	-78.04	168.68
147.76	-77.23	173.77
148.32	-76.96	175.28
148.88	-77.14	173.39
149.44	-77.69	168.29
150.01	-78.50	160.19
150.57	-79.41	149.20
151.14	-80.25	135.45
151.71	-80.84	119.09
152.28	-81.00	100.23
152.86	-80.59	79.15
153.43	-79.73	56.82
154.01	-78.63	34.49
154.59	-77.48	13.43
155.18	-76.51	-5.04
155.76	-75.90	-19.86
156.35	-75.63	-31.57
156.94	-75.61	-41.42
157.53	-75.72	-50.66
158.13	-75.87	-60.60
158.72	-75.96	-72.27
159.32	-75.98	-84.93
159.93	-75.96	-97.19
160.53	-75.91	-107.62
161.13	-75.88	-114.74
161.74	-75.88	-117.59
162.35	-75.93	-117.24
162.97	-76.03	-115.31
163.58	-76.22	-113.46
164.20	-76.49	-113.38
164.82	-76.82	-115.83
165.44	-77.09	-119.51
166.06	-77.15	-122.84
166.69	-76.87	-124.22
167.32	-76.10	-122.06
167.95	-74.91	-116.73
168.58	-73.53	-110.44
169.22	-72.21	-105.53
169.86	-71.20	-104.40
170.50	-70.69	-108.99
171.14	-70.56	-118.42
171.79	-70.53	-130.88
172.44	-70.33	-144.47
173.09	-69.70	-157.30
173.74	-68.66	-168.23
174.40	-67.67	-177.24
175.06	-67.23	175.56
175.72	-67.87	170.10
176.38	-69.94	166.33
177.04	-73.00	164.51
177.71	-76.27	164.98
178.38	-78.98	168.10
179.06	-80.36	174.18
179.73	-80.24	-177.62
180.41	-79.07	-169.27
181.09	-77.31	-162.85
181.77	-75.46	-160.48
182.46	-73.88	-163.28
183.15	-72.70	-170.05
183.84	-72.01	-179.23
184.53	-71.91	170.77
185.23	-72.42	161.45
185.93	-73.21	153.74
186.63	-73.84	148.39
187.33	-73.85	146.20
188.04	-72.88	147.67
188.75	-71.35	150.86
189.46	-70.12	152.60
190.18	-70.04	149.59
190.90	-71.89	138.90
191.62	-75.30	122.35
192.34	-79.07	105.13
193.07	-81.97	92.60
193.79	-82.81	89.93
194.53	-81.64	97.46
195.26	-79.46	111.73
196.00	-77.34	129.06
196.74	-76.30	145.70
197.48	-76.48	157.84
198.22	-77.31	161.60
198.97	-78.19	153.01
199.72	-78.55	128.82
200.48	-78.38	95.05
201.23	-77.97	63.82
201.99	-77.67	47.68
202.75	-77.74	56.97
203.52	-78.11	83.81
204.29	-78.48	111.61
205.06	-78.58	123.38
205.83	-78.25	107.08
206.61	-77.96	73.69
207.39	-78.37	40.74
208.17	-80.12	26.13
208.96	-83.33	38.63
209.74	-86.83	66.31
210.54	-89.29	94.16
211.33	-89.38	107.30
212.13	-87.05	101.57
212.93	-83.59	83.98
213.73	-80.35	62.23
214.54	-78.56	43.58
215.35	-78.22	31.45
216.16	-78.83	27.68
216.98	-79.88	34.13
217.80	-80.98	49.25
218.62	-82.04	64.15
219.44	-82.97	68.80
220.27	-83.72	53.87
221.10	-84.23	20.84
221.94	-84.48	-21.39
222.77	-84.43	-63.57
223.61	-84.10	-99.05
224.46	-83.72	-128.49
225.30	-83.54	-153.75
226.15	-83.81	-176.84
227.01	-84.51	159.64
227.86	-85.44	132.62
228.72	-86.42	98.98
229.59	-87.21	61.52
230.45	-87.47	35.00
231.32	-86.84	35.87
232.20	-85.10	76.19
233.07	-82.78	138.70
233.95	-80.74	-165.45
234.84	-79.81	-144.53
235.72	-80.09	-160.73
236.61	-80.91	169.11
237.50	-81.58	149.67
238.40	-81.66	154.11
239.30	-81.31	170.62
240.20	-80.73	-176.07
241.11	-80.13	-178.12
242.02	-79.61	167.66
242.93	-79.23	148.89
243.85	-79.07	132.86
244.77	-79.22	122.65
245.69	-79.75	119.15
246.62	-80.74	123.07
247.55	-81.88	132.24
248.48	-82.55	142.03
249.42	-82.11	147.72
250.36	-80.70	147.66
251.31	-79.46	144.04
252.26	-79.58	139.34
253.21	-81.27	135.42
254.16	-83.18	133.05
255.12	-83.74	132.93
256.09	-82.25	134.56
257.05	-79.61	135.02
258.02	-76.94	131.11
259.00	-75.04	121.22
259.97	-74.01	107.43
260.95	-73.81	92.31
261.94	-74.47	77.74
262.93	-76.14	64.00
263.92	-78.95	51.18
264.92	-82.57	40.63
265.92	-85.74	36.19
266.92	-87.06	42.00
267.93	-86.07	58.35
268.94	-83.81	79.04
269.95	-81.52	97.16
270.97	-79.92	107.28
271.99	-79.13	105.84
273.02	-79.20	89.84
274.05	-79.98	66.22
275.08	-81.14	51.02
276.12	-82.29	58.74
277.16	-82.94	81.37
278.21	-82.48	97.31
279.26	-80.53	88.85
280.31	-78.00	62.94
281.37	-76.24	35.32
282.43	-76.21	17.96
283.50	-77.68	11.23
284.57	-80.20	13.35
285.64	-83.15	20.78
286.72	-85.72	27.35
287.80	-87.12	27.19
288.89	-87.41	21.96
289.98	-87.22	18.73
291.07	-87.03	22.74
292.17	-86.42	29.28
293.27	-84.73	30.54
294.38	-82.50	19.93
295.49	-82.47	-6.81
296.61	-87.37	-52.31
297.73	-95.54	-99.69
298.85	-102.11	-117.90
299.98	-103.34	-88.39
301.11	-100.25	-43.57
302.25	-95.07	-27.88
303.39	-89.92	-54.84
304.53	-86.81	-99.62
305.68	-87.27	-137.60
306.83	-89.78	-162.78
307.99	-91.61	-176.24
309.15	-91.32	-179.96
310.32	-89.57	-177.40
311.49	-87.18	-172.47
312.67	-84.59	-171.33
313.85	-82.05	178.91
315.03	-79.91	157.27
316.22	-78.55	133.22
317.41	-78.37	115.63
318.61	-79.50	102.19
319.81	-81.93	86.27
321.02	-85.08	71.42
322.23	-87.55	75.01
323.45	-88.14	107.26
324.67	-86.82	141.51
325.89	-83.93	142.47
327.12	-80.28	110.02
328.36	-77.14	74.30
329.60	-76.08	50.72
330.84	-79.44	17.10
332.09	-88.69	-48.35
333.34	-98.46	-125.37
334.60	-100.72	-176.65
335.86	-94.71	166.12
337.13	-87.42	160.55
338.40	-83.77	150.71
339.68	-82.53	140.97
340.96	-81.69	137.08
342.25	-80.37	133.99
343.54	-78.15	123.20
344.83	-75.61	106.77
346.14	-74.08	95.16
347.44	-74.19	91.23
348.75	-75.29	85.36
350.07	-76.57	71.66
351.39	-77.12	59.71
352.72	-76.25	59.35
354.05	-75.10	63.07
355.38	-75.36	57.90
356.72	-76.65	44.45
358.07	-77.32	32.10
359.42	-77.13	24.26
360.78	-77.46	17.69
362.14	-78.67	12.26
363.51	-79.37	13.53
364.88	-78.69	23.39
366.25	-77.67	33.09
367.64	-77.28	34.96
369.02	-77.13	31.94
370.42	-76.63	27.60
371.81	-75.96	15.69
373.22	-75.59	-10.24
374.63	-76.71	-34.73
376.04	-80.36	-35.88
377.46	-83.63	-21.94
378.88	-82.01	-16.53
380.31	-77.91	-27.42
381.75	-77.84	-51.67
383.19	-81.33	-83.85
384.63	-82.88	-117.03
386.09	-81.91	-149.28
387.54	-81.89	177.53
389.00	-83.37	147.01
390.47	-84.38	127.07
391.95	-83.69	116.36
393.43	-80.86	105.48
394.91	-77.33	88.41
396.40	-75.92	62.91
397.90	-76.23	37.27
399.40	-75.54	26.59
400.90	-74.57	26.52
402.42	-76.18	20.61
403.94	-79.10	12.41
405.46	-79.97	15.59
406.99	-79.57	23.31
408.53	-80.22	21.27
410.07	-80.98	14.99
411.61	-80.18	15.76
413.17	-79.07	23.89
414.73	-79.12	34.34
416.29	-79.39	35.26
417.86	-79.09	20.98
419.44	-78.91	4.70
421.02	-79.25	-1.69
422.61	-79.48	6.34
424.21	-79.27	20.46
425.81	-78.68	20.47
427.41	-77.83	11.53
429.03	-76.84	14.01
430.65	-75.72	19.35
432.27	-74.51	11.59
433.90	-73.42	0.20
435.54	-72.55	-5.71
437.18	-71.66	-13.51
438.83	-70.86	-25.74
440.49	-70.76	-36.04
442.15	-71.03	-45.99
443.82	-70.82	-62.52
445.49	-70.74	-86.87
447.18	-72.63	-114.69
448.86	-80.15	-132.66
450.56	-90.56	-157.38
452.26	-92.43	116.41
453.96	-86.82	9.97
455.68	-82.79	-29.09
457.40	-82.25	-38.95
459.12	-83.63	-60.56
460.85	-83.08	-52.72
462.59	-80.12	-20.09
464.34	-77.54	-14.52
466.09	-75.81	-30.12
467.85	-74.69	-44.16
469.62	-74.70	-55.42
471.39	-75.68	-63.24
473.17	-76.61	-65.05
474.95	-76.57	-65.77
476.74	-75.63	-71.17
478.54	-75.89	-81.45
480.35	-77.73	-91.15
482.16	-79.82	-92.66
483.98	-81.29	-88.74
485.81	-81.43	-79.12
487.64	-79.73	-56.47
489.48	-77.18	-44.28
491.33	-75.44	-64.44
493.18	-75.43	-84.16
495.04	-76.47	-92.87
496.91	-77.13	-103.45
498.79	-78.68	-101.49
500.67	-80.33	-84.99
502.56	-78.64	-77.92
504.45	-78.15	-93.63
506.36	-81.72	-111.65
508.27	-83.68	-73.36
510.19	-80.62	-29.75
512.11	-73.93	-43.83
514.04	-71.07	-77.70
515.98	-72.86	-105.03
517.93	-75.70	-115.11
519.89	-76.42	-101.72
521.85	-74.52	-90.50
523.82	-71.95	-105.54
525.79	-72.19	-121.95
527.78	-74.14	-125.39
529.77	-74.87	-121.86
531.77	-73.98	-133.29
533.78	-74.71	-141.41
535.79	-77.65	-131.31
537.81	-76.83	-129.42
539.84	-75.14	-132.34
541.88	-75.33	-131.74
543.92	-74.96	-132.03
545.98	-73.94	-136.09
548.04	-73.22	-142.59
550.10	-73.60	-147.00
552.18	-74.52	-146.47
554.26	-74.45	-147.63
556.35	-73.08	-155.88
558.45	-72.78	-164.48
560.56	-73.39	-174.55
562.68	-74.85	176.33
564.80	-77.04	175.67
566.93	-76.31	-178.06
569.07	-75.52	-176.49
571.22	-76.77	177.71
573.37	-75.67	177.40
575.54	-74.20	170.20
577.71	-75.80	164.99
579.89	-79.09	175.55
582.08	-76.87	-177.52
584.27	-74.56	165.97
586.48	-76.55	149.60
588.69	-80.39	162.93
590.91	-80.61	-178.94
593.14	-78.27	-167.25
595.38	-76.62	-174.25
597.63	-76.47	167.58
599.88	-75.47	172.48
602.15	-75.84	166.71
604.42	-79.29	157.48
606.70	-81.67	174.83
608.99	-76.93	-148.67
611.29	-71.02	-144.91
613.59	-67.54	-172.51
615.91	-66.86	158.03
618.23	-67.97	144.41
620.57	-69.31	139.58
622.91	-69.18	133.40
625.26	-68.72	123.16
627.62	-69.14	113.76
629.99	-69.76	108.16
632.36	-69.96	100.15
634.75	-72.42	88.87
637.15	-73.10	93.70
639.55	-73.70	104.70
641.96	-74.97	111.39
644.39	-71.10	120.89
646.82	-68.98	95.52
649.26	-71.23	80.18
651.71	-71.24	82.70
654.17	-69.52	81.98
656.64	-70.25	72.60
659.11	-70.37	63.62
661.60	-71.89	60.86
664.10	-72.34	50.69
666.60	-73.05	50.95
669.12	-74.00	52.34
671.64	-74.17	46.08
674.18	-74.47	44.26
676.72	-75.10	41.31
679.28	-75.46	50.44
681.84	-75.91	54.54
684.41	-75.98	48.87
687.00	-74.22	48.74
689.59	-73.33	40.83
692.19	-75.25	30.31
694.80	-76.52	43.57
697.42	-75.17	48.52
700.06	-72.53	36.02
702.70	-71.98	30.58
705.35	-72.08	20.60
708.01	-72.38	9.82
710.68	-73.46	0.91
713.36	-76.23	-10.34
716.06	-77.39	-10.84
718.76	-78.08	-3.41
721.47	-79.98	14.43
724.19	-77.49	38.85
726.93	-74.60	22.08
729.67	-73.41	23.40
732.42	-71.09	17.02
735.19	-71.10	-4.84
737.96	-72.97	-9.49
740.75	-71.20	-15.77
743.54	-72.02	-23.70
746.35	-73.09	-33.77
749.16	-72.47	-40.25
751.99	-74.98	-48.54
754.83	-75.66	-37.00
757.68	-73.80	-41.40
760.54	-74.15	-54.89
763.41	-74.69	-66.98
766.29	-76.90	-59.55
769.18	-75.61	-61.53
772.08	-77.85	-92.16
774.99	-87.12	-64.27
777.92	-78.12	-32.82
780.85	-74.01	-34.77
783.80	-73.03	-62.58
786.76	-73.95	-76.15
789.73	-77.49	-84.77
792.71	-77.31	-56.16
795.70	-70.95	-65.68
798.70	-71.02	-100.90
801.71	-72.80	-121.02
804.74	-73.91	-139.03
807.78	-80.04	-174.61
810.83	-88.69	-124.25
813.88	-82.74	-101.50
816.96	-83.26	-91.12
820.04	-78.71	-90.76
823.13	-78.51	-112.80
826.24	-75.41	-134.84
829.36	-81.23	-176.98
832.49	-89.01	-65.60
835.63	-76.38	-75.21
838.78	-75.94	-122.69
841.95	-79.53	-128.41
845.12	-79.01	-150.60
848.31	-87.73	152.80
851.51	-88.92	-123.00
854.73	-80.38	-127.56
857.95	-86.24	-162.67
861.19	-84.08	-71.98
864.44	-77.98	-103.18
867.70	-79.05	-129.09
870.98	-77.34	-146.39
874.26	-80.89	-178.58
877.56	-86.56	-174.95
880.87	-84.00	168.27
884.20	-88.23	131.51
887.53	-89.40	-5.30
890.88	-85.31	-66.28
894.25	-78.93	-95.46
897.62	-83.27	-119.68
901.01	-91.67	-80.04
904.41	-81.13	-60.89
907.82	-74.53	-102.93
911.25	-74.08	-123.89
914.68	-75.93	-139.68
918.14	-75.34	-158.70
921.60	-77.13	-173.78
925.08	-78.39	-159.03
928.57	-75.53	-175.32
932.07	-78.17	-167.31
935.59	-78.29	179.19
939.12	-78.19	-151.95
942.67	-76.80	-150.76
946.22	-74.63	-157.03
949.79	-72.70	179.95
953.38	-74.04	163.95
956.97	-73.89	148.29
960.59	-74.29	120.82
964.21	-80.78	129.22
967.85	-76.74	153.39
971.50	-77.06	151.52
975.17	-74.66	150.56
978.85	-74.46	134.77
982.54	-76.41	130.87
986.25	-76.63	125.69
989.97	-77.14	125.97
993.71	-74.93	151.47
997.46	-73.58	135.38
1001.22	-71.75	132.24
1005.00	-69.34	129.76
1008.79	-66.31	88.87
1012.60	-69.72	32.54
1016.42	-81.18	34.00
1020.25	-78.50	84.12
1024.10	-75.58	97.17
1027.97	-75.98	92.33
1031.85	-72.55	97.95
1035.74	-70.26	66.12
1039.65	-73.11	45.29
1043.57	-75.52	60.69
1047.51	-75.36	71.83
1051.46	-71.65	71.72
1055.43	-71.54	45.51
1059.41	-74.22	48.14
1063.41	-72.23	37.17
1067.43	-73.45	31.89
1071.45	-72.50	35.33
1075.50	-72.96	15.81
1079.55	-74.49	16.93
1083.63	-76.08	2.98
1087.72	-75.83	25.37
1091.82	-74.30	19.54
1095.94	-73.27	17.45
1100.08	-73.07	2.91
1104.23	-73.92	-3.28
1108.40	-73.88	-0.59
1112.58	-73.30	-3.66
1116.78	-74.68	-10.57
1120.99	-72.47	-1.90
1125.22	-72.24	-13.40
1129.47	-71.32	-13.77
1133.73	-69.88	-24.48
1138.01	-69.50	-40.48
1142.30	-70.33	-59.99
1146.61	-71.55	-72.59
1150.94	-74.35	-62.06
1155.28	-73.47	-64.77
1159.64	-72.18	-58.56
1164.02	-70.92	-66.64
1168.41	-70.84	-83.49
1172.82	-72.06	-101.85
1177.25	-74.28	-86.91
1181.69	-71.94	-81.82
1186.15	-72.63	-85.41
1190.62	-69.76	-96.88
1195.12	-72.34	-104.05
1199.63	-71.75	-100.54
1204.15	-69.55	-122.90
1208.70	-72.18	-124.90
1213.26	-71.52	-127.13
1217.84	-71.55	-130.54
1222.43	-70.88	-142.17
1227.04	-71.71	-152.23
1231.67	-69.45	-147.57
1236.32	-71.17	-173.11
1240.99	-72.26	-150.27
1245.67	-69.46	178.09
1250.37	-73.49	173.87
1255.09	-71.77	169.48
1259.83	-71.90	165.91
1264.58	-72.26	151.83
1269.35	-75.87	131.51
1274.14	-74.80	169.84
1278.95	-74.29	169.26
1283.78	-71.26	150.63
1288.62	-71.70	129.45
1293.48	-74.47	110.60
1298.36	-74.09	136.65
1303.26	-73.25	124.03
1308.18	-72.77	131.27
1313.12	-70.82	121.46
1318.07	-70.46	98.71
1323.05	-73.38	90.75
1328.04	-72.37	101.87
1333.05	-71.06	79.45
1338.08	-73.04	55.18
1343.13	-77.57	64.53
1348.20	-77.20	87.00
1353.29	-72.57	79.28
1358.39	-73.52	64.14
1363.52	-69.94	72.23
1368.67	-69.26	38.91
1373.83	-70.65	20.91
1379.01	-71.17	-1.41
1384.22	-73.79	-7.93
1389.44	-75.49	-27.86
1394.68	-81.10	-8.17
1399.95	-80.97	6.50
1405.23	-77.28	5.30
1410.53	-78.42	-2.87
1415.86	-76.52	-0.64
1421.20	-80.76	0.17
1426.56	-77.37	3.44
1431.94	-73.89	-35.60
1437.35	-76.75	-63.88
1442.77	-79.99	-83.56
1448.22	-86.95	-49.63
1453.68	-86.18	-66.43
1459.17	-88.85	-43.76
1464.67	-89.49	-9.89
1470.20	-80.83	-0.55
1475.75	-79.63	-37.65
1481.32	-81.72	-45.57
1486.91	-83.31	-52.77
1492.52	-81.78	-45.49
1498.15	-86.44	-56.72
1503.80	-81.90	-22.91
1509.48	-78.39	-45.19
1515.17	-77.79	-57.09
1520.89	-77.68	-78.41
1526.63	-77.83	-102.33
1532.39	-84.24	-96.85
1538.17	-78.48	-64.36
1543.98	-75.95	-101.65
1549.81	-76.84	-115.11
1555.65	-81.20	-143.13
1561.52	-85.16	-166.09
1567.42	-86.08	-122.15
1573.33	-85.07	-46.13
1579.27	-79.33	-74.78
1585.23	-74.89	-96.25
1591.21	-74.54	-120.83
1597.21	-75.80	-148.09
1603.24	-76.70	-149.29
1609.29	-76.66	-147.96
1615.36	-74.18	-168.98
1621.46	-75.91	165.03
1627.58	-80.54	148.88
1633.72	-83.70	169.88
1639.89	-87.02	-158.53
1646.07	-80.87	-145.52
1652.29	-74.85	-173.65
1658.52	-75.13	159.95
1664.78	-79.59	151.98
1671.06	-79.34	172.95
1677.37	-75.90	170.50
1683.70	-74.00	157.80
1690.05	-72.95	143.19
1696.43	-70.83	118.83
1702.83	-72.48	90.37
1709.26	-77.10	82.84
1715.70	-76.15	117.49
1722.18	-73.20	90.19
1728.68	-75.91	81.95
1735.20	-76.59	67.63
1741.75	-77.80	102.51
1748.32	-72.53	85.71
1754.92	-71.25	65.49
1761.54	-72.15	51.67
1768.19	-73.32	47.64
1774.86	-71.73	48.30
1781.56	-70.98	34.53
1788.28	-70.09	21.75
1795.03	-70.22	1.84
1801.80	-69.87	-19.41
1808.60	-73.14	-33.98
1815.43	-72.34	-20.50
1822.28	-72.17	-47.16
1829.15	-74.85	-37.83
1836.06	-74.32	-58.24
1842.99	-78.34	-55.04
1849.94	-76.45	-37.84
1856.92	-74.16	-57.07
1863.93	-73.83	-59.25
1870.96	-71.99	-73.99
1878.02	-73.42	-100.00
1885.11	-74.83	-105.69
1892.22	-74.17	-99.94
1899.36	-71.19	-109.57
1906.53	-70.58	-137.87
1913.72	-73.25	-153.42
1920.95	-75.09	-168.59
1928.19	-75.33	-163.28
1935.47	-73.55	-174.88
1942.77	-75.49	153.55
1950.11	-80.41	164.90
1957.46	-79.95	170.83
1964.85	-78.71	168.06
1972.27	-76.98	-179.34
1979.71	-74.57	158.86
1987.18	-74.38	133.94
1994.68	-77.16	114.37
2002.20	-74.48	127.29
2009.76	-73.94	93.79
2017.34	-74.48	82.12
2024.96	-76.41	55.73
2032.60	-77.87	45.86
2040.27	-82.02	28.63
2047.97	-84.14	92.58
2055.70	-78.97	48.88
2063.45	-78.69	-15.17
2071.24	-95.55	18.06
2079.06	-85.44	35.05
2086.90	-85.39	-87.22
2094.78	-89.39	-166.88
2102.68	-84.65	-174.97
2110.62	-82.16	128.27
2118.58	-80.40	96.18
2126.57	-80.99	134.04
2134.60	-78.35	104.96
2142.65	-78.54	87.97
2150.74	-75.94	70.30
2158.86	-77.89	45.32
2167.00	-78.05	47.68
2175.18	-77.26	58.83
2183.39	-74.83	32.52
2191.63	-75.49	15.78
2199.90	-74.04	24.07
2208.20	-72.25	-4.57
2216.53	-72.13	-16.37
2224.90	-72.25	-45.34
2233.29	-74.69	-60.26
2241.72	-75.86	-72.12
2250.18	-77.70	-75.25
2258.67	-75.61	-85.26
2267.19	-75.58	-76.53
2275.75	-75.44	-79.80
2284.34	-72.77	-95.79
2292.96	-73.41	-124.90
2301.61	-74.97	-124.64
2310.29	-73.58	-131.46
2319.01	-73.04	-153.21
2327.76	-72.63	-173.50
2336.55	-76.32	178.77
2345.36	-75.83	-174.24
2354.21	-73.59	165.61
2363.10	-74.29	148.07
2372.02	-74.85	142.44
2380.97	-75.82	123.83
2389.95	-75.70	139.40
2398.97	-72.37	134.50
2408.02	-72.10	103.17
2417.11	-74.95	88.27
2426.23	-74.57	82.55
2435.39	-74.78	69.09
2444.58	-74.12	66.98
2453.80	-73.73	45.92
2463.06	-74.61	13.81
2472.35	-78.50	5.34
2481.68	-80.93	11.02
2491.05	-80.09	15.46
2500.45	-81.58	11.11
2509.88	-82.39	21.20
2519.36	-79.05	18.94
2528.86	-76.63	-1.00
2538.41	-78.66	-19.36
2547.98	-79.41	-23.11
2557.60	-80.10	-35.07
2567.25	-81.93	-41.67
2576.94	-82.23	-35.27
2586.66	-83.70	-22.17
2596.42	-78.39	-41.52
2606.22	-77.93	-69.93
2616.06	-76.99	-58.82
2625.93	-76.11	-95.20
2635.84	-78.30	-95.03
2645.78	-77.05	-110.30
2655.77	-78.03	-142.53
2665.79	-82.66	-154.59
2675.85	-84.97	-137.09
2685.95	-82.59	-117.73
2696.08	-79.75	-150.67
2706.26	-77.86	-136.35
2716.47	-77.46	-161.25
2726.72	-75.74	-179.88
2737.01	-75.15	172.18
2747.34	-77.97	151.35
2757.70	-76.83	141.80
2768.11	-78.33	133.14
2778.56	-74.51	134.39
2789.04	-75.86	122.06
2799.57	-75.34	127.39
2810.13	-72.97	107.94
2820.73	-71.21	85.27
2831.38	-71.44	61.97
2842.06	-72.52	45.47
2852.79	-73.81	34.08
2863.55	-73.53	34.23
2874.36	-73.36	5.65
2885.21	-76.78	-8.70
2896.09	-75.56	-2.39
2907.02	-75.30	-17.85
2917.99	-73.48	-16.15
2929.00	-72.28	-46.24
2940.06	-73.41	-57.85
2951.15	-74.66	-67.67
2962.29	-75.17	-93.45
2973.47	-76.66	-102.52
2984.69	-76.88	-108.05
2995.95	-77.44	-118.40
3007.25	-76.52	-134.16
3018.60	-77.95	-135.38
3029.99	-75.02	-138.46
3041.43	-74.07	-157.37
3052.90	-75.37	177.97
3064.42	-76.07	161.89
3075.99	-77.88	155.00
3087.60	-75.90	156.39
3099.25	-75.72	130.82
3110.94	-77.44	114.52
3122.68	-78.17	121.11
3134.47	-75.44	108.56
3146.29	-77.23	88.11
3158.17	-76.66	65.82
3170.08	-78.92	68.39
3182.05	-78.59	72.13
3194.05	-76.77	56.93
3206.11	-76.32	39.40
3218.21	-79.52	3.52
3230.35	-80.56	30.40
3242.54	-78.66	30.52
3254.77	-76.83	4.68
3267.06	-77.86	-16.22
3279.39	-77.23	-21.58
3291.76	-78.71	-48.44
3304.18	-79.68	-23.12
3316.65	-79.32	-49.83
3329.17	-80.81	-63.46
3341.73	-78.63	-53.81
3354.34	-75.90	-73.24
3367.00	-76.00	-105.37
3379.70	-77.35	-123.94
3392.46	-76.73	-118.50
3405.26	-75.94	-140.17
3418.11	-74.33	-166.26
3431.01	-78.10	-179.13
3443.95	-76.47	-171.30
3456.95	-74.77	169.23
3469.99	-74.48	135.15
3483.09	-75.55	122.40
3496.23	-75.90	118.31
3509.43	-73.01	102.70
3522.67	-74.40	85.81
3535.96	-73.93	69.51
3549.31	-75.35	59.26
3562.70	-74.63	46.27
3576.14	-74.86	32.72
3589.64	-75.82	4.96
3603.18	-79.58	7.19
3616.78	-76.52	8.88
3630.43	-76.75	-16.15
3644.13	-75.54	-42.88
3657.88	-79.65	-55.22
3671.68	-76.69	-55.82
3685.54	-78.00	-82.73
3699.45	-80.50	-102.64
3713.41	-79.07	-68.83
3727.42	-74.46	-101.61
3741.49	-76.63	-135.20
3755.60	-77.51	-154.07
3769.78	-78.64	-159.25
3784.00	-77.27	-169.44
3798.28	-80.97	169.45
3812.61	-77.77	162.09
3827.00	-78.57	140.53
3841.44	-77.63	149.72
3855.94	-76.47	126.77
3870.49	-79.14	108.51
3885.09	-79.98	128.82
3899.75	-75.31	106.83
3914.47	-74.46	82.97
3929.24	-74.83	63.64
3944.07	-75.87	45.86
3958.95	-76.29	28.63
3973.89	-76.50	30.92
3988.89	-74.35	11.52
4003.94	-76.69	-9.98
4019.05	-75.54	-15.68
4034.22	-75.15	-22.50
4049.44	-73.56	-54.09
4064.72	-74.94	-61.84
4080.06	-73.17	-82.52
4095.46	-74.53	-103.91
4110.91	-75.14	-119.04
4126.42	-72.67	-134.63
4141.99	-73.69	-164.47
4157.62	-76.44	-172.80
4173.31	-74.68	175.26
4189.06	-75.11	155.69
4204.87	-74.51	145.85
4220.74	-74.49	124.85
4236.66	-74.83	117.21
4252.65	-74.36	104.60
4268.70	-75.20	93.87
4284.81	-72.67	80.34
4300.98	-71.63	58.03
4317.21	-72.56	42.85
4333.50	-72.02	31.13
4349.85	-71.72	2.01
4366.26	-74.01	-19.48
4382.74	-75.13	-9.18
4399.28	-71.67	-25.04
4415.88	-70.19	-48.14
4432.54	-71.52	-81.74
4449.27	-70.36	-102.11
4466.06	-72.89	-126.85
4482.91	-74.49	-123.74
4499.83	-71.01	-132.59
4516.81	-70.05	-167.67
4533.85	-71.84	169.98
4550.96	-70.99	157.90
4568.14	-70.29	143.01
4585.37	-69.94	128.71
4602.68	-69.13	104.97
4620.05	-70.12	88.53
4637.48	-68.84	70.91
4654.98	-68.84	49.65
4672.55	-67.88	27.34
4690.18	-70.28	4.67
4707.88	-69.42	0.82
4725.64	-69.13	-34.31
4743.48	-69.27	-43.78
4761.38	-70.38	-80.20
4779.34	-74.01	-96.95
4797.38	-72.82	-87.15
4815.48	-71.71	-107.83
4833.65	-70.05	-131.11
4851.89	-70.28	-163.68
4870.20	-71.48	-166.95
4888.58	-70.18	171.10
4907.03	-70.73	161.86
4925.54	-67.82	139.43
4944.13	-67.19	112.69
4962.79	-68.33	91.32
4981.52	-68.47	72.68
5000.31	-67.50	59.83
5019.18	-66.53	32.05
5038.12	-67.02	6.33
5057.14	-68.10	-18.17
5076.22	-69.78	-38.26
5095.37	-68.99	-42.84
5114.60	-69.20	-72.36
5133.90	-69.27	-90.53
5153.27	-70.67	-110.22
5172.72	-68.01	-135.12
5192.24	-71.03	-168.51
5211.83	-70.74	-168.78
5231.50	-70.72	166.06
5251.24	-69.25	151.77
5271.06	-69.83	117.46
5290.95	-70.92	114.98
5310.91	-69.75	85.33
5330.96	-69.59	81.50
5351.07	-69.56	47.69
5371.27	-69.72	37.72
5391.53	-68.65	7.45
5411.88	-70.71	-7.81
5432.30	-69.64	-26.09
5452.80	-69.85	-48.78
5473.38	-70.13	-64.15
5494.03	-69.44	-86.16
5514.76	-69.27	-114.20
5535.57	-70.31	-131.39
5556.46	-68.40	-159.42
5577.43	-68.72	176.33
5598.48	-68.25	153.56
5619.60	-68.23	129.43
5640.81	-69.55	105.79
5662.10	-68.53	91.61
5683.46	-68.17	65.26
5704.91	-68.81	40.65
5726.44	-69.72	13.29
5748.05	-71.16	-2.16
5769.74	-69.44	-22.34
5791.51	-71.40	-54.30
5813.36	-73.66	-65.42
5835.30	-72.91	-82.44
5857.32	-72.81	-100.53
5879.42	-71.10	-119.97
5901.61	-70.93	-152.45
5923.88	-71.40	-174.48
5946.23	-71.82	153.29
5968.67	-72.10	153.40
5991.20	-70.72	117.34
6013.80	-72.48	104.69
6036.50	-72.05	90.71
6059.28	-70.50	61.34
6082.14	-71.92	53.85
6105.09	-69.97	22.85
6128.13	-71.14	3.83
6151.26	-71.11	-14.77
6174.47	-69.51	-35.76
6197.77	-69.18	-69.76
6221.16	-68.44	-101.45
6244.63	-70.38	-129.72
6268.20	-69.35	-149.66
6291.85	-70.51	-179.69
6315.59	-69.80	165.31
6339.42	-69.65	138.31
6363.35	-71.53	107.11
6387.36	-69.77	104.38
6411.46	-69.66	75.46
6435.66	-69.27	51.15
6459.94	-70.80	31.59
6484.32	-68.85	16.52
6508.79	-69.03	-13.46
6533.35	-69.00	-36.73
6558.00	-68.66	-61.35
6582.75	-69.41	-90.83
6607.59	-67.75	-111.12
6632.53	-67.97	-138.68
6657.55	-67.01	-171.64
6682.68	-68.03	163.93
6707.90	-66.98	147.57
6733.21	-66.72	117.19
6758.62	-66.00	97.09
6784.12	-65.66	65.74
6809.72	-64.76	43.32
6835.42	-64.50	15.66
6861.21	-64.17	-20.78
6887.10	-64.62	-44.89
6913.09	-65.52	-72.51
6939.18	-64.51	-101.70
6965.36	-65.94	-131.01
6991.65	-65.75	-161.57
7018.03	-65.47	-178.33
7044.51	-66.00	151.93
7071.10	-65.87	125.15
7097.78	-65.01	115.52
7124.56	-62.76	91.12
7151.45	-61.96	47.86
7178.44	-61.55	27.42
7205.52	-61.95	-11.28
7232.71	-61.72	-40.11
7260.01	-61.89	-73.01
7287.40	-62.87	-97.48
7314.90	-60.97	-125.68
7342.51	-61.08	-159.62
7370.21	-61.07	168.67
7398.03	-61.10	141.18
7425.94	-60.00	113.31
7453.97	-59.40	77.63
7482.09	-59.31	39.78
7510.33	-60.28	4.56
7538.67	-61.07	-19.80
7567.12	-61.69	-52.87
7595.67	-61.54	-80.02
7624.33	-62.58	-115.48
7653.10	-61.33	-140.34
7681.98	-62.11	-169.68
7710.97	-61.52	157.15
7740.07	-61.61	123.18
7769.28	-61.52	93.99
7798.60	-61.93	62.07
7828.02	-61.73	26.72
7857.56	-63.01	-1.13
7887.21	-64.08	-35.62
7916.98	-63.79	-59.87
7946.85	-64.92	-97.40
7976.84	-65.34	-122.10
8006.94	-65.61	-151.81
8037.16	-64.59	177.82
8067.49	-65.07	148.95
8097.93	-64.73	121.40
8128.49	-63.54	86.65
8159.16	-64.12	48.05
8189.95	-66.21	19.78
8220.86	-66.05	-2.51
8251.88	-65.94	-36.34
8283.02	-66.33	-69.47
8314.27	-66.88	-92.62
8345.65	-66.77	-124.18
8377.14	-66.36	-162.21
8408.75	-66.00	170.48
8440.48	-65.66	133.57
8472.33	-65.80	107.65
8504.30	-66.26	78.33
8536.40	-64.80	48.28
8568.61	-64.73	23.62
8600.94	-64.70	-16.84
8633.40	-64.05	-47.90
8665.98	-64.39	-88.49
8698.68	-64.40	-122.30
8731.51	-63.56	-154.45
8764.46	-63.56	159.89
8797.53	-64.06	126.52
8830.73	-64.27	97.67
8864.05	-64.25	63.93
8897.50	-64.50	31.99
8931.07	-64.91	2.13
8964.78	-64.08	-28.84
8998.61	-64.65	-61.21
9032.56	-62.69	-104.05
9066.65	-63.03	-136.93
9100.86	-62.88	-179.84
9135.20	-62.30	141.50
9169.68	-62.16	104.33
9204.28	-62.95	68.48
9239.01	-62.32	31.84
9273.88	-62.99	-4.16
9308.87	-62.54	-42.78
9344.00	-62.53	-87.87
9379.26	-64.48	-130.03
9414.65	-64.67	-169.27
9450.18	-65.03	167.35
9485.84	-65.13	123.43
9521.64	-65.64	92.92
9557.57	-64.66	64.58
9593.64	-65.48	20.96
9629.84	-65.23	-13.36
9666.18	-65.20	-48.88
9702.65	-66.00	-94.20
9739.27	-66.20	-137.71
9776.02	-67.29	-170.80
9812.91	-67.44	150.74
9849.94	-66.90	115.93
9887.11	-66.12	85.76
9924.42	-66.97	43.06
9961.87	-67.55	3.00
9999.46	-68.10	-32.24
10037.19	-70.12	-70.91
10075.07	-69.78	-104.67
10113.09	-70.34	-142.34
10151.25	-68.92	-171.98
10189.55	-67.64	143.32
10228.01	-67.52	110.04
10266.60	-66.51	70.98
10305.34	-67.38	23.12
10344.23	-68.68	-8.54
10383.27	-67.59	-42.79
10422.45	-69.17	-91.59
10461.78	-69.46	-126.64
10501.26	-67.90	-160.42
10540.88	-66.91	155.96
10580.66	-65.97	110.52
10620.59	-65.51	65.88
10660.66	-66.64	19.10
10700.89	-67.68	-9.73
10741.27	-68.04	-53.19
10781.81	-68.56	-93.14
10822.49	-66.78	-127.88
10863.33	-66.03	175.20
10904.33	-66.67	131.58
10945.47	-65.87	89.76
10986.78	-67.46	44.65
11028.24	-68.04	16.32
11069.85	-67.46	-28.61
11111.63	-66.99	-63.73
11153.56	-65.97	-120.96
11195.64	-66.38	-172.61
11237.89	-66.19	136.96
11280.30	-66.80	90.92
11322.87	-67.98	49.08
11365.59	-69.53	10.30
11408.48	-71.11	-18.33
11451.53	-70.32	-58.83
11494.75	-70.01	-107.49
11538.12	-68.58	-153.72
11581.66	-68.13	147.12
11625.37	-68.90	101.02
11669.24	-69.34	57.81
11713.27	-70.43	23.95
11757.47	-70.95	-12.96
11801.84	-71.08	-56.96
11846.37	-70.97	-113.30
11891.08	-71.93	-168.00
11935.95	-71.90	150.40
11980.99	-73.93	110.26
12026.20	-71.89	83.17
12071.58	-72.12	43.69
12117.14	-71.23	5.27
12162.86	-70.30	-53.55
12208.76	-71.47	-105.73
12254.83	-72.82	-159.22
12301.07	-71.91	157.48
12347.49	-71.70	111.42
12394.08	-69.89	69.71
12440.85	-70.20	24.56
12487.80	-69.61	-23.79
12534.92	-71.50	-93.08
12582.23	-72.78	-131.29
12629.71	-72.87	177.34
12677.37	-73.45	135.62
12725.20	-70.73	94.07
12773.22	-71.64	47.71
12821.42	-70.58	4.25
12869.81	-72.64	-53.29
12918.37	-73.15	-98.88
12967.12	-73.80	-149.08
13016.05	-72.37	158.59
13065.17	-70.48	108.18
13114.47	-69.93	55.27
13163.96	-71.92	8.95
13213.64	-73.04	-37.79
13263.50	-75.17	-82.05
13313.55	-72.66	-130.63
13363.79	-72.16	169.98
13414.22	-69.57	113.44
13464.84	-70.26	58.57
13515.65	-70.78	8.43
13566.65	-73.89	-39.74
13617.84	-74.85	-84.31
13669.23	-73.87	-140.35
13720.81	-72.72	160.74
13772.59	-71.71	110.84
13824.56	-71.49	55.73
13876.73	-73.16	13.40
13929.09	-73.79	-29.13
13981.66	-73.37	-80.67
14034.42	-72.91	-149.86
14087.38	-71.30	148.54
14140.54	-71.50	94.87
14193.90	-72.10	45.55
14247.46	-72.30	7.97
14301.22	-72.40	-44.65
14355.19	-71.97	-108.15
14409.36	-71.72	174.80
14463.73	-71.94	124.46
14518.31	-71.88	75.94
14573.10	-71.16	36.26
14628.09	-71.18	-19.94
14683.29	-71.72	-81.87
14738.70	-71.63	-157.97
14794.32	-71.85	141.74
14850.15	-71.81	88.30
14906.18	-71.43	43.59
14962.43	-72.82	-10.94
15018.90	-73.32	-68.09
15075.57	-74.91	-140.70
15132.46	-75.39	163.01
15189.56	-72.71	119.16
15246.88	-70.96	65.70
15304.42	-70.45	7.17
15362.17	-72.10	-60.02
15420.14	-74.33	-130.50
15478.33	-74.03	164.25
15536.74	-73.46	112.52
15595.37	-72.59	61.03
15654.22	-72.11	9.19
15713.29	-74.92	-50.28
15772.58	-74.85	-117.25
15832.10	-74.16	175.02
15891.85	-72.27	113.81
15951.81	-71.64	56.82
16012.01	-72.67	-1.59
16072.43	-75.79	-63.67
16133.08	-75.70	-129.23
16193.96	-75.19	164.45
16255.07	-73.00	103.98
16316.41	-72.30	53.92
16377.98	-73.76	-6.57
16439.79	-74.08	-62.59
16501.82	-75.05	-140.79
16564.09	-73.15	147.52
16626.60	-72.43	85.38
16689.34	-72.85	28.71
16752.32	-74.82	-30.08
16815.54	-75.81	-91.01
16878.99	-75.47	-165.71
16942.69	-73.29	129.69
17006.62	-72.25	67.54
17070.79	-72.34	10.52
17135.21	-74.10	-56.17
17199.87	-74.71	-132.30
17264.78	-73.96	152.86
17329.93	-72.68	91.05
17395.32	-72.02	33.67
17460.97	-73.55	-26.68
17526.86	-73.99	-103.39
17593.00	-73.55	177.61
17659.38	-71.45	109.82
17726.02	-70.89	48.90
17792.91	-72.08	-22.36
17860.06	-74.47	-97.73
17927.45	-73.85	179.83
17995.10	-72.81	109.07
18063.01	-72.79	51.08
18131.17	-74.07	-10.13
18199.59	-75.68	-78.01
18268.27	-75.25	-166.93
18337.21	-72.95	117.86
18406.40	-72.85	53.61
18475.86	-74.62	-12.89
18545.58	-77.53	-79.49
18615.56	-77.70	-169.70
18685.81	-74.62	119.56
18756.32	-74.54	56.16
18827.10	-75.91	-6.32
18898.15	-78.23	-84.49
18969.46	-77.19	-179.26
19041.04	-75.91	100.22
19112.90	-76.25	42.19
19185.02	-78.90	-15.20
19257.42	-82.19	-91.72
19330.09	-81.89	165.52
19403.03	-78.51	96.10
19476.25	-77.95	47.42
19549.74	-79.37	-10.83
19623.51	-84.31	-104.82
19697.56	-82.72	148.71
19771.89	-79.88	86.74
19846.51	-77.79	43.84
19921.40	-49.64	-117.27
19996.57	-84.30	76.87
20072.03	-82.10	132.32
20147.78	-78.82	78.21
20223.80	-77.99	23.84
20300.12	-81.96	-53.30
20376.72	-86.24	179.78
20453.62	-81.40	107.90
20530.80	-78.95	60.69
20608.28	-79.71	-0.54
20686.04	-85.67	-89.90
20764.10	-83.89	153.49
20842.46	-79.07	90.06
20921.11	-79.32	32.34
21000.06	-84.01	-22.84
21079.30	-87.73	107.25
21158.85	-80.72	113.63
21238.69	-78.62	54.75
21318.84	-81.77	-6.45
21399.29	-87.05	-87.68
21480.04	-82.49	124.11
21561.09	-79.33	60.71
21642.46	-81.93	12.63
21724.12	-87.39	57.26
21806.10	-84.23	120.57
21888.39	-81.99	68.47
21970.99	-83.78	24.23
22053.89	-87.55	-127.64
22137.12	-85.84	-116.86
22220.65	-82.99	65.25
22304.50	-85.15	34.50
