Freq[Hz]	[dBV]	Phase[Deg]
10.00	-73.81	-148.83
10.04	-73.67	-151.06
10.08	-73.53	-153.33
10.11	-73.38	-155.65
10.15	-73.24	-158.02
10.19	-73.09	-160.42
10.23	-72.95	-162.88
10.27	-72.80	-165.37
10.31	-72.65	-167.90
10.34	-72.50	-170.47
10.38	-72.36	-173.08
10.42	-72.21	-175.72
10.46	-72.07	-178.40
10.50	-71.92	178.89
10.54	-71.78	176.15
10.58	-71.64	173.38
10.62	-71.50	170.58
10.66	-71.37	167.76
10.70	-71.24	164.91
10.74	-71.11	162.04
10.78	-70.99	159.15
10.82	-70.87	156.24
10.86	-70.76	153.31
10.90	-70.65	150.37
10.95	-70.55	147.41
10.99	-70.45	144.44
11.03	-70.36	141.46
11.07	-70.28	138.48
11.11	-70.21	135.49
11.15	-70.15	132.50
11.20	-70.09	129.50
11.24	-70.04	126.51
11.28	-70.01	123.53
11.32	-69.98	120.55
11.37	-69.97	117.58
11.41	-69.97	114.62
11.45	-69.98	111.67
11.50	-70.00	108.74
11.54	-70.03	105.83
11.58	-70.08	102.95
11.63	-70.15	100.08
11.67	-70.23	97.25
11.71	-70.33	94.45
11.76	-70.44	91.68
11.80	-70.57	88.94
11.85	-70.71	86.24
11.89	-70.88	83.58
11.94	-71.05	80.95
11.98	-71.24	78.37
12.03	-71.45	75.82
12.07	-71.67	73.31
12.12	-71.91	70.84
12.16	-72.15	68.41
12.21	-72.41	66.02
12.26	-72.69	63.67
12.30	-72.97	61.37
12.35	-73.27	59.11
12.39	-73.58	56.90
12.44	-73.90	54.74
12.49	-74.22	52.62
12.54	-74.56	50.55
12.58	-74.91	48.52
12.63	-75.26	46.55
12.68	-75.63	44.63
12.73	-76.00	42.76
12.77	-76.38	40.94
12.82	-76.76	39.18
12.87	-77.15	37.47
12.92	-77.54	35.81
12.97	-77.94	34.22
13.02	-78.34	32.68
13.07	-78.75	31.20
13.12	-79.15	29.77
13.16	-79.56	28.41
13.21	-79.97	27.12
13.26	-80.38	25.88
13.31	-80.79	24.71
13.36	-81.19	23.60
13.41	-81.60	22.56
13.47	-82.00	21.59
13.52	-82.39	20.69
13.57	-82.78	19.86
13.62	-83.17	19.09
13.67	-83.55	18.41
13.72	-83.92	17.79
13.77	-84.28	17.25
13.83	-84.63	16.79
13.88	-84.98	16.40
13.93	-85.31	16.09
13.98	-85.63	15.87
14.04	-85.93	15.72
14.09	-86.22	15.66
14.14	-86.50	15.68
14.19	-86.76	15.79
14.25	-87.00	15.98
14.30	-87.22	16.27
14.36	-87.42	16.64
14.41	-87.60	17.11
14.46	-87.76	17.67
14.52	-87.89	18.32
14.57	-88.00	19.07
14.63	-88.08	19.92
14.68	-88.13	20.87
14.74	-88.16	21.91
14.80	-88.16	23.05
14.85	-88.13	24.29
14.91	-88.08	25.61
14.96	-88.00	27.02
15.02	-87.89	28.52
15.08	-87.76	30.10
15.13	-87.61	31.76
15.19	-87.44	33.49
15.25	-87.24	35.29
15.31	-87.02	37.17
15.36	-86.78	39.11
15.42	-86.52	41.11
15.48	-86.24	43.17
15.54	-85.94	45.29
15.60	-85.62	47.46
15.66	-85.28	49.67
15.71	-84.93	51.93
15.77	-84.57	54.23
15.83	-84.19	56.56
15.89	-83.79	58.92
15.95	-83.38	61.32
16.01	-82.97	63.73
16.07	-82.54	66.16
16.13	-82.10	68.61
16.19	-81.65	71.06
16.26	-81.19	73.52
16.32	-80.73	75.97
16.38	-80.26	78.42
16.44	-79.79	80.86
16.50	-79.31	83.28
16.56	-78.83	85.68
16.63	-78.35	88.05
16.69	-77.87	90.39
16.75	-77.39	92.69
16.82	-76.92	94.95
16.88	-76.45	97.15
16.94	-75.98	99.30
17.01	-75.52	101.38
17.07	-75.07	103.39
17.14	-74.63	105.33
17.20	-74.20	107.18
17.27	-73.78	108.94
17.33	-73.38	110.61
17.40	-72.99	112.17
17.46	-72.62	113.62
17.53	-72.27	114.96
17.59	-71.94	116.16
17.66	-71.63	117.24
17.73	-71.34	118.19
17.79	-71.07	119.02
17.86	-70.83	119.73
17.93	-70.60	120.33
18.00	-70.39	120.83
18.06	-70.20	121.22
18.13	-70.03	121.53
18.20	-69.88	121.74
18.27	-69.75	121.87
18.34	-69.63	121.93
18.41	-69.53	121.91
18.48	-69.44	121.83
18.55	-69.37	121.70
18.62	-69.31	121.51
18.69	-69.27	121.29
18.76	-69.24	121.02
18.83	-69.22	120.73
18.90	-69.22	120.41
18.97	-69.23	120.08
19.04	-69.24	119.75
19.11	-69.27	119.41
19.19	-69.30	119.09
19.26	-69.35	118.78
19.33	-69.40	118.50
19.40	-69.46	118.25
19.48	-69.52	118.05
19.55	-69.59	117.90
19.62	-69.66	117.82
19.70	-69.74	117.80
19.77	-69.82	117.87
19.85	-69.90	118.03
19.92	-69.98	118.29
20.00	-70.06	118.66
20.07	-70.13	119.16
20.15	-70.21	119.78
20.22	-70.28	120.55
20.30	-70.35	121.48
20.38	-70.41	122.57
20.45	-70.47	123.84
20.53	-70.51	125.30
20.61	-70.55	126.96
20.69	-70.58	128.80
20.77	-70.61	130.83
20.84	-70.62	133.05
20.92	-70.63	135.43
21.00	-70.63	137.98
21.08	-70.63	140.70
21.16	-70.62	143.56
21.24	-70.61	146.58
21.32	-70.60	149.73
21.40	-70.58	153.02
21.48	-70.55	156.44
21.56	-70.53	159.98
21.64	-70.51	163.62
21.73	-70.48	167.37
21.81	-70.45	171.22
21.89	-70.43	175.15
21.97	-70.40	179.16
22.06	-70.38	-176.76
22.14	-70.36	-172.61
22.22	-70.34	-168.42
22.31	-70.33	-164.18
22.39	-70.32	-159.90
22.47	-70.32	-155.60
22.56	-70.32	-151.29
22.64	-70.33	-146.97
22.73	-70.35	-142.66
22.82	-70.38	-138.37
22.90	-70.42	-134.10
22.99	-70.47	-129.88
23.07	-70.53	-125.70
23.16	-70.60	-121.58
23.25	-70.69	-117.54
23.34	-70.79	-113.58
23.43	-70.91	-109.72
23.51	-71.04	-105.97
23.60	-71.19	-102.32
23.69	-71.35	-98.78
23.78	-71.53	-95.35
23.87	-71.72	-92.00
23.96	-71.93	-88.75
24.05	-72.14	-85.59
24.14	-72.37	-82.51
24.23	-72.60	-79.51
24.32	-72.85	-76.58
24.42	-73.10	-73.72
24.51	-73.36	-70.92
24.60	-73.63	-68.18
24.69	-73.90	-65.50
24.79	-74.17	-62.86
24.88	-74.45	-60.26
24.97	-74.73	-57.70
25.07	-75.00	-55.17
25.16	-75.28	-52.67
25.26	-75.55	-50.18
25.35	-75.82	-47.71
25.45	-76.09	-45.24
25.54	-76.35	-42.77
25.64	-76.60	-40.29
25.74	-76.85	-37.80
25.84	-77.08	-35.28
25.93	-77.30	-32.74
26.03	-77.51	-30.16
26.13	-77.71	-27.54
26.23	-77.88	-24.87
26.33	-78.04	-22.13
26.43	-78.19	-19.34
26.53	-78.31	-16.47
26.63	-78.41	-13.55
26.73	-78.50	-10.57
26.83	-78.57	-7.55
26.93	-78.63	-4.50
27.03	-78.67	-1.42
27.13	-78.70	1.68
27.23	-78.72	4.80
27.34	-78.73	7.91
27.44	-78.74	11.02
27.54	-78.73	14.11
27.65	-78.72	17.18
27.75	-78.71	20.21
27.86	-78.69	23.20
27.96	-78.68	26.13
28.07	-78.66	29.00
28.17	-78.65	31.80
28.28	-78.64	34.51
28.39	-78.64	37.12
28.49	-78.64	39.63
28.60	-78.65	42.02
28.71	-78.68	44.28
28.82	-78.72	46.40
28.93	-78.77	48.37
29.03	-78.83	50.17
29.14	-78.92	51.80
29.25	-79.03	53.23
29.36	-79.16	54.46
29.48	-79.31	55.49
29.59	-79.48	56.35
29.70	-79.67	57.05
29.81	-79.88	57.62
29.92	-80.10	58.07
30.04	-80.34	58.43
30.15	-80.58	58.72
30.26	-80.84	58.96
30.38	-81.11	59.17
30.49	-81.38	59.39
30.61	-81.66	59.63
30.72	-81.94	59.92
30.84	-82.21	60.28
30.95	-82.49	60.74
31.07	-82.76	61.33
31.19	-83.02	62.08
31.31	-83.28	63.01
31.42	-83.52	64.14
31.54	-83.75	65.52
31.66	-83.96	67.17
31.78	-84.16	69.12
31.90	-84.33	71.40
32.02	-84.48	74.04
32.14	-84.60	77.07
32.26	-84.69	80.54
32.39	-84.75	84.44
32.51	-84.78	88.75
32.63	-84.78	93.43
32.75	-84.75	98.45
32.88	-84.70	103.76
33.00	-84.61	109.35
33.13	-84.50	115.15
33.25	-84.37	121.15
33.38	-84.21	127.29
33.50	-84.03	133.54
33.63	-83.82	139.85
33.76	-83.60	146.18
33.88	-83.35	152.49
34.01	-83.09	158.73
34.14	-82.81	164.87
34.27	-82.51	170.84
34.40	-82.20	176.60
34.53	-81.87	-177.89
34.66	-81.53	-172.68
34.79	-81.18	-167.84
34.92	-80.82	-163.40
35.05	-80.45	-159.42
35.18	-80.07	-155.96
35.32	-79.69	-153.04
35.45	-79.30	-150.64
35.58	-78.91	-148.71
35.72	-78.52	-147.22
35.85	-78.13	-146.12
35.99	-77.75	-145.37
36.12	-77.36	-144.93
36.26	-76.98	-144.75
36.40	-76.61	-144.79
36.53	-76.25	-145.01
36.67	-75.90	-145.35
36.81	-75.56	-145.76
36.95	-75.23	-146.21
37.09	-74.93	-146.63
37.23	-74.64	-146.97
37.37	-74.37	-147.19
37.51	-74.12	-147.22
37.65	-73.90	-147.02
37.79	-73.71	-146.52
37.94	-73.55	-145.67
38.08	-73.42	-144.40
38.22	-73.32	-142.68
38.37	-73.25	-140.49
38.51	-73.21	-137.86
38.66	-73.20	-134.79
38.80	-73.22	-131.31
38.95	-73.26	-127.42
39.10	-73.32	-123.16
39.24	-73.40	-118.52
39.39	-73.49	-113.53
39.54	-73.60	-108.21
39.69	-73.72	-102.58
39.84	-73.85	-96.64
39.99	-73.98	-90.43
40.14	-74.11	-83.96
40.29	-74.25	-77.25
40.45	-74.38	-70.32
40.60	-74.50	-63.19
40.75	-74.61	-55.89
40.90	-74.72	-48.43
41.06	-74.80	-40.84
41.21	-74.87	-33.13
41.37	-74.92	-25.33
41.53	-74.96	-17.45
41.68	-74.98	-9.52
41.84	-74.98	-1.54
42.00	-74.97	6.46
42.16	-74.95	14.47
42.32	-74.91	22.46
42.47	-74.86	30.42
42.63	-74.79	38.32
42.80	-74.72	46.15
42.96	-74.63	53.88
43.12	-74.54	61.50
43.28	-74.44	68.97
43.45	-74.33	76.28
43.61	-74.21	83.41
43.77	-74.08	90.33
43.94	-73.95	97.01
44.10	-73.82	103.44
44.27	-73.68	109.63
44.44	-73.55	115.60
44.61	-73.43	121.36
44.77	-73.32	126.93
44.94	-73.22	132.33
45.11	-73.15	137.57
45.28	-73.10	142.69
45.45	-73.09	147.69
45.63	-73.11	152.59
45.80	-73.17	157.43
45.97	-73.28	162.21
46.14	-73.43	166.97
46.32	-73.65	171.72
46.49	-73.92	176.49
46.67	-74.27	-178.71
46.84	-74.68	-173.84
47.02	-75.18	-168.90
47.20	-75.74	-163.93
47.38	-76.37	-159.04
47.56	-77.05	-154.32
47.74	-77.77	-149.86
47.92	-78.52	-145.76
48.10	-79.30	-142.12
48.28	-80.08	-139.04
48.46	-80.87	-136.62
48.64	-81.64	-134.98
48.83	-82.38	-134.22
49.01	-83.09	-134.44
49.20	-83.75	-135.78
49.38	-84.35	-138.33
49.57	-84.88	-142.22
49.75	-85.32	-147.57
49.94	-85.66	-154.48
50.13	-85.89	-162.84
50.32	-86.03	-172.43
50.51	-86.07	177.00
50.70	-86.01	165.67
50.89	-85.85	153.84
51.08	-85.61	141.75
51.28	-85.27	129.67
51.47	-84.84	117.84
51.66	-84.33	106.55
51.86	-83.73	96.06
52.05	-83.05	86.66
52.25	-82.29	78.63
52.45	-81.45	72.26
52.65	-80.54	67.86
52.85	-79.56	65.71
53.04	-78.52	65.83
53.24	-77.42	67.99
53.45	-76.28	71.95
53.65	-75.12	77.46
53.85	-73.94	84.26
54.05	-72.76	92.11
54.26	-71.60	100.73
54.46	-70.46	109.85
54.67	-69.36	119.19
54.87	-68.32	128.47
55.08	-67.35	137.40
55.29	-66.47	145.68
55.50	-65.68	153.01
55.71	-65.02	159.07
55.92	-64.48	163.65
56.13	-64.05	166.75
56.34	-63.74	168.41
56.55	-63.51	168.65
56.77	-63.38	167.51
56.98	-63.31	165.03
57.19	-63.30	161.24
57.41	-63.35	156.18
57.63	-63.42	149.89
57.84	-63.53	142.41
58.06	-63.64	133.78
58.28	-63.74	124.05
58.50	-63.84	113.24
58.72	-63.90	101.43
58.94	-63.93	88.76
59.17	-63.95	75.48
59.39	-63.98	61.87
59.61	-64.03	48.18
59.84	-64.13	34.68
60.06	-64.29	21.67
60.29	-64.52	9.41
60.52	-64.85	-1.80
60.75	-65.30	-11.66
60.98	-65.89	-19.87
61.21	-66.64	-26.12
61.44	-67.56	-30.08
61.67	-68.69	-31.46
61.90	-69.99	-30.31
62.14	-71.42	-26.89
62.37	-72.93	-21.52
62.61	-74.48	-14.50
62.84	-76.01	-6.13
63.08	-77.46	3.26
63.32	-78.79	13.35
63.56	-79.94	23.80
63.80	-80.85	34.26
64.04	-81.47	44.40
64.28	-81.73	53.85
64.52	-81.59	62.25
64.76	-81.01	69.38
65.01	-80.05	75.32
65.25	-78.77	80.14
65.50	-77.24	83.96
65.75	-75.52	86.88
66.00	-73.67	88.99
66.24	-71.76	90.41
66.49	-69.86	91.25
66.75	-68.05	91.61
67.00	-66.38	91.61
67.25	-64.95	91.37
67.50	-63.81	91.00
67.76	-62.99	90.54
68.01	-62.44	89.94
68.27	-62.13	89.15
68.53	-62.00	88.11
68.79	-62.01	86.76
69.05	-62.11	85.05
69.31	-62.24	82.91
69.57	-62.36	80.28
69.83	-62.42	77.11
70.09	-62.36	73.32
70.36	-62.12	68.86
70.62	-61.68	63.71
70.89	-61.07	57.97
71.16	-60.32	51.78
71.43	-59.47	45.27
71.70	-58.57	38.57
71.97	-57.65	31.82
72.24	-56.75	25.17
72.51	-55.93	18.75
72.79	-55.21	12.72
73.06	-54.66	7.22
73.34	-54.30	2.42
73.61	-54.17	-1.62
73.89	-54.26	-4.97
74.17	-54.54	-7.71
74.45	-55.00	-9.91
74.73	-55.63	-11.65
75.01	-56.40	-13.03
75.29	-57.31	-14.12
75.58	-58.32	-15.01
75.86	-59.43	-15.80
76.15	-60.61	-16.57
76.44	-61.84	-17.40
76.73	-63.09	-18.26
77.02	-64.32	-19.08
77.31	-65.50	-19.80
77.60	-66.57	-20.34
77.89	-67.51	-20.64
78.18	-68.26	-20.63
78.48	-68.80	-20.22
78.78	-69.06	-19.36
79.07	-69.02	-17.95
79.37	-68.63	-15.97
79.67	-67.95	-13.60
79.97	-67.02	-11.07
80.27	-65.93	-8.67
80.58	-64.75	-6.64
80.88	-63.54	-5.26
81.19	-62.37	-4.81
81.49	-61.33	-5.58
81.80	-60.49	-7.85
82.11	-59.92	-11.91
82.42	-59.67	-17.83
82.73	-59.70	-25.17
83.04	-59.96	-33.44
83.35	-60.41	-42.14
83.67	-61.00	-50.74
83.99	-61.67	-58.73
84.30	-62.39	-65.55
84.62	-63.09	-70.66
84.94	-63.72	-73.49
85.26	-64.25	-73.62
85.58	-64.66	-71.34
85.90	-64.98	-67.20
86.23	-65.21	-61.73
86.55	-65.39	-55.51
86.88	-65.52	-49.10
87.21	-65.61	-43.09
87.54	-65.70	-38.09
87.87	-65.78	-34.71
88.20	-65.89	-33.43
88.53	-66.01	-34.13
88.87	-66.13	-36.46
89.20	-66.24	-40.05
89.54	-66.34	-44.54
89.88	-66.40	-49.57
90.22	-66.42	-54.76
90.56	-66.39	-59.71
90.90	-66.30	-64.02
91.24	-66.14	-67.46
91.59	-65.92	-70.13
91.93	-65.66	-72.18
92.28	-65.37	-73.76
92.63	-65.08	-75.02
92.98	-64.79	-76.13
93.33	-64.53	-77.23
93.68	-64.32	-78.51
94.03	-64.16	-80.11
94.39	-64.06	-82.00
94.74	-64.05	-84.09
95.10	-64.11	-86.29
95.46	-64.26	-88.50
95.82	-64.49	-90.60
96.18	-64.83	-92.51
96.54	-65.27	-94.10
96.91	-65.82	-95.28
97.27	-66.46	-96.17
97.64	-67.17	-97.03
98.01	-67.90	-98.11
98.38	-68.64	-99.71
98.75	-69.34	-102.09
99.12	-69.97	-105.55
99.50	-70.51	-110.38
99.87	-70.90	-116.82
100.25	-71.15	-124.48
100.63	-71.27	-132.58
101.01	-71.24	-140.31
101.39	-71.09	-146.87
101.77	-70.81	-151.40
102.16	-70.41	-153.06
102.54	-69.89	-150.97
102.93	-69.28	-144.61
103.32	-68.63	-134.93
103.71	-68.01	-123.30
104.10	-67.48	-111.09
104.49	-67.13	-99.72
104.88	-67.03	-90.64
105.28	-67.25	-85.32
105.68	-67.87	-85.22
106.08	-68.85	-90.26
106.48	-70.08	-98.94
106.88	-71.42	-109.68
107.28	-72.75	-120.84
107.69	-73.91	-130.75
108.09	-74.78	-137.71
108.50	-75.21	-139.99
108.91	-75.13	-136.82
109.32	-74.61	-129.39
109.73	-73.75	-119.17
110.15	-72.64	-107.63
110.56	-71.38	-96.30
110.98	-70.06	-86.72
111.40	-68.80	-80.49
111.82	-67.66	-78.50
112.24	-66.70	-79.88
112.67	-65.94	-83.51
113.09	-65.41	-88.19
113.52	-65.14	-92.75
113.95	-65.17	-95.95
114.38	-65.54	-96.56
114.81	-66.23	-94.24
115.24	-67.20	-90.40
115.68	-68.38	-86.68
116.11	-69.69	-84.71
116.55	-71.08	-86.21
116.99	-72.45	-92.91
117.43	-73.76	-106.46
117.87	-74.94	-126.34
118.32	-75.97	-150.06
118.77	-76.81	-175.04
119.21	-77.44	161.39
119.66	-77.83	141.96
120.12	-77.94	129.44
120.57	-77.76	125.86
121.02	-77.35	129.98
121.48	-76.77	139.70
121.94	-76.11	152.84
122.40	-75.43	167.20
122.86	-74.82	-179.48
123.32	-74.35	-169.39
123.79	-74.04	-162.73
124.26	-73.87	-158.15
124.73	-73.80	-154.24
125.20	-73.81	-149.51
125.67	-73.87	-142.50
126.14	-73.95	-131.69
126.62	-74.04	-117.27
127.10	-74.17	-101.96
127.58	-74.35	-88.75
128.06	-74.62	-80.68
128.54	-75.01	-80.88
129.03	-75.54	-92.52
129.51	-76.20	-116.14
130.00	-76.90	-146.98
130.49	-77.53	-179.52
130.98	-77.99	151.85
131.48	-78.16	132.90
131.98	-77.93	129.45
132.47	-77.27	143.46
132.97	-76.28	169.64
133.48	-75.07	-158.16
133.98	-73.76	-126.24
134.48	-72.47	-101.02
134.99	-71.33	-88.95
135.50	-70.39	-91.86
136.01	-69.61	-106.12
136.53	-68.96	-127.72
137.04	-68.39	-152.56
137.56	-67.87	-176.42
138.08	-67.37	164.55
138.60	-67.05	150.40
139.12	-67.14	139.01
139.65	-67.90	128.25
140.17	-69.59	115.89
140.70	-72.46	99.68
141.23	-76.56	78.66
141.77	-81.35	55.38
142.30	-86.17	32.98
142.84	-90.36	14.72
143.38	-93.23	3.90
143.92	-94.16	3.51
144.46	-93.21	11.86
145.01	-90.89	24.21
145.55	-87.74	35.66
146.10	-84.31	41.19
146.65	-81.16	35.71
147.21	-78.65	17.10
147.76	-76.76	-11.71
148.32	-75.45	-47.22
148.88	-74.69	-85.85
149.44	-74.42	-123.94
150.01	-74.58	-158.74
150.57	-75.01	169.22
151.14	-75.55	138.63
151.71	-76.01	108.16
152.28	-76.22	76.45
152.86	-76.04	42.60
153.43	-75.50	8.33
154.01	-74.75	-23.67
154.59	-73.90	-50.65
155.18	-73.10	-69.78
155.76	-72.46	-78.87
156.35	-71.99	-79.99
156.94	-71.65	-77.08
157.53	-71.40	-74.13
158.13	-71.21	-75.27
158.72	-71.04	-83.82
159.32	-70.89	-98.18
159.93	-70.76	-114.87
160.53	-70.65	-130.33
161.13	-70.57	-140.89
161.74	-70.54	-143.92
162.35	-70.60	-141.01
162.97	-70.82	-134.87
163.58	-71.24	-128.27
164.20	-71.94	-124.04
164.82	-72.87	-123.74
165.44	-73.81	-126.13
166.06	-74.45	-129.58
166.69	-74.54	-132.43
167.32	-73.79	-133.04
167.95	-72.28	-131.44
168.58	-70.45	-129.23
169.22	-68.76	-128.12
169.86	-67.65	-129.87
170.50	-67.49	-135.85
171.14	-68.02	-145.22
171.79	-68.74	-156.35
172.44	-69.16	-167.57
173.09	-68.77	-177.20
173.74	-67.55	175.65
174.40	-66.20	170.70
175.06	-65.46	167.57
175.72	-66.12	165.86
176.38	-68.74	165.18
177.04	-72.61	165.20
177.71	-76.59	165.58
178.38	-79.52	165.99
179.06	-80.25	166.10
179.73	-78.69	166.00
180.41	-75.79	166.12
181.09	-72.58	166.96
181.77	-70.09	169.00
182.46	-68.97	172.12
183.15	-68.93	174.73
183.84	-69.51	175.02
184.53	-70.28	171.13
185.23	-70.85	161.96
185.93	-71.15	150.15
186.63	-71.21	139.52
187.33	-71.06	133.99
188.04	-70.73	136.78
188.75	-70.39	145.03
189.46	-70.22	152.70
190.18	-70.44	153.62
190.90	-71.23	142.16
191.62	-72.48	121.29
192.34	-73.88	99.97
193.07	-75.10	87.48
193.79	-75.82	92.62
194.53	-75.94	113.89
195.26	-75.52	141.55
196.00	-74.62	165.41
196.74	-73.34	175.63
197.48	-71.84	170.51
198.22	-70.35	154.82
198.97	-69.13	133.56
199.72	-68.42	111.70
200.48	-68.51	92.58
201.23	-69.68	78.43
201.99	-72.24	71.57
202.75	-76.36	73.79
203.52	-81.15	82.84
204.29	-85.21	94.56
205.06	-87.13	104.67
205.83	-85.93	109.42
206.61	-82.80	107.71
207.39	-79.53	99.15
208.17	-77.96	83.35
208.96	-78.96	62.07
209.74	-81.26	41.82
210.54	-83.28	29.86
211.33	-83.44	33.37
212.13	-81.68	52.87
212.93	-79.47	81.95
213.73	-78.41	113.77
214.54	-79.79	141.67
215.35	-82.82	161.26
216.16	-85.80	169.02
216.98	-87.00	161.40
217.80	-85.67	139.30
218.62	-83.21	113.33
219.44	-81.31	95.58
220.27	-81.57	97.19
221.10	-83.80	114.96
221.94	-86.57	135.90
222.77	-88.41	146.52
223.61	-88.35	139.45
224.46	-86.85	124.15
225.30	-84.60	113.13
226.15	-82.30	117.99
227.01	-80.39	136.93
227.86	-79.13	159.30
228.72	-78.79	174.11
229.59	-79.28	175.64
230.45	-79.83	169.04
231.32	-79.55	160.88
232.20	-77.75	156.75
233.07	-75.07	155.40
233.95	-72.66	152.91
234.84	-71.67	145.49
235.72	-72.18	133.96
236.61	-73.27	123.63
237.50	-73.95	120.09
238.40	-73.72	125.10
239.30	-73.16	132.21
240.20	-72.97	133.73
241.11	-73.66	124.23
242.02	-74.65	108.96
242.93	-75.06	96.27
243.85	-74.15	93.49
244.77	-72.50	97.22
245.69	-71.42	98.28
246.62	-72.15	87.94
247.55	-74.41	69.15
248.48	-76.58	54.99
249.42	-77.01	58.70
250.36	-75.49	79.96
251.31	-73.58	101.37
252.26	-72.97	104.33
253.21	-74.28	83.87
254.16	-76.33	57.65
255.12	-77.74	45.67
256.09	-77.82	56.30
257.05	-77.20	74.54
258.02	-76.72	82.33
259.00	-76.87	70.78
259.97	-77.39	51.31
260.95	-77.93	38.18
261.94	-78.45	38.63
262.93	-79.52	44.22
263.92	-81.78	44.35
264.92	-85.03	35.46
265.92	-87.27	28.24
266.92	-86.30	35.05
267.93	-82.00	56.80
268.94	-77.74	75.13
269.95	-77.20	70.06
270.97	-80.82	42.31
271.99	-84.94	19.13
273.02	-85.70	28.53
274.05	-82.72	68.49
275.08	-78.79	109.51
276.12	-76.59	123.38
277.16	-76.18	111.44
278.21	-76.03	92.78
279.26	-74.86	83.41
280.31	-73.18	79.03
281.37	-72.13	68.17
282.43	-72.44	45.53
283.50	-73.62	24.16
284.57	-74.97	20.43
285.64	-76.00	36.65
286.72	-76.51	54.40
287.80	-76.35	54.84
288.89	-75.75	39.05
289.98	-75.18	22.34
291.07	-75.05	17.02
292.17	-75.53	18.20
293.27	-76.66	15.82
294.38	-78.29	6.56
295.49	-79.80	-0.26
296.61	-80.54	5.11
297.73	-80.24	17.74
298.85	-78.89	22.06
299.98	-76.80	8.22
301.11	-75.52	-9.72
302.25	-76.84	-12.31
303.39	-80.41	-0.67
304.53	-83.26	-1.41
305.68	-82.90	-34.52
306.83	-80.99	-67.08
307.99	-80.85	-46.04
309.15	-83.52	34.26
310.32	-86.42	101.53
311.49	-86.92	86.60
312.67	-84.99	4.72
313.85	-81.75	-90.64
315.03	-78.73	-166.23
316.22	-78.18	136.41
317.41	-81.66	93.35
318.61	-86.02	66.80
319.81	-86.16	61.21
321.02	-81.31	70.39
322.23	-76.49	73.74
323.45	-75.83	56.15
324.67	-77.42	32.62
325.89	-77.83	25.34
327.12	-76.51	31.87
328.36	-75.44	28.64
329.60	-76.04	5.67
330.84	-78.26	-12.83
332.09	-81.58	-3.29
333.34	-83.93	17.03
334.60	-82.71	14.68
335.86	-79.15	-8.44
337.13	-78.53	-13.01
338.40	-83.29	18.88
339.68	-88.19	46.65
340.96	-87.92	31.45
342.25	-84.34	1.85
343.54	-81.76	8.62
344.83	-80.70	47.82
346.14	-78.57	71.52
347.44	-74.87	57.07
348.75	-72.57	24.35
350.07	-73.54	-5.57
351.39	-75.35	-20.49
352.72	-75.26	-13.95
354.05	-74.25	-4.82
355.38	-74.50	-18.56
356.72	-75.98	-43.61
358.07	-77.15	-45.20
359.42	-77.27	-25.99
360.78	-76.38	-28.95
362.14	-75.49	-62.08
363.51	-77.09	-71.31
364.88	-81.93	-28.53
366.25	-85.94	13.19
367.64	-85.62	8.49
369.02	-82.39	-10.73
370.42	-78.66	-5.17
371.81	-75.94	6.86
373.22	-75.26	-6.28
374.63	-76.18	-34.76
376.04	-77.58	-53.03
377.46	-78.11	-59.50
378.88	-76.55	-64.95
380.31	-74.25	-71.18
381.75	-74.10	-74.34
383.19	-75.53	-75.77
384.63	-75.53	-81.06
386.09	-74.01	-99.88
387.54	-73.35	-143.02
389.00	-75.98	178.04
390.47	-84.01	-158.98
391.95	-92.81	-102.90
393.43	-92.56	-113.55
394.91	-84.54	164.41
396.40	-79.07	86.36
397.90	-78.91	45.73
399.40	-80.61	39.44
400.90	-81.48	46.74
402.42	-79.77	37.42
403.94	-77.29	9.00
405.46	-77.46	-23.67
406.99	-78.73	-43.79
408.53	-77.63	-38.48
410.07	-75.10	-26.26
411.61	-73.49	-31.86
413.17	-73.64	-48.31
414.73	-75.20	-62.21
416.29	-75.36	-71.54
417.86	-73.49	-80.84
419.44	-75.39	-104.34
421.02	-81.84	-134.16
422.61	-83.80	-125.11
424.21	-80.01	-86.08
425.81	-78.35	-85.00
427.41	-79.55	-109.94
429.03	-79.31	-100.61
430.65	-78.35	-92.37
432.27	-79.04	-133.67
433.90	-80.90	-141.63
435.54	-82.47	-70.41
437.18	-81.88	-40.18
438.83	-79.40	-82.45
440.49	-77.92	-88.14
442.15	-76.77	-61.50
443.82	-73.49	-80.74
445.49	-71.48	-121.27
447.18	-73.69	-136.67
448.86	-75.07	-135.18
450.56	-73.39	-133.99
452.26	-72.56	-147.15
453.96	-75.46	-168.01
455.68	-82.17	-177.70
457.40	-83.88	-170.07
459.12	-76.59	-153.90
460.85	-72.86	-159.89
462.59	-75.90	174.26
464.34	-78.44	161.69
466.09	-78.92	165.48
467.85	-78.09	174.27
469.62	-76.08	173.89
471.39	-73.85	156.96
473.17	-73.24	125.48
474.95	-75.28	92.84
476.74	-79.14	74.49
478.54	-80.75	77.62
480.35	-79.16	69.12
482.16	-77.63	11.59
483.98	-84.55	14.04
485.81	-96.74	96.47
487.64	-92.68	78.60
489.48	-80.68	-32.84
491.33	-78.76	-119.08
493.18	-81.04	-88.50
495.04	-80.98	-11.01
496.91	-77.04	-44.79
498.79	-74.89	-91.32
500.67	-76.55	-107.01
502.56	-77.84	164.31
504.45	-84.26	71.89
506.36	-93.23	43.70
508.27	-84.37	19.37
510.19	-69.95	6.50
512.11	-68.28	15.15
514.04	-71.73	-21.10
515.98	-73.68	-72.57
517.93	-72.64	-91.18
519.89	-72.79	-129.02
521.85	-74.67	-159.62
523.82	-75.81	-146.44
525.79	-73.81	-160.67
527.78	-72.73	156.47
529.77	-75.96	124.12
531.77	-77.45	112.94
533.78	-74.66	101.55
535.79	-72.73	67.88
537.81	-81.97	24.58
539.84	-86.83	43.46
541.88	-82.12	91.29
543.92	-85.79	21.65
545.98	-86.44	-19.14
548.04	-82.34	21.30
550.10	-83.76	42.72
552.18	-81.40	36.03
554.26	-76.82	9.18
556.35	-75.80	-24.79
558.45	-74.76	-46.80
560.56	-74.64	-72.12
562.68	-76.33	-103.88
564.80	-77.75	-126.81
566.93	-76.00	-153.26
569.07	-79.24	-172.62
571.22	-86.86	-160.14
573.37	-82.61	-122.99
575.54	-85.57	-172.36
577.71	-89.84	163.44
579.89	-81.13	-103.28
582.08	-77.94	-133.58
584.27	-84.47	-177.28
586.48	-89.79	-155.80
588.69	-86.77	-126.01
590.91	-86.85	-129.32
593.14	-83.62	-126.65
595.38	-78.18	-131.62
597.63	-79.02	-168.32
599.88	-85.12	176.01
602.15	-83.38	-172.89
604.42	-78.76	171.48
606.70	-80.94	159.79
608.99	-86.29	-112.60
611.29	-85.52	-52.24
613.59	-75.62	-74.54
615.91	-66.78	-136.19
618.23	-67.86	172.70
620.57	-71.12	135.24
622.91	-72.55	162.69
625.26	-71.99	170.65
627.62	-69.80	135.21
629.99	-68.98	115.52
632.36	-74.22	92.58
634.75	-77.37	60.46
637.15	-82.06	108.32
639.55	-80.90	164.76
641.96	-73.19	125.28
644.39	-75.16	82.24
646.82	-74.22	114.84
649.26	-73.60	116.25
651.71	-73.99	88.24
654.17	-73.86	72.85
656.64	-77.13	65.44
659.11	-83.51	68.93
661.60	-79.76	87.91
664.10	-82.74	62.49
666.60	-85.92	-45.90
669.12	-81.68	-168.00
671.64	-76.57	135.57
674.18	-73.67	130.24
676.72	-68.72	121.00
679.28	-68.79	93.74
681.84	-70.00	68.40
684.41	-71.01	57.90
687.00	-71.25	35.19
689.59	-74.47	33.38
692.19	-75.46	58.28
694.80	-69.89	42.92
697.42	-73.14	8.76
700.06	-77.62	-4.27
702.70	-78.76	1.39
705.35	-104.04	39.24
708.01	-88.55	61.83
710.68	-73.76	58.97
713.36	-77.51	45.91
716.06	-77.42	38.22
718.76	-76.25	41.26
721.47	-74.39	37.93
724.19	-75.26	23.86
726.93	-74.74	17.98
729.67	-75.85	23.99
732.42	-73.33	18.14
735.19	-74.00	-7.22
737.96	-76.93	11.64
740.75	-72.75	6.16
743.54	-78.31	-15.57
746.35	-77.64	-6.34
749.16	-74.87	-28.44
751.99	-79.58	-11.62
754.83	-77.04	25.90
757.68	-77.17	-8.10
760.54	-75.61	-19.73
763.41	-74.25	-14.70
766.29	-75.00	-40.25
769.18	-76.86	-47.72
772.08	-75.92	-52.63
774.99	-83.84	-72.28
777.92	-78.22	-6.81
780.85	-75.50	-3.01
783.80	-71.56	-28.81
786.76	-72.32	-46.59
789.73	-78.78	-65.16
792.71	-78.92	-3.41
795.70	-71.00	-15.01
798.70	-70.39	-42.76
801.71	-71.10	-83.86
804.74	-73.10	-86.85
807.78	-78.18	-98.74
810.83	-78.22	-29.78
813.88	-71.68	-38.70
816.96	-67.51	-65.60
820.04	-68.79	-105.13
823.13	-73.49	-125.40
826.24	-81.22	-93.48
829.36	-76.47	-53.24
832.49	-71.41	-62.38
835.63	-68.31	-88.30
838.78	-68.74	-105.49
841.95	-68.42	-114.11
845.12	-69.71	-136.48
848.31	-70.29	-147.27
851.51	-72.52	-171.32
854.73	-76.17	-157.09
857.95	-76.79	-167.19
861.19	-83.17	-161.46
864.44	-75.54	-112.73
867.70	-70.28	-126.36
870.98	-71.82	-165.19
874.26	-72.22	-155.20
877.56	-73.58	168.65
880.87	-76.53	-165.24
884.20	-73.07	-159.54
887.53	-75.03	179.25
890.88	-75.07	-153.45
894.25	-73.35	179.08
897.62	-73.47	-175.48
901.01	-73.91	-177.19
904.41	-71.12	175.99
907.82	-71.21	163.94
911.25	-71.80	158.48
914.68	-71.88	148.22
918.14	-73.18	158.77
921.60	-70.89	155.18
925.08	-69.44	136.69
928.57	-71.09	120.90
932.07	-71.95	121.74
935.59	-74.07	105.70
939.12	-78.07	121.06
942.67	-73.94	126.34
946.22	-76.61	118.49
949.79	-72.92	131.63
953.38	-73.23	110.63
956.97	-74.80	117.12
960.59	-72.25	111.69
964.21	-72.16	89.88
967.85	-73.14	86.07
971.50	-73.48	64.35
975.17	-74.65	64.07
978.85	-74.88	68.70
982.54	-77.53	70.78
986.25	-78.24	50.34
989.97	-87.37	109.55
993.71	-78.32	106.62
997.46	-78.61	125.66
1001.22	-68.72	120.42
1005.00	-68.23	77.79
1008.79	-69.83	76.77
1012.60	-70.36	58.28
1016.42	-70.68	60.83
1020.25	-70.02	45.99
1024.10	-70.52	47.02
1027.97	-68.77	47.53
1031.85	-68.09	24.29
1035.74	-68.76	8.38
1039.65	-68.59	4.44
1043.57	-70.30	-23.23
1047.51	-75.70	-30.21
1051.46	-80.33	5.85
1055.43	-73.44	2.64
1059.41	-74.48	11.61
1063.41	-71.07	11.71
1067.43	-69.21	-13.94
1071.45	-69.44	-29.09
1075.50	-69.83	-43.39
1079.55	-71.91	-40.94
1083.63	-70.72	-59.30
1087.72	-74.80	-65.52
1091.82	-75.10	-67.19
1095.94	-77.24	-65.94
1100.08	-75.35	-42.66
1104.23	-74.45	-44.53
1108.40	-71.29	-55.39
1112.58	-71.71	-70.73
1116.78	-73.20	-72.85
1120.99	-72.55	-75.54
1125.22	-71.44	-79.13
1129.47	-71.58	-91.01
1133.73	-72.57	-93.50
1138.01	-72.26	-120.29
1142.30	-74.77	-126.11
1146.61	-75.32	-134.05
1150.94	-75.17	-128.11
1155.28	-81.97	-126.55
1159.64	-76.44	-118.76
1164.02	-73.73	-109.34
1168.41	-77.22	-113.64
1172.82	-71.26	-105.63
1177.25	-71.00	-128.96
1181.69	-71.66	-150.66
1186.15	-74.37	-147.56
1190.62	-73.67	-151.34
1195.12	-74.44	-146.34
1199.63	-71.50	-154.02
1204.15	-71.38	-172.55
1208.70	-74.33	-178.79
1213.26	-72.51	-178.01
1217.84	-73.43	-167.68
1222.43	-70.33	-178.78
1227.04	-69.18	171.02
1231.67	-68.05	139.36
1236.32	-70.26	131.04
1240.99	-69.13	124.33
1245.67	-72.14	108.22
1250.37	-72.05	103.67
1255.09	-73.25	98.11
1259.83	-74.88	103.63
1264.58	-74.44	98.83
1269.35	-72.61	93.06
1274.14	-73.20	79.22
1278.95	-73.04	58.62
1283.78	-75.83	43.33
1288.62	-77.82	75.71
1293.48	-78.89	76.60
1298.36	-77.80	72.96
1303.26	-77.56	85.54
1308.18	-74.46	55.24
1313.12	-77.86	65.25
1318.07	-75.01	38.22
1323.05	-80.69	49.46
1328.04	-75.17	46.01
1333.05	-74.50	21.15
1338.08	-79.01	23.39
1343.13	-78.44	29.29
1348.20	-75.73	7.70
1353.29	-80.07	-0.27
1358.39	-79.51	38.12
1363.52	-73.80	35.67
1368.67	-74.59	-15.27
1373.83	-80.87	-20.30
1379.01	-78.73	-11.88
1384.22	-79.33	-26.53
1389.44	-81.46	-23.46
1394.68	-78.63	-6.49
1399.95	-81.14	-21.85
1405.23	-78.45	-20.81
1410.53	-78.77	-35.45
1415.86	-77.19	-60.60
1421.20	-80.19	-59.23
1426.56	-79.69	-100.79
1431.94	-84.04	-2.39
1437.35	-81.45	-82.42
1442.77	-85.44	-0.94
1448.22	-82.05	-1.91
1453.68	-79.11	-24.23
1459.17	-79.72	-39.65
1464.67	-76.35	-62.46
1470.20	-77.75	-92.42
1475.75	-83.42	-116.30
1481.32	-84.29	-62.27
1486.91	-81.64	-66.55
1492.52	-79.13	-57.38
1498.15	-77.10	-81.40
1503.80	-76.49	-104.77
1509.48	-75.03	-125.11
1515.17	-75.45	-142.76
1520.89	-78.61	-155.51
1526.63	-81.86	-122.24
1532.39	-79.38	-148.96
1538.17	-77.24	-143.34
1543.98	-78.71	-173.63
1549.81	-78.55	-174.08
1555.65	-82.52	169.51
1561.52	-81.11	168.03
1567.42	-86.75	147.10
1573.33	-85.77	-143.82
1579.27	-77.70	-138.09
1585.23	-75.33	-167.39
1591.21	-73.66	165.72
1597.21	-73.44	142.21
1603.24	-74.93	106.05
1609.29	-77.53	93.37
1615.36	-80.97	59.24
1621.46	-83.09	75.94
1627.58	-88.80	136.64
1633.72	-85.21	159.66
1639.89	-76.87	165.33
1646.07	-77.57	127.73
1652.29	-77.72	116.39
1658.52	-79.17	114.75
1664.78	-76.34	102.01
1671.06	-80.46	110.58
1677.37	-76.33	84.62
1683.70	-77.18	95.72
1690.05	-76.10	62.35
1696.43	-77.43	61.33
1702.83	-78.78	35.16
1709.26	-81.63	40.03
1715.70	-80.45	92.40
1722.18	-77.03	50.69
1728.68	-76.62	23.37
1735.20	-82.42	11.08
1741.75	-78.55	40.01
1748.32	-79.63	48.91
1754.92	-76.17	25.19
1761.54	-77.53	0.15
1768.19	-81.18	9.47
1774.86	-78.10	7.76
1781.56	-76.45	13.57
1788.28	-76.71	7.00
1795.03	-74.79	-4.82
1801.80	-74.06	0.29
1808.60	-72.62	-16.41
1815.43	-71.11	-33.81
1822.28	-69.88	-62.32
1829.15	-72.45	-78.31
1836.06	-73.75	-97.05
1842.99	-78.18	-101.49
1849.94	-76.86	-74.95
1856.92	-71.83	-82.99
1863.93	-71.98	-112.06
1870.96	-74.11	-127.52
1878.02	-74.87	-129.63
1885.11	-75.49	-133.52
1892.22	-75.63	-139.77
1899.36	-76.83	-137.75
1906.53	-75.03	-132.53
1913.72	-73.25	-152.83
1920.95	-72.47	-171.41
1928.19	-75.22	-170.85
1935.47	-71.91	-173.54
1942.77	-72.36	172.09
1950.11	-73.00	156.55
1957.46	-73.36	161.34
1964.85	-71.15	155.14
1972.27	-71.86	131.33
1979.71	-71.27	140.74
1987.18	-70.19	124.72
1994.68	-69.13	109.01
2002.20	-68.84	95.91
2009.76	-69.55	87.22
2017.34	-68.67	72.79
2024.96	-69.13	60.46
2032.60	-70.08	37.92
2040.27	-70.75	36.29
2047.97	-71.52	31.27
2055.70	-70.48	26.53
2063.45	-69.44	9.92
2071.24	-72.05	-9.33
2079.06	-72.08	-4.27
2086.90	-70.25	-16.55
2094.78	-71.47	-41.46
2102.68	-72.56	-34.93
2110.62	-70.89	-47.31
2118.58	-70.72	-78.28
2126.57	-73.25	-82.48
2134.60	-75.80	-86.77
2142.65	-73.56	-89.36
2150.74	-74.66	-100.11
2158.86	-75.75	-93.92
2167.00	-72.64	-110.67
2175.18	-74.42	-136.12
2183.39	-76.46	-134.27
2191.63	-76.29	-140.99
2199.90	-74.88	-156.11
2208.20	-76.36	-172.67
2216.53	-77.66	-171.89
2224.90	-75.16	179.29
2233.29	-77.10	176.36
2241.72	-76.00	165.43
2250.18	-75.46	152.52
2258.67	-77.18	148.07
2267.19	-76.35	137.02
2275.75	-77.00	115.55
2284.34	-77.70	125.71
2292.96	-75.93	110.21
2301.61	-73.66	103.86
2310.29	-75.24	67.40
2319.01	-79.43	51.46
2327.76	-78.43	87.12
2336.55	-75.91	52.01
2345.36	-76.41	31.15
2354.21	-80.80	-19.67
2363.10	-87.04	21.62
2372.02	-90.23	-93.94
2380.97	-92.05	113.46
2389.95	-84.04	78.30
2398.97	-82.87	55.72
2408.02	-84.72	56.70
2417.11	-76.71	59.73
2426.23	-77.45	28.14
2435.39	-74.60	4.16
2444.58	-75.02	-25.39
2453.80	-79.90	-52.28
2463.06	-80.88	-56.01
2472.35	-80.07	-48.41
2481.68	-78.39	-59.72
2491.05	-79.66	-108.49
2500.45	-86.12	-128.28
2509.88	-84.52	-109.72
2519.36	-87.42	8.33
2528.86	-89.79	-111.48
2538.41	-87.49	-127.74
2547.98	-86.06	-87.04
2557.60	-87.80	-90.94
2567.25	-88.56	-99.00
2576.94	-83.44	-96.39
2586.66	-80.63	-123.02
2596.42	-83.90	-171.35
2606.22	-80.30	-152.75
2616.06	-85.77	-174.69
2625.93	-81.54	-112.59
2635.84	-77.60	-162.49
2645.78	-77.40	174.21
2655.77	-79.64	175.61
2665.79	-77.21	147.08
2675.85	-79.14	142.58
2685.95	-76.59	131.65
2696.08	-75.95	112.84
2706.26	-76.47	89.25
2716.47	-78.21	83.36
2726.72	-79.54	94.18
2737.01	-77.18	91.98
2747.34	-75.47	72.67
2757.70	-73.21	61.67
2768.11	-75.47	32.33
2778.56	-76.80	26.31
2789.04	-74.37	19.82
2799.57	-73.89	14.52
2810.13	-73.21	-17.22
2820.73	-73.02	-32.24
2831.38	-72.78	-48.78
2842.06	-74.60	-77.54
2852.79	-78.43	-97.17
2863.55	-80.81	-99.50
2874.36	-81.81	-88.13
2885.21	-79.65	-90.88
2896.09	-77.71	-102.34
2907.02	-76.63	-142.37
2917.99	-82.28	-142.99
2929.00	-82.22	-144.29
2940.06	-80.06	-155.63
2951.15	-82.74	-177.47
2962.29	-80.58	-158.17
2973.47	-80.93	-166.27
2984.69	-80.59	-165.69
2995.95	-77.12	178.89
3007.25	-75.74	166.44
3018.60	-74.76	151.17
3029.99	-74.27	131.80
3041.43	-73.40	118.83
3052.90	-74.43	90.41
3064.42	-77.49	94.31
3075.99	-73.69	81.52
3087.60	-75.57	56.38
3099.25	-75.12	49.89
3110.94	-74.37	45.63
3122.68	-73.69	11.78
3134.47	-77.87	-1.09
3146.29	-75.42	-2.29
3158.17	-75.12	-14.47
3170.08	-76.64	-21.42
3182.05	-74.81	-38.33
3194.05	-75.37	-58.38
3206.11	-77.34	-61.61
3218.21	-76.97	-76.41
3230.35	-75.29	-109.02
3242.54	-78.80	-121.63
3254.77	-79.65	-105.56
3267.06	-76.42	-111.10
3279.39	-75.39	-135.23
3291.76	-75.77	-146.55
3304.18	-73.80	-165.39
3316.65	-73.70	171.83
3329.17	-76.69	153.43
3341.73	-77.43	150.80
3354.34	-75.95	129.90
3367.00	-78.77	127.75
3379.70	-73.89	122.09
3392.46	-73.70	92.72
3405.26	-75.30	71.82
3418.11	-77.50	64.56
3431.01	-74.74	67.20
3443.95	-74.44	52.74
3456.95	-74.73	37.44
3469.99	-73.08	17.79
3483.09	-73.58	-6.74
3496.23	-75.17	-20.62
3509.43	-76.32	-39.73
3522.67	-77.35	-46.48
3535.96	-77.50	-67.17
3549.31	-78.67	-65.39
3562.70	-75.95	-81.52
3576.14	-78.67	-96.41
3589.64	-79.00	-118.37
3603.18	-78.23	-127.83
3616.78	-77.95	-141.40
3630.43	-80.39	-171.28
3644.13	-82.08	-152.64
3657.88	-83.11	-170.87
3671.68	-78.52	-171.17
3685.54	-77.82	-175.52
3699.45	-76.85	158.10
3713.41	-77.93	131.92
3727.42	-76.78	127.97
3741.49	-75.37	128.73
3755.60	-75.48	99.83
3769.78	-75.18	98.24
3784.00	-72.79	74.20
3798.28	-72.65	49.05
3812.61	-74.23	17.82
3827.00	-76.09	15.50
3841.44	-75.94	1.86
3855.94	-75.63	-10.28
3870.49	-75.47	-34.41
3885.09	-78.83	-46.61
3899.75	-77.55	-50.10
3914.47	-75.83	-67.15
3929.24	-78.46	-80.37
3944.07	-76.28	-94.60
3958.95	-76.91	-109.40
3973.89	-78.54	-102.09
3988.89	-75.28	-125.37
4003.94	-75.49	-154.53
4019.05	-73.30	-156.99
4034.22	-71.62	175.97
4049.44	-72.18	149.80
4064.72	-73.05	130.83
4080.06	-72.29	116.63
4095.46	-71.56	99.56
4110.91	-72.58	82.19
4126.42	-74.61	62.43
4141.99	-72.42	60.66
4157.62	-71.72	33.37
4173.31	-72.04	27.53
4189.06	-72.12	0.14
4204.87	-72.00	-18.03
4220.74	-72.67	-45.16
4236.66	-74.00	-52.39
4252.65	-73.22	-64.54
4268.70	-72.58	-85.96
4284.81	-73.60	-113.61
4300.98	-72.73	-121.96
4317.21	-73.10	-149.35
4333.50	-73.20	-169.83
4349.85	-74.48	170.71
4366.26	-75.04	151.29
4382.74	-75.15	159.12
4399.28	-73.65	132.75
4415.88	-73.80	119.22
4432.54	-73.06	89.51
4449.27	-74.15	63.49
4466.06	-76.41	54.91
4482.91	-74.99	51.92
4499.83	-75.37	23.92
4516.81	-75.88	16.70
4533.85	-76.62	-8.27
4550.96	-79.06	-35.99
4568.14	-83.77	-7.12
4585.37	-78.86	-0.11
4602.68	-77.66	-32.00
4620.05	-78.97	-32.87
4637.48	-75.35	-51.50
4654.98	-75.05	-79.68
4672.55	-75.59	-98.68
4690.18	-75.19	-111.83
4707.88	-71.91	-112.36
4725.64	-69.69	-145.61
4743.48	-68.15	-177.34
4761.38	-67.76	149.34
4779.34	-68.35	123.58
4797.38	-68.99	106.10
4815.48	-68.59	92.80
4833.65	-67.34	65.38
4851.89	-68.17	43.10
4870.20	-67.80	21.19
4888.58	-68.62	-1.27
4907.03	-69.39	-17.52
4925.54	-68.62	-35.69
4944.13	-69.08	-54.96
4962.79	-69.95	-82.53
4981.52	-70.45	-88.87
5000.31	-68.45	-109.02
5019.18	-66.52	-138.88
5038.12	-68.94	-165.06
5057.14	-68.22	-171.89
5076.22	-67.51	161.44
5095.37	-66.68	145.39
5114.60	-65.45	111.33
5133.90	-66.41	88.16
5153.27	-66.66	65.61
5172.72	-66.77	52.58
5192.24	-66.39	21.07
5211.83	-67.14	4.15
5231.50	-66.41	-17.45
5251.24	-66.58	-45.98
5271.06	-66.82	-69.44
5290.95	-67.35	-101.86
5310.91	-69.33	-127.61
5330.96	-70.87	-133.81
5351.07	-68.52	-158.60
5371.27	-70.36	176.83
5391.53	-70.00	161.93
5411.88	-70.06	140.63
5432.30	-69.82	115.23
5452.80	-71.33	99.26
5473.38	-70.09	84.13
5494.03	-70.56	63.04
5514.76	-69.77	47.16
5535.57	-69.58	13.02
5556.46	-71.63	-3.50
5577.43	-69.88	-24.91
5598.48	-70.94	-41.18
5619.60	-70.03	-62.51
5640.81	-70.29	-105.08
5662.10	-73.11	-117.07
5683.46	-72.71	-130.69
5704.91	-71.29	-155.52
5726.44	-70.45	-168.05
5748.05	-69.91	151.84
5769.74	-70.79	134.08
5791.51	-69.83	116.95
5813.36	-70.54	89.64
5835.30	-71.13	71.53
5857.32	-69.01	57.16
5879.42	-69.32	22.68
5901.61	-69.47	8.35
5923.88	-69.84	-31.65
5946.23	-71.13	-39.50
5968.67	-70.85	-71.33
5991.20	-70.86	-89.44
6013.80	-70.49	-117.48
6036.50	-69.78	-144.87
6059.28	-70.21	-169.81
6082.14	-70.12	165.64
6105.09	-69.25	137.29
6128.13	-70.35	116.72
6151.26	-70.62	93.29
6174.47	-70.35	74.66
6197.77	-69.14	54.91
6221.16	-69.01	16.63
6244.63	-70.48	-11.01
6268.20	-70.22	-40.26
6291.85	-73.70	-73.65
6315.59	-74.39	-68.62
6339.42	-75.72	-105.03
6363.35	-74.97	-116.94
6387.36	-74.36	-159.82
6411.46	-76.03	-161.76
6435.66	-76.56	172.48
6459.94	-78.98	153.47
6484.32	-74.56	171.34
6508.79	-72.32	134.77
6533.35	-72.12	114.12
6558.00	-69.16	95.43
6582.75	-67.95	58.89
6607.59	-67.62	35.93
6632.53	-67.56	7.13
6657.55	-66.53	-21.55
6682.68	-66.25	-57.91
6707.90	-67.11	-78.79
6733.21	-66.44	-113.08
6758.62	-66.04	-136.18
6784.12	-65.12	-165.14
6809.72	-65.58	165.75
6835.42	-64.64	139.32
6861.21	-64.08	117.55
6887.10	-62.30	85.07
6913.09	-62.82	52.91
6939.18	-62.87	30.21
6965.36	-61.82	-1.52
6991.65	-61.20	-39.52
7018.03	-62.50	-70.37
7044.51	-63.12	-94.36
7071.10	-61.34	-128.63
7097.78	-62.93	-160.20
7124.56	-61.41	178.85
7151.45	-61.10	144.26
7178.44	-59.84	120.87
7205.52	-59.74	81.86
7232.71	-58.88	51.94
7260.01	-59.26	14.85
7287.40	-60.08	-19.78
7314.90	-60.82	-49.87
7342.51	-59.80	-75.92
7370.21	-60.33	-123.46
7398.03	-62.36	-143.08
7425.94	-60.88	-170.70
7453.97	-60.93	156.89
7482.09	-61.11	121.58
7510.33	-60.31	99.33
7538.67	-60.53	60.17
7567.12	-59.97	30.01
7595.67	-60.88	-12.81
7624.33	-62.43	-38.12
7653.10	-61.87	-71.27
7681.98	-62.38	-99.88
7710.97	-62.89	-140.80
7740.07	-63.87	-172.58
7769.28	-65.81	159.57
7798.60	-64.36	145.54
7828.02	-63.45	107.12
7857.56	-63.77	69.31
7887.21	-64.51	42.69
7916.98	-64.19	14.73
7946.85	-65.43	-23.26
7976.84	-65.04	-48.64
8006.94	-65.98	-83.06
8037.16	-65.82	-114.75
8067.49	-67.28	-144.72
8097.93	-66.82	-177.93
8128.49	-66.83	161.42
8159.16	-65.78	119.27
8189.95	-66.33	96.12
8220.86	-65.50	59.03
8251.88	-65.94	33.20
8283.02	-66.21	3.21
8314.27	-66.26	-32.91
8345.65	-66.25	-61.81
8377.14	-66.59	-98.21
8408.75	-66.89	-131.07
8440.48	-66.70	-170.07
8472.33	-66.86	175.44
8504.30	-64.84	138.13
8536.40	-64.74	100.75
8568.61	-64.33	70.22
8600.94	-65.14	37.17
8633.40	-63.85	4.58
8665.98	-63.54	-37.67
8698.68	-64.32	-73.33
8731.51	-64.83	-104.31
8764.46	-64.21	-136.61
8797.53	-63.31	-173.86
8830.73	-62.68	147.04
8864.05	-63.33	110.50
8897.50	-62.16	86.88
8931.07	-60.99	45.81
8964.78	-60.68	0.61
8998.61	-61.36	-34.80
9032.56	-60.36	-76.30
9066.65	-60.73	-116.71
9100.86	-60.75	-160.13
9135.20	-60.95	157.71
9169.68	-60.84	120.05
9204.28	-61.13	75.56
9239.01	-62.28	36.63
9273.88	-62.54	5.00
9308.87	-62.60	-39.68
9344.00	-64.00	-81.77
9379.26	-64.87	-112.69
9414.65	-64.16	-157.52
9450.18	-65.82	155.51
9485.84	-67.94	125.21
9521.64	-66.93	101.65
9557.57	-67.02	66.56
9593.64	-67.47	37.43
9629.84	-65.83	7.99
9666.18	-66.09	-43.38
9702.65	-66.73	-87.10
9739.27	-67.17	-122.92
9776.02	-67.19	-166.55
9812.91	-67.66	149.68
9849.94	-68.21	118.97
9887.11	-68.27	83.05
9924.42	-67.93	47.77
9961.87	-68.93	18.94
9999.46	-67.59	-24.75
10037.19	-68.72	-70.88
10075.07	-70.05	-103.28
10113.09	-69.10	-139.29
10151.25	-68.80	174.65
10189.55	-68.31	136.21
10228.01	-67.94	98.63
10266.60	-67.29	63.97
10305.34	-67.49	23.32
10344.23	-67.77	-16.69
10383.27	-67.90	-53.26
10422.45	-68.58	-97.79
10461.78	-67.75	-135.24
10501.26	-66.92	178.72
10540.88	-65.78	131.78
10580.66	-65.78	95.08
10620.59	-64.72	52.61
10660.66	-65.12	4.47
10700.89	-65.84	-35.09
10741.27	-64.71	-78.92
10781.81	-64.91	-130.21
10822.49	-64.54	-176.98
10863.33	-63.99	137.17
10904.33	-63.48	84.23
10945.47	-64.30	45.40
10986.78	-64.51	-5.68
11028.24	-66.82	-53.79
11069.85	-67.99	-91.18
11111.63	-67.06	-135.67
11153.56	-66.58	170.02
11195.64	-66.53	123.32
11237.89	-66.96	74.73
11280.30	-68.38	33.97
11322.87	-69.50	-14.32
11365.59	-70.71	-53.78
11408.48	-73.32	-96.05
11451.53	-72.95	-153.97
11494.75	-73.26	165.59
11538.12	-74.92	121.72
11581.66	-74.28	102.80
11625.37	-73.15	60.89
11669.24	-72.73	32.08
11713.27	-71.40	-7.60
11757.47	-71.79	-60.67
11801.84	-71.66	-109.70
11846.37	-70.70	-163.88
11891.08	-70.61	145.45
11935.95	-69.28	104.01
11980.99	-69.33	54.30
12026.20	-69.87	9.63
12071.58	-69.87	-32.06
12117.14	-69.74	-90.61
12162.86	-70.01	-142.53
12208.76	-68.88	163.81
12254.83	-68.86	104.75
12301.07	-69.54	61.71
12347.49	-69.90	14.86
12394.08	-71.27	-32.10
12440.85	-71.90	-80.63
12487.80	-72.13	-141.16
12534.92	-73.45	164.22
12582.23	-71.15	129.78
12629.71	-71.68	74.66
12677.37	-71.72	39.99
12725.20	-72.21	-14.19
12773.22	-74.51	-55.05
12821.42	-73.60	-116.53
12869.81	-74.32	-166.21
12918.37	-71.34	148.87
12967.12	-71.00	82.54
13016.05	-72.53	46.77
13065.17	-72.33	1.53
13114.47	-73.80	-54.25
13163.96	-73.67	-108.44
13213.64	-73.67	-178.44
13263.50	-73.82	136.60
13313.55	-72.96	89.92
13363.79	-73.03	48.87
13414.22	-72.67	4.40
13464.84	-74.15	-56.88
13515.65	-75.24	-104.44
13566.65	-74.59	-166.01
13617.84	-73.87	146.36
13669.23	-70.82	98.43
13720.81	-71.25	53.07
13772.59	-70.12	-0.86
13824.56	-72.24	-52.88
13876.73	-70.78	-112.53
13929.09	-69.92	-176.52
13981.66	-69.87	123.49
14034.42	-69.39	69.59
14087.38	-70.03	14.49
14140.54	-71.24	-36.44
14193.90	-72.48	-104.06
14247.46	-72.46	-164.83
14301.22	-72.11	127.68
14355.19	-72.16	84.94
14409.36	-70.38	35.65
14463.73	-71.57	-17.31
14518.31	-71.79	-79.61
14573.10	-73.86	-147.33
14628.09	-72.44	152.87
14683.29	-71.74	91.64
14738.70	-71.92	40.82
14794.32	-74.11	-9.36
14850.15	-76.22	-46.46
14906.18	-75.57	-123.51
14962.43	-74.47	175.54
15018.90	-71.53	116.10
15075.57	-72.01	68.53
15132.46	-71.19	8.41
15189.56	-72.85	-52.39
15246.88	-72.53	-123.90
15304.42	-73.28	168.92
15362.17	-71.48	114.45
15420.14	-71.31	56.48
15478.33	-70.78	2.29
15536.74	-72.31	-61.50
15595.37	-71.92	-132.51
15654.22	-71.66	153.01
15713.29	-71.08	91.84
15772.58	-71.51	34.99
15832.10	-73.00	-17.43
15891.85	-73.80	-86.30
15951.81	-74.51	-154.84
16012.01	-72.84	133.59
16072.43	-71.99	82.31
16133.08	-72.63	19.94
16193.96	-73.72	-34.80
16255.07	-75.42	-116.48
16316.41	-74.70	-178.12
16377.98	-73.47	109.54
16439.79	-72.42	59.27
16501.82	-73.94	-3.26
16564.09	-76.20	-55.96
16626.60	-76.31	-138.74
16689.34	-74.42	155.86
16752.32	-72.93	87.51
16815.54	-73.26	37.75
16878.99	-73.68	-21.96
16942.69	-74.79	-95.27
17006.62	-74.55	-174.64
17070.79	-72.13	117.85
17135.21	-71.72	53.85
17199.87	-71.15	-5.74
17264.78	-72.80	-76.81
17329.93	-72.44	-159.74
17395.32	-71.01	125.43
17460.97	-70.16	58.90
17526.86	-70.87	-3.61
17593.00	-72.02	-84.59
17659.38	-73.01	-163.91
17726.02	-71.60	117.54
17792.91	-71.43	55.91
17860.06	-72.94	-11.58
17927.45	-74.91	-79.98
17995.10	-74.84	-163.14
18063.01	-73.52	121.14
18131.17	-73.36	62.35
18199.59	-73.96	1.53
18268.27	-75.07	-65.59
18337.21	-75.36	-155.31
18406.40	-72.52	131.18
18475.86	-71.72	59.65
18545.58	-72.39	-10.09
18615.56	-74.42	-91.13
18685.81	-73.84	-178.01
18756.32	-72.27	103.54
18827.10	-72.37	37.84
18898.15	-74.13	-34.05
18969.46	-76.57	-117.20
19041.04	-74.09	154.82
19112.90	-72.59	79.35
19185.02	-73.76	10.98
19257.42	-77.05	-64.39
19330.09	-78.44	-166.47
19403.03	-76.05	116.99
19476.25	-75.50	53.07
19549.74	-77.70	-10.45
19623.51	-80.99	-97.21
19697.56	-80.38	157.05
19771.89	-76.92	91.25
19846.51	-77.57	49.68
19921.40	-47.06	-88.26
19996.57	-82.26	-126.82
20072.03	-79.45	124.33
20147.78	-77.39	60.67
20223.80	-81.10	7.86
20300.12	-85.70	20.30
20376.72	-86.66	28.33
20453.62	-81.43	102.76
20530.80	-78.73	42.89
20608.28	-81.45	-10.95
20686.04	-86.15	-129.38
20764.10	-82.02	126.58
20842.46	-78.71	68.74
20921.11	-80.11	8.10
21000.06	-84.84	-71.15
21079.30	-82.03	151.06
21158.85	-78.79	69.83
21238.69	-80.42	17.59
21318.84	-86.13	-66.66
21399.29	-84.68	147.71
21480.04	-81.64	78.88
21561.09	-82.20	29.95
21642.46	-86.74	0.25
21724.12	-88.00	-46.95
21806.10	-81.28	87.47
21888.39	-81.12	32.11
21970.99	-86.30	-69.68
22053.89	-83.80	105.32
22137.12	-81.69	61.68
22220.65	-84.95	26.97
22304.50	-88.67	69.17
