Freq[Hz]	[dBV]	Phase[Deg]
10.00	-64.86	33.77
10.04	-64.90	33.26
10.08	-64.94	32.75
10.11	-64.99	32.23
10.15	-65.03	31.72
10.19	-65.08	31.20
10.23	-65.12	30.69
10.27	-65.16	30.18
10.31	-65.21	29.67
10.34	-65.25	29.17
10.38	-65.29	28.67
10.42	-65.34	28.19
10.46	-65.38	27.72
10.50	-65.43	27.26
10.54	-65.47	26.81
10.58	-65.52	26.38
10.62	-65.56	25.97
10.66	-65.61	25.57
10.70	-65.65	25.20
10.74	-65.70	24.86
10.78	-65.75	24.54
10.82	-65.79	24.24
10.86	-65.84	23.98
10.90	-65.89	23.75
10.95	-65.94	23.55
10.99	-65.98	23.39
11.03	-66.03	23.27
11.07	-66.08	23.19
11.11	-66.13	23.15
11.15	-66.19	23.16
11.20	-66.24	23.21
11.24	-66.29	23.32
11.28	-66.34	23.48
11.32	-66.40	23.69
11.37	-66.45	23.96
11.41	-66.51	24.30
11.45	-66.57	24.69
11.50	-66.62	25.16
11.54	-66.68	25.69
11.58	-66.74	26.29
11.63	-66.80	26.97
11.67	-66.86	27.73
11.71	-66.93	28.57
11.76	-66.99	29.49
11.80	-67.06	30.50
11.85	-67.12	31.58
11.89	-67.19	32.75
11.94	-67.26	33.99
11.98	-67.33	35.30
12.03	-67.40	36.68
12.07	-67.47	38.13
12.12	-67.55	39.65
12.16	-67.62	41.23
12.21	-67.70	42.87
12.26	-67.77	44.57
12.30	-67.85	46.32
12.35	-67.92	48.12
12.39	-68.00	49.97
12.44	-68.08	51.86
12.49	-68.16	53.80
12.54	-68.24	55.78
12.58	-68.32	57.79
12.63	-68.40	59.83
12.68	-68.49	61.90
12.73	-68.57	63.99
12.77	-68.65	66.11
12.82	-68.73	68.24
12.87	-68.82	70.38
12.92	-68.90	72.53
12.97	-68.99	74.69
13.02	-69.07	76.85
13.07	-69.15	79.00
13.12	-69.24	81.15
13.16	-69.32	83.28
13.21	-69.41	85.40
13.26	-69.49	87.49
13.31	-69.58	89.56
13.36	-69.66	91.59
13.41	-69.75	93.59
13.47	-69.83	95.55
13.52	-69.91	97.46
13.57	-70.00	99.31
13.62	-70.08	101.11
13.67	-70.16	102.85
13.72	-70.24	104.52
13.77	-70.32	106.11
13.83	-70.40	107.62
13.88	-70.48	109.04
13.93	-70.56	110.37
13.98	-70.64	111.61
14.04	-70.71	112.73
14.09	-70.79	113.75
14.14	-70.86	114.64
14.19	-70.93	115.41
14.25	-71.00	116.05
14.30	-71.07	116.55
14.36	-71.14	116.90
14.41	-71.21	117.09
14.46	-71.27	117.13
14.52	-71.33	116.99
14.57	-71.39	116.68
14.63	-71.45	116.18
14.68	-71.51	115.49
14.74	-71.56	114.61
14.80	-71.61	113.53
14.85	-71.66	112.27
14.91	-71.71	110.83
14.96	-71.76	109.21
15.02	-71.80	107.42
15.08	-71.85	105.46
15.13	-71.89	103.34
15.19	-71.93	101.06
15.25	-71.96	98.63
15.31	-72.00	96.05
15.36	-72.03	93.32
15.42	-72.06	90.46
15.48	-72.10	87.46
15.54	-72.12	84.34
15.60	-72.15	81.10
15.66	-72.18	77.74
15.71	-72.21	74.28
15.77	-72.23	70.71
15.83	-72.25	67.05
15.89	-72.28	63.30
15.95	-72.30	59.47
16.01	-72.32	55.56
16.07	-72.34	51.58
16.13	-72.36	47.54
16.19	-72.38	43.45
16.26	-72.39	39.32
16.32	-72.41	35.15
16.38	-72.43	30.94
16.44	-72.44	26.72
16.50	-72.46	22.48
16.56	-72.48	18.24
16.63	-72.49	14.00
16.69	-72.51	9.78
16.75	-72.53	5.58
16.82	-72.54	1.41
16.88	-72.56	-2.72
16.94	-72.58	-6.79
17.01	-72.60	-10.81
17.07	-72.62	-14.75
17.14	-72.64	-18.61
17.20	-72.66	-22.38
17.27	-72.68	-26.04
17.33	-72.70	-29.59
17.40	-72.73	-33.01
17.46	-72.76	-36.29
17.53	-72.78	-39.42
17.59	-72.81	-42.39
17.66	-72.84	-45.20
17.73	-72.88	-47.82
17.79	-72.91	-50.28
17.86	-72.95	-52.56
17.93	-72.99	-54.67
18.00	-73.03	-56.61
18.06	-73.07	-58.38
18.13	-73.12	-59.97
18.20	-73.17	-61.38
18.27	-73.22	-62.63
18.34	-73.28	-63.70
18.41	-73.33	-64.59
18.48	-73.39	-65.31
18.55	-73.46	-65.86
18.62	-73.52	-66.23
18.69	-73.59	-66.43
18.76	-73.67	-66.46
18.83	-73.74	-66.31
18.90	-73.82	-65.98
18.97	-73.91	-65.48
19.04	-74.00	-64.81
19.11	-74.09	-63.97
19.19	-74.19	-62.95
19.26	-74.29	-61.76
19.33	-74.39	-60.40
19.40	-74.50	-58.86
19.48	-74.62	-57.15
19.55	-74.74	-55.27
19.62	-74.86	-53.22
19.70	-74.99	-51.00
19.77	-75.12	-48.61
19.85	-75.26	-46.04
19.92	-75.41	-43.31
20.00	-75.56	-40.41
20.07	-75.72	-37.34
20.15	-75.88	-34.11
20.22	-76.05	-30.70
20.30	-76.23	-27.14
20.38	-76.41	-23.40
20.45	-76.60	-19.50
20.53	-76.80	-15.44
20.61	-77.00	-11.22
20.69	-77.21	-6.85
20.77	-77.43	-2.33
20.84	-77.65	2.32
20.92	-77.88	7.10
21.00	-78.11	11.99
21.08	-78.35	16.99
21.16	-78.59	22.10
21.24	-78.83	27.28
21.32	-79.08	32.55
21.40	-79.33	37.89
21.48	-79.58	43.28
21.56	-79.84	48.72
21.64	-80.10	54.20
21.73	-80.35	59.70
21.81	-80.61	65.21
21.89	-80.87	70.73
21.97	-81.13	76.23
22.06	-81.38	81.72
22.14	-81.64	87.16
22.22	-81.89	92.56
22.31	-82.14	97.90
22.39	-82.38	103.16
22.47	-82.63	108.34
22.56	-82.86	113.41
22.64	-83.09	118.37
22.73	-83.32	123.19
22.82	-83.54	127.87
22.90	-83.75	132.38
22.99	-83.95	136.72
23.07	-84.15	140.87
23.16	-84.33	144.81
23.25	-84.51	148.52
23.34	-84.67	151.99
23.43	-84.82	155.20
23.51	-84.96	158.13
23.60	-85.09	160.79
23.69	-85.20	163.18
23.78	-85.31	165.31
23.87	-85.40	167.18
23.96	-85.48	168.81
24.05	-85.56	170.19
24.14	-85.62	171.34
24.23	-85.67	172.27
24.32	-85.72	172.97
24.42	-85.75	173.46
24.51	-85.78	173.75
24.60	-85.80	173.85
24.69	-85.82	173.76
24.79	-85.83	173.49
24.88	-85.83	173.05
24.97	-85.83	172.45
25.07	-85.83	171.71
25.16	-85.82	170.82
25.26	-85.81	169.80
25.35	-85.80	168.67
25.45	-85.78	167.42
25.54	-85.77	166.07
25.64	-85.75	164.64
25.74	-85.73	163.13
25.84	-85.72	161.55
25.93	-85.71	159.92
26.03	-85.70	158.25
26.13	-85.69	156.54
26.23	-85.69	154.83
26.33	-85.69	153.10
26.43	-85.70	151.39
26.53	-85.72	149.69
26.63	-85.74	148.03
26.73	-85.76	146.40
26.83	-85.80	144.83
26.93	-85.84	143.31
27.03	-85.88	141.86
27.13	-85.93	140.49
27.23	-85.98	139.20
27.34	-86.04	138.02
27.44	-86.11	136.95
27.54	-86.18	136.00
27.65	-86.25	135.19
27.75	-86.33	134.52
27.86	-86.41	134.01
27.96	-86.50	133.67
28.07	-86.59	133.52
28.17	-86.68	133.55
28.28	-86.77	133.80
28.39	-86.87	134.27
28.49	-86.97	134.97
28.60	-87.08	135.92
28.71	-87.19	137.14
28.82	-87.29	138.63
28.93	-87.40	140.42
29.03	-87.52	142.51
29.14	-87.63	144.93
29.25	-87.74	147.68
29.36	-87.86	150.78
29.48	-87.97	154.22
29.59	-88.09	157.95
29.70	-88.20	161.94
29.81	-88.32	166.13
29.92	-88.43	170.48
30.04	-88.54	174.95
30.15	-88.64	179.48
30.26	-88.74	-175.96
30.38	-88.84	-171.43
30.49	-88.94	-166.97
30.61	-89.02	-162.64
30.72	-89.10	-158.50
30.84	-89.18	-154.59
30.95	-89.24	-150.96
31.07	-89.30	-147.69
31.19	-89.35	-144.81
31.31	-89.39	-142.40
31.42	-89.42	-140.50
31.54	-89.43	-139.19
31.66	-89.44	-138.52
31.78	-89.43	-138.55
31.90	-89.41	-139.36
32.02	-89.37	-141.00
32.14	-89.32	-143.55
32.26	-89.25	-147.08
32.39	-89.17	-151.59
32.51	-89.06	-157.02
32.63	-88.95	-163.28
32.75	-88.82	-170.28
32.88	-88.67	-177.93
33.00	-88.52	173.86
33.13	-88.35	165.19
33.25	-88.17	156.14
33.38	-87.98	146.82
33.50	-87.79	137.32
33.63	-87.58	127.76
33.76	-87.37	118.24
33.88	-87.16	108.86
34.01	-86.94	99.73
34.14	-86.71	90.97
34.27	-86.49	82.69
34.40	-86.26	75.00
34.53	-86.03	68.04
34.66	-85.81	61.92
34.79	-85.59	56.77
34.92	-85.37	52.71
35.05	-85.16	49.88
35.18	-84.95	48.40
35.32	-84.75	48.37
35.45	-84.56	49.71
35.58	-84.38	52.36
35.72	-84.21	56.24
35.85	-84.05	61.28
35.99	-83.90	67.38
36.12	-83.76	74.48
36.26	-83.64	82.48
36.40	-83.53	91.30
36.53	-83.43	100.86
36.67	-83.35	111.05
36.81	-83.29	121.80
36.95	-83.24	133.00
37.09	-83.21	144.56
37.23	-83.21	156.38
37.37	-83.22	168.35
37.51	-83.25	-179.62
37.65	-83.30	-167.65
37.79	-83.37	-155.83
37.94	-83.47	-144.29
38.08	-83.60	-133.14
38.22	-83.75	-122.47
38.37	-83.92	-112.33
38.51	-84.11	-102.72
38.66	-84.32	-93.69
38.80	-84.55	-85.23
38.95	-84.79	-77.37
39.10	-85.03	-70.14
39.24	-85.29	-63.55
39.39	-85.55	-57.62
39.54	-85.81	-52.37
39.69	-86.06	-47.83
39.84	-86.32	-44.01
39.99	-86.56	-40.95
40.14	-86.79	-38.66
40.29	-87.00	-37.16
40.45	-87.20	-36.48
40.60	-87.37	-36.65
40.75	-87.51	-37.68
40.90	-87.63	-39.61
41.06	-87.71	-42.45
41.21	-87.76	-46.20
41.37	-87.77	-50.80
41.53	-87.74	-56.17
41.68	-87.68	-62.23
41.84	-87.59	-68.92
42.00	-87.47	-76.15
42.16	-87.31	-83.84
42.32	-87.13	-91.91
42.47	-86.92	-100.28
42.63	-86.68	-108.86
42.80	-86.41	-117.56
42.96	-86.12	-126.30
43.12	-85.80	-134.97
43.28	-85.46	-143.49
43.45	-85.10	-151.77
43.61	-84.72	-159.69
43.77	-84.31	-167.17
43.94	-83.90	-174.10
44.10	-83.46	179.61
44.27	-83.01	173.95
44.44	-82.56	168.89
44.61	-82.11	164.38
44.77	-81.66	160.41
44.94	-81.21	156.93
45.11	-80.79	153.90
45.28	-80.38	151.30
45.45	-80.00	149.08
45.63	-79.66	147.20
45.80	-79.35	145.62
45.97	-79.09	144.30
46.14	-78.87	143.21
46.32	-78.72	142.29
46.49	-78.63	141.51
46.67	-78.61	140.82
46.84	-78.66	140.16
47.02	-78.81	139.52
47.20	-79.03	138.89
47.38	-79.32	138.33
47.56	-79.67	137.87
47.74	-80.07	137.56
47.92	-80.51	137.45
48.10	-80.99	137.57
48.28	-81.49	137.97
48.46	-82.01	138.70
48.64	-82.52	139.82
48.83	-83.03	141.35
49.01	-83.52	143.37
49.20	-83.98	145.92
49.38	-84.39	149.04
49.57	-84.76	152.80
49.75	-85.05	157.25
49.94	-85.28	162.44
50.13	-85.42	168.30
50.32	-85.50	174.74
50.51	-85.51	-178.36
50.70	-85.45	-171.11
50.89	-85.34	-163.62
51.08	-85.18	-156.02
51.28	-84.98	-148.42
51.47	-84.73	-140.95
51.66	-84.46	-133.74
51.86	-84.15	-126.92
52.05	-83.82	-120.61
52.25	-83.48	-114.96
52.45	-83.13	-110.10
52.65	-82.78	-106.17
52.85	-82.43	-103.32
53.04	-82.09	-101.56
53.24	-81.74	-100.83
53.45	-81.40	-101.04
53.65	-81.04	-102.12
53.85	-80.67	-103.97
54.05	-80.29	-106.52
54.26	-79.88	-109.67
54.46	-79.44	-113.34
54.67	-78.97	-117.43
54.87	-78.46	-121.85
55.08	-77.91	-126.51
55.29	-77.31	-131.30
55.50	-76.65	-136.12
55.71	-75.93	-140.88
55.92	-75.15	-145.51
56.13	-74.31	-150.03
56.34	-73.43	-154.50
56.55	-72.53	-158.95
56.77	-71.60	-163.44
56.98	-70.66	-168.00
57.19	-69.73	-172.68
57.41	-68.82	-177.53
57.63	-67.94	177.40
57.84	-67.09	172.05
58.06	-66.31	166.38
58.28	-65.59	160.34
58.50	-64.95	153.87
58.72	-64.41	146.92
58.94	-63.98	139.52
59.17	-63.65	131.77
59.39	-63.44	123.75
59.61	-63.34	115.58
59.84	-63.37	107.34
60.06	-63.52	99.15
60.29	-63.80	91.11
60.52	-64.23	83.33
60.75	-64.79	75.92
60.98	-65.49	69.00
61.21	-66.35	62.67
61.44	-67.37	57.07
61.67	-68.54	52.30
61.90	-69.85	48.40
62.14	-71.27	45.34
62.37	-72.75	43.12
62.61	-74.26	41.69
62.84	-75.76	41.03
63.08	-77.21	41.12
63.32	-78.56	41.93
63.56	-79.78	43.43
63.80	-80.82	45.60
64.04	-81.64	48.40
64.28	-82.20	51.81
64.52	-82.44	55.79
64.76	-82.35	60.28
65.01	-81.96	65.16
65.25	-81.30	70.29
65.50	-80.43	75.54
65.75	-79.37	80.78
66.00	-78.16	85.85
66.24	-76.85	90.62
66.49	-75.48	94.93
66.75	-74.09	98.64
67.00	-72.73	101.59
67.25	-71.44	103.62
67.50	-70.26	104.58
67.76	-69.21	104.42
68.01	-68.28	103.23
68.27	-67.45	101.11
68.53	-66.69	98.16
68.79	-66.00	94.48
69.05	-65.34	90.17
69.31	-64.71	85.33
69.57	-64.08	80.08
69.83	-63.43	74.53
70.09	-62.74	68.78
70.36	-61.98	62.96
70.62	-61.16	57.15
70.89	-60.30	51.34
71.16	-59.43	45.55
71.43	-58.61	39.74
71.70	-57.85	33.92
71.97	-57.21	28.07
72.24	-56.72	22.19
72.51	-56.42	16.27
72.79	-56.36	10.29
73.06	-56.58	4.25
73.34	-57.11	-1.86
73.61	-57.97	-8.03
73.89	-59.11	-14.15
74.17	-60.45	-20.16
74.45	-61.95	-25.94
74.73	-63.55	-31.42
75.01	-65.17	-36.49
75.29	-66.75	-41.05
75.58	-68.23	-45.02
75.86	-69.54	-48.27
76.15	-70.62	-50.72
76.44	-71.39	-52.28
76.73	-71.88	-53.06
77.02	-72.13	-53.19
77.31	-72.16	-52.84
77.60	-72.03	-52.15
77.89	-71.76	-51.30
78.18	-71.39	-50.43
78.48	-70.97	-49.72
78.78	-70.54	-49.35
79.07	-70.14	-49.48
79.37	-69.81	-50.25
79.67	-69.55	-51.57
79.97	-69.35	-53.28
80.27	-69.20	-55.20
80.58	-69.09	-57.17
80.88	-69.02	-58.99
81.19	-68.98	-60.49
81.49	-68.95	-61.49
81.80	-68.92	-61.78
82.11	-68.89	-61.18
82.42	-68.85	-59.62
82.73	-68.81	-57.27
83.04	-68.78	-54.34
83.35	-68.76	-51.05
83.67	-68.77	-47.62
83.99	-68.81	-44.29
84.30	-68.90	-41.27
84.62	-69.05	-38.80
84.94	-69.26	-37.14
85.26	-69.54	-36.46
85.58	-69.88	-36.69
85.90	-70.26	-37.66
86.23	-70.66	-39.20
86.55	-71.05	-41.13
86.88	-71.43	-43.29
87.21	-71.76	-45.47
87.54	-72.02	-47.50
87.87	-72.19	-49.18
88.20	-72.26	-50.37
88.53	-72.22	-51.11
88.87	-72.09	-51.56
89.20	-71.86	-51.84
89.54	-71.56	-52.10
89.88	-71.18	-52.47
90.22	-70.74	-53.10
90.56	-70.25	-54.14
90.90	-69.71	-55.74
91.24	-69.15	-58.00
91.59	-68.58	-60.92
91.93	-68.02	-64.45
92.28	-67.50	-68.59
92.63	-67.04	-73.30
92.98	-66.68	-78.55
93.33	-66.43	-84.32
93.68	-66.32	-90.58
94.03	-66.37	-97.27
94.39	-66.58	-104.18
94.74	-66.94	-111.01
95.10	-67.41	-117.46
95.46	-67.99	-123.20
95.82	-68.65	-127.94
96.18	-69.38	-131.33
96.54	-70.14	-133.05
96.91	-70.93	-132.78
97.27	-71.73	-130.74
97.64	-72.52	-127.46
98.01	-73.30	-123.52
98.38	-74.05	-119.52
98.75	-74.77	-116.06
99.12	-75.43	-113.76
99.50	-76.04	-113.25
99.87	-76.57	-115.09
100.25	-77.02	-119.08
100.63	-77.38	-124.56
101.01	-77.64	-130.83
101.39	-77.80	-137.17
101.77	-77.85	-142.86
102.16	-77.79	-147.16
102.54	-77.59	-149.32
102.93	-77.28	-148.77
103.32	-76.88	-145.84
103.71	-76.45	-141.10
104.10	-76.06	-135.11
104.49	-75.74	-128.46
104.88	-75.56	-121.74
105.28	-75.57	-115.57
105.68	-75.84	-110.54
106.08	-76.34	-106.92
106.48	-77.00	-104.60
106.88	-77.74	-103.47
107.28	-78.46	-103.43
107.69	-79.07	-104.36
108.09	-79.49	-106.14
108.50	-79.62	-108.65
108.91	-79.43	-111.69
109.32	-78.97	-114.94
109.73	-78.33	-118.04
110.15	-77.59	-120.63
110.56	-76.83	-122.32
110.98	-76.14	-122.75
111.40	-75.60	-121.52
111.82	-75.25	-118.57
112.24	-75.04	-114.62
112.67	-74.87	-110.55
113.09	-74.65	-107.23
113.52	-74.31	-105.57
113.95	-73.74	-106.49
114.38	-72.86	-110.94
114.81	-71.67	-119.10
115.24	-70.35	-129.72
115.68	-69.12	-141.40
116.11	-68.18	-152.68
116.55	-67.74	-162.08
116.99	-68.04	-168.09
117.43	-69.27	-169.24
117.87	-71.39	-165.64
118.32	-74.09	-158.83
118.77	-77.05	-150.42
119.21	-79.95	-142.05
119.66	-82.47	-135.41
120.12	-84.25	-132.22
120.57	-85.06	-133.71
121.02	-85.03	-138.85
121.48	-84.43	-146.07
121.94	-83.49	-153.72
122.40	-82.48	-160.13
122.86	-81.67	-163.60
123.32	-81.30	-162.49
123.79	-81.41	-156.93
124.26	-81.82	-148.40
124.73	-82.35	-138.47
125.20	-82.83	-128.76
125.67	-83.05	-120.91
126.14	-82.84	-116.58
126.62	-82.15	-116.43
127.10	-81.13	-119.63
127.58	-79.96	-125.19
128.06	-78.84	-132.09
128.54	-77.95	-139.31
129.03	-77.49	-145.79
129.51	-77.54	-150.95
130.00	-77.99	-155.19
130.49	-78.69	-159.00
130.98	-79.49	-162.92
131.48	-80.24	-167.48
131.98	-80.79	-173.22
132.47	-81.03	179.75
132.97	-81.03	172.08
133.48	-80.83	164.56
133.98	-80.49	157.96
134.48	-80.07	153.08
134.99	-79.63	150.72
135.50	-79.25	150.66
136.01	-79.02	151.49
136.53	-79.04	151.72
137.04	-79.40	149.80
137.56	-80.21	144.18
138.08	-81.55	133.46
138.60	-83.32	118.23
139.12	-85.27	100.21
139.65	-87.20	81.12
140.17	-88.86	62.77
140.70	-90.02	46.97
141.23	-90.52	34.99
141.77	-90.42	26.57
142.30	-89.85	21.16
142.84	-88.91	18.22
143.38	-87.72	17.18
143.92	-86.39	17.41
144.46	-85.02	17.46
145.01	-83.69	15.33
145.55	-82.48	9.00
146.10	-81.47	-3.63
146.65	-80.76	-24.65
147.21	-80.36	-53.28
147.76	-80.21	-83.86
148.32	-80.20	-110.13
148.88	-80.26	-125.69
149.44	-80.28	-124.00
150.01	-80.21	-101.34
150.57	-80.13	-64.26
151.14	-80.14	-21.67
151.71	-80.36	17.28
152.28	-80.90	43.27
152.86	-81.83	48.65
153.43	-82.99	36.27
154.01	-84.14	12.67
154.59	-85.02	-15.42
155.18	-85.37	-41.15
155.76	-84.99	-58.48
156.35	-83.95	-67.79
156.94	-82.51	-72.14
157.53	-80.88	-74.64
158.13	-79.31	-78.50
158.72	-78.02	-86.36
159.32	-77.08	-97.20
159.93	-76.51	-108.66
160.53	-76.32	-118.27
161.13	-76.53	-123.55
161.74	-77.14	-122.80
162.35	-78.00	-117.68
162.97	-78.96	-110.77
163.58	-79.83	-104.68
164.20	-80.45	-102.08
164.82	-80.70	-104.29
165.44	-80.60	-109.59
166.06	-80.18	-115.82
166.69	-79.46	-120.80
167.32	-78.49	-122.37
167.95	-77.37	-120.49
168.58	-76.23	-117.13
169.22	-75.23	-114.40
169.86	-74.53	-114.47
170.50	-74.24	-119.04
171.14	-74.19	-127.29
171.79	-74.12	-137.47
172.44	-73.75	-147.81
173.09	-72.82	-156.50
173.74	-71.40	-163.00
174.40	-70.05	-168.62
175.06	-69.38	-174.83
175.72	-70.03	176.86
176.38	-72.44	165.46
177.04	-76.08	152.97
177.71	-80.03	142.48
178.38	-83.37	137.13
179.06	-85.19	139.97
179.73	-85.31	150.56
180.41	-84.27	164.94
181.09	-82.66	178.93
181.77	-81.08	-171.73
182.46	-79.93	-169.52
183.15	-79.17	-172.61
183.84	-78.68	-178.54
184.53	-78.33	175.21
185.23	-78.01	170.77
185.93	-77.68	168.31
186.63	-77.29	167.37
187.33	-76.80	167.50
188.04	-76.18	168.09
188.75	-75.46	167.42
189.46	-74.66	163.19
190.18	-73.84	153.00
190.90	-73.06	134.79
191.62	-72.59	110.78
192.34	-72.81	86.16
193.07	-74.14	66.33
193.79	-76.95	56.46
194.53	-80.87	56.77
195.26	-84.92	63.51
196.00	-88.07	72.75
196.74	-89.36	80.61
197.48	-88.76	85.22
198.22	-86.96	86.31
198.97	-84.72	83.67
199.72	-82.76	77.18
200.48	-81.40	68.31
201.23	-80.69	59.58
201.99	-80.68	53.57
202.75	-81.38	52.46
203.52	-82.41	54.75
204.29	-83.21	57.25
205.06	-83.21	56.67
205.83	-82.05	49.96
206.61	-80.31	35.26
207.39	-78.84	11.06
208.17	-78.52	-24.20
208.96	-79.74	-68.44
209.74	-81.86	-111.54
210.54	-84.09	-142.06
211.33	-85.60	-148.83
212.13	-85.99	-132.33
212.93	-85.24	-105.20
213.73	-83.33	-80.95
214.54	-80.42	-71.42
215.35	-77.66	-75.67
216.16	-76.61	-87.37
216.98	-78.91	-100.02
217.80	-84.80	-109.24
218.62	-91.61	-115.31
219.44	-96.23	-119.13
220.27	-95.75	-121.59
221.10	-90.75	-123.53
221.94	-84.17	-125.72
222.77	-79.05	-128.93
223.61	-77.35	-133.61
224.46	-77.94	-139.24
225.30	-79.17	-145.15
226.15	-79.47	-150.72
227.01	-78.74	-156.42
227.86	-77.84	-163.39
228.72	-77.68	-172.83
229.59	-78.62	175.34
230.45	-79.93	163.74
231.32	-80.76	155.37
232.20	-80.40	152.75
233.07	-79.30	155.15
233.95	-78.36	160.58
234.84	-78.45	167.02
235.72	-79.59	172.81
236.61	-80.96	176.64
237.50	-81.68	177.20
238.40	-81.32	174.28
239.30	-80.39	170.07
240.20	-79.54	167.09
241.11	-79.28	166.91
242.02	-79.36	166.56
242.93	-79.32	161.71
243.85	-78.74	148.76
244.77	-77.76	131.25
245.69	-76.77	116.62
246.62	-76.20	112.01
247.55	-76.11	117.04
248.48	-76.28	124.79
249.42	-76.48	128.13
250.36	-76.79	124.67
251.31	-77.63	117.99
252.26	-79.43	112.08
253.21	-82.10	108.38
254.16	-84.60	104.15
255.12	-85.82	96.23
256.09	-85.35	84.30
257.05	-84.27	73.80
258.02	-83.82	70.89
259.00	-84.63	78.54
259.97	-85.89	92.55
260.95	-86.60	107.72
261.94	-86.25	120.75
262.93	-85.39	132.58
263.92	-84.70	144.75
264.92	-84.46	157.55
265.92	-84.08	168.90
266.92	-82.90	176.36
267.93	-80.72	179.10
268.94	-78.20	178.95
269.95	-76.08	177.97
270.97	-74.73	175.67
271.99	-74.10	168.34
273.02	-74.10	152.35
274.05	-74.53	131.26
275.08	-75.09	115.17
276.12	-75.50	113.34
277.16	-75.58	121.57
278.21	-75.20	127.56
279.26	-74.34	121.04
280.31	-73.47	104.74
281.37	-73.24	86.03
282.43	-74.03	71.14
283.50	-75.42	62.69
284.57	-76.87	62.64
285.64	-78.01	69.44
286.72	-78.82	76.34
287.80	-79.28	76.61
288.89	-79.44	70.11
289.98	-79.37	61.46
291.07	-79.19	54.72
292.17	-79.24	50.70
293.27	-79.94	49.17
294.38	-81.56	49.17
295.49	-84.16	48.37
296.61	-87.64	44.75
297.73	-90.69	43.11
298.85	-91.07	53.20
299.98	-87.49	79.84
301.11	-82.54	107.96
302.25	-79.72	117.89
303.39	-80.00	105.54
304.53	-81.22	86.25
305.68	-81.37	74.50
306.83	-80.81	70.72
307.99	-80.83	70.00
309.15	-81.74	70.62
310.32	-82.25	76.07
311.49	-81.09	89.01
312.67	-78.64	101.86
313.85	-75.99	102.41
315.03	-74.15	86.48
316.22	-73.93	63.51
317.41	-75.87	43.96
318.61	-78.52	35.53
319.81	-79.64	44.66
321.02	-78.66	67.15
322.23	-77.22	84.54
323.45	-76.70	82.15
324.67	-76.41	67.60
325.89	-75.21	54.34
327.12	-73.39	46.68
328.36	-72.45	41.05
329.60	-73.16	34.38
330.84	-74.36	25.42
332.09	-74.83	13.96
333.34	-75.05	5.22
334.60	-76.17	6.44
335.86	-78.20	15.23
337.13	-79.92	18.98
338.40	-80.58	11.67
339.68	-80.72	5.09
340.96	-80.96	10.97
342.25	-81.23	23.20
343.54	-81.18	29.53
344.83	-80.61	27.99
346.14	-79.47	24.86
347.44	-78.22	24.63
348.75	-78.23	28.46
350.07	-79.98	35.95
351.39	-81.04	42.72
352.72	-79.02	44.05
354.05	-75.56	38.25
355.38	-73.62	25.14
356.72	-73.75	9.53
358.07	-74.90	-0.70
359.42	-76.21	-3.84
360.78	-77.09	-4.84
362.14	-77.30	-7.19
363.51	-77.11	-11.25
364.88	-76.81	-17.38
366.25	-76.70	-26.66
367.64	-77.02	-37.81
369.02	-77.99	-40.43
370.42	-79.66	-26.65
371.81	-81.16	-13.70
373.22	-81.50	-21.74
374.63	-81.05	-32.02
376.04	-80.73	-13.88
377.46	-80.40	14.02
378.88	-79.50	10.21
380.31	-78.69	-13.88
381.75	-79.29	-15.12
383.19	-80.43	1.83
384.63	-79.77	-1.65
386.09	-78.03	-25.09
387.54	-78.24	-36.68
389.00	-79.95	-32.20
390.47	-79.83	-31.22
391.95	-78.22	-37.53
393.43	-78.56	-40.92
394.91	-81.05	-40.33
396.40	-83.14	-42.05
397.90	-83.92	-41.38
399.40	-83.78	-26.37
400.90	-82.77	-6.86
402.42	-80.78	-5.72
403.94	-78.76	-17.17
405.46	-78.07	-20.51
406.99	-77.94	-19.27
408.53	-76.86	-26.54
410.07	-75.75	-36.24
411.61	-76.03	-38.21
413.17	-76.65	-40.16
414.73	-76.28	-50.50
416.29	-75.38	-61.08
417.86	-74.80	-65.01
419.44	-75.41	-67.30
421.02	-77.17	-71.37
422.61	-78.51	-75.02
424.21	-78.46	-77.66
425.81	-77.03	-81.22
427.41	-76.08	-88.37
429.03	-78.15	-100.51
430.65	-81.04	-106.22
432.27	-81.48	-94.65
433.90	-81.21	-82.08
435.54	-81.74	-81.85
437.18	-81.02	-83.58
438.83	-78.51	-80.27
440.49	-76.29	-74.30
442.15	-74.75	-73.18
443.82	-73.15	-85.83
445.49	-72.46	-109.35
447.18	-73.57	-134.36
448.86	-75.14	-146.14
450.56	-76.21	-145.84
452.26	-77.00	-157.02
453.96	-79.10	-178.13
455.68	-84.29	171.68
457.40	-90.64	-165.69
459.12	-94.36	-111.66
460.85	-90.69	-77.73
462.59	-81.98	-82.26
464.34	-76.62	-104.96
466.09	-75.82	-127.61
467.85	-77.30	-139.46
469.62	-77.78	-145.17
471.39	-77.12	-152.90
473.17	-78.04	-168.91
474.95	-79.98	-179.74
476.74	-81.01	-179.86
478.54	-79.64	161.35
480.35	-79.27	132.85
482.16	-85.27	123.57
483.98	-91.54	74.64
485.81	-92.13	-26.14
487.64	-87.77	-82.23
489.48	-83.72	-116.72
491.33	-84.51	-169.67
493.18	-86.26	-126.67
495.04	-85.46	-41.28
496.91	-81.49	-85.04
498.79	-78.62	-144.44
500.67	-79.08	-145.02
502.56	-80.96	-163.96
504.45	-85.06	161.87
506.36	-90.25	154.23
508.27	-90.40	-153.40
510.19	-85.19	-97.41
512.11	-78.55	-103.46
514.04	-75.77	-155.10
515.98	-77.42	141.99
517.93	-81.02	92.64
519.89	-84.06	47.65
521.85	-83.45	-17.81
523.82	-78.80	-106.72
525.79	-76.66	-159.58
527.78	-80.37	-164.01
529.77	-86.08	-148.52
531.77	-82.32	-152.28
533.78	-77.74	-179.68
535.79	-80.23	150.78
537.81	-78.70	144.41
539.84	-77.04	131.80
541.88	-79.66	97.55
543.92	-82.58	69.32
545.98	-85.22	37.02
548.04	-85.13	6.34
550.10	-80.27	-7.39
552.18	-78.22	-39.76
554.26	-77.66	-80.22
556.35	-75.21	-102.23
558.45	-75.40	-117.75
560.56	-75.59	-140.26
562.68	-75.09	-162.21
564.80	-76.69	-167.89
566.93	-76.95	179.31
569.07	-76.35	168.19
571.22	-76.96	164.89
573.37	-78.19	147.53
575.54	-78.84	150.33
577.71	-80.17	166.81
579.89	-82.02	166.02
582.08	-79.74	151.87
584.27	-79.12	120.65
586.48	-81.55	107.90
588.69	-83.75	125.15
590.91	-86.47	99.97
593.14	-90.01	119.25
595.38	-89.11	164.23
597.63	-83.93	146.87
599.88	-86.47	109.11
602.15	-90.02	-158.87
604.42	-87.45	-93.81
606.70	-81.90	-159.85
608.99	-80.36	-179.22
611.29	-75.78	-154.10
613.59	-71.59	-175.13
615.91	-71.52	132.78
618.23	-73.77	116.57
620.57	-75.57	102.75
622.91	-77.06	77.95
625.26	-85.63	130.87
627.62	-88.19	-172.61
629.99	-75.85	144.90
632.36	-75.11	141.29
634.75	-74.57	119.57
637.15	-75.11	94.41
639.55	-78.16	87.26
641.96	-79.08	101.07
644.39	-75.98	135.66
646.82	-70.36	126.31
649.26	-70.36	90.28
651.71	-72.91	76.02
654.17	-73.08	77.22
656.64	-73.14	65.76
659.11	-74.94	57.49
661.60	-73.75	61.52
664.10	-75.24	63.61
666.60	-76.01	64.12
669.12	-74.53	55.26
671.64	-74.79	45.57
674.18	-76.44	50.67
676.72	-75.79	47.24
679.28	-77.07	36.81
681.84	-76.40	54.05
684.41	-73.79	55.22
687.00	-73.04	35.44
689.59	-74.28	28.98
692.19	-73.74	28.45
694.80	-72.49	10.12
697.42	-75.09	2.02
700.06	-75.86	22.82
702.70	-74.03	18.11
705.35	-74.59	-1.94
708.01	-75.76	0.60
710.68	-75.50	11.35
713.36	-73.14	6.57
716.06	-71.17	-12.10
718.76	-73.17	-29.89
721.47	-75.43	-38.24
724.19	-74.67	-40.02
726.93	-77.13	-32.47
729.67	-78.87	-21.12
732.42	-75.24	-28.11
735.19	-76.80	-37.76
737.96	-75.26	-17.17
740.75	-73.12	-38.58
743.54	-74.60	-59.00
746.35	-76.96	-49.61
749.16	-77.83	-46.87
751.99	-79.14	-48.64
754.83	-77.63	-55.34
757.68	-75.82	-39.67
760.54	-78.15	-52.51
763.41	-77.35	-54.23
766.29	-73.49	-59.88
769.18	-75.95	-92.77
772.08	-78.18	-77.67
774.99	-76.12	-81.12
777.92	-77.86	-56.46
780.85	-73.03	-68.14
783.80	-73.12	-90.57
786.76	-75.19	-104.53
789.73	-78.08	-97.80
792.71	-75.11	-64.18
795.70	-69.01	-96.82
798.70	-69.00	-148.82
801.71	-77.15	-177.85
804.74	-76.75	-101.82
807.78	-74.06	-129.09
810.83	-74.45	-145.15
813.88	-74.47	-153.78
816.96	-75.75	-156.23
820.04	-78.22	-167.03
823.13	-75.27	-172.76
826.24	-77.78	165.67
829.36	-82.15	155.17
832.49	-81.60	173.77
835.63	-79.34	143.61
838.78	-82.32	131.46
841.95	-85.03	93.38
845.12	-91.93	-13.60
848.31	-87.11	-96.34
851.51	-81.48	-91.04
854.73	-81.25	-124.20
857.95	-91.04	-86.79
861.19	-79.60	-100.94
864.44	-75.65	-121.47
867.70	-73.22	-134.88
870.98	-72.55	-156.18
874.26	-71.97	167.52
877.56	-75.41	122.46
880.87	-82.16	134.43
884.20	-77.55	146.13
887.53	-78.81	99.82
890.88	-83.15	31.21
894.25	-80.56	-93.02
897.62	-74.83	177.73
901.01	-79.74	104.86
904.41	-87.65	165.85
907.82	-86.15	177.65
911.25	-81.24	171.10
914.68	-79.08	144.40
918.14	-80.76	137.67
921.60	-77.10	133.01
925.08	-80.59	114.66
928.57	-79.77	100.39
932.07	-82.80	71.30
935.59	-85.12	-36.88
939.12	-86.75	-177.26
942.67	-81.88	-132.29
946.22	-76.64	-158.53
949.79	-74.52	178.79
953.38	-71.46	160.74
956.97	-71.08	124.06
960.59	-72.39	102.86
964.21	-75.38	102.55
967.85	-74.31	110.09
971.50	-72.19	100.27
975.17	-72.23	89.82
978.85	-72.20	78.44
982.54	-72.79	63.69
986.25	-72.62	47.15
989.97	-74.58	28.14
993.71	-77.97	50.44
997.46	-73.48	50.11
1001.22	-75.50	22.44
1005.00	-79.35	-20.56
1008.79	-81.33	78.24
1012.60	-75.13	63.12
1016.42	-78.44	27.90
1020.25	-80.45	83.19
1024.10	-73.67	62.35
1027.97	-72.84	36.02
1031.85	-75.85	38.30
1035.74	-73.20	33.73
1039.65	-73.13	10.69
1043.57	-75.13	13.82
1047.51	-75.53	1.58
1051.46	-74.07	11.07
1055.43	-74.17	1.06
1059.41	-72.88	-2.77
1063.41	-73.18	-9.74
1067.43	-71.90	-19.62
1071.45	-72.46	-47.44
1075.50	-74.82	-44.46
1079.55	-73.67	-47.60
1083.63	-72.15	-55.00
1087.72	-75.90	-89.14
1091.82	-79.20	-58.17
1095.94	-78.21	-70.68
1100.08	-81.32	-76.05
1104.23	-77.09	-56.39
1108.40	-76.27	-68.88
1112.58	-76.80	-69.29
1116.78	-79.59	-62.71
1120.99	-78.58	-57.43
1125.22	-74.21	-87.38
1129.47	-77.48	-124.71
1133.73	-79.53	-54.80
1138.01	-73.01	-69.96
1142.30	-73.35	-94.59
1146.61	-74.23	-104.73
1150.94	-74.19	-105.72
1155.28	-73.21	-120.42
1159.64	-71.88	-130.02
1164.02	-71.00	-151.41
1168.41	-73.43	166.18
1172.82	-83.08	160.94
1177.25	-76.94	-120.76
1181.69	-74.10	-143.72
1186.15	-74.12	179.52
1190.62	-77.06	-148.70
1195.12	-71.84	-177.77
1199.63	-74.19	148.92
1204.15	-77.40	114.93
1208.70	-85.35	166.08
1213.26	-80.07	175.00
1217.84	-75.25	163.57
1222.43	-77.49	132.37
1227.04	-85.62	151.04
1231.67	-79.60	-179.80
1236.32	-78.01	174.74
1240.99	-76.53	150.46
1245.67	-77.36	119.39
1250.37	-84.13	151.00
1255.09	-77.97	141.81
1259.83	-77.53	139.88
1264.58	-77.26	108.10
1269.35	-83.98	114.13
1274.14	-81.77	154.36
1278.95	-79.34	122.93
1283.78	-77.74	135.28
1288.62	-79.29	103.69
1293.48	-75.55	128.77
1298.36	-75.77	104.77
1303.26	-75.85	92.64
1308.18	-79.45	99.52
1313.12	-75.04	90.18
1318.07	-75.16	93.17
1323.05	-73.02	83.44
1328.04	-72.04	73.98
1333.05	-72.61	53.08
1338.08	-73.68	43.97
1343.13	-75.30	25.61
1348.20	-76.25	17.09
1353.29	-80.89	22.02
1358.39	-74.92	43.78
1363.52	-75.74	28.57
1368.67	-73.33	7.02
1373.83	-75.17	-0.03
1379.01	-77.40	-4.94
1384.22	-77.47	-0.90
1389.44	-76.30	0.76
1394.68	-76.33	-6.36
1399.95	-76.59	-19.91
1405.23	-74.35	-13.46
1410.53	-72.64	-35.89
1415.86	-73.57	-49.56
1421.20	-74.57	-59.52
1426.56	-74.82	-81.47
1431.94	-78.51	-91.73
1437.35	-80.02	-85.93
1442.77	-78.41	-46.57
1448.22	-76.94	-78.69
1453.68	-77.37	-95.97
1459.17	-78.93	-108.07
1464.67	-78.32	-101.16
1470.20	-78.67	-81.98
1475.75	-74.95	-98.30
1481.32	-76.18	-133.24
1486.91	-78.15	-163.56
1492.52	-85.70	-151.64
1498.15	-86.14	-91.22
1503.80	-78.48	-91.05
1509.48	-76.16	-122.21
1515.17	-75.44	-133.82
1520.89	-73.31	-160.13
1526.63	-74.38	-169.03
1532.39	-75.67	153.53
1538.17	-81.20	172.58
1543.98	-77.92	158.15
1549.81	-80.85	149.14
1555.65	-80.22	143.07
1561.52	-80.41	127.36
1567.42	-85.80	150.22
1573.33	-84.32	175.00
1579.27	-76.32	174.60
1585.23	-74.01	152.50
1591.21	-75.25	91.91
1597.21	-81.84	82.13
1603.24	-83.20	94.00
1609.29	-83.83	146.89
1615.36	-81.67	100.05
1621.46	-98.98	94.09
1627.58	-84.30	157.92
1633.72	-79.32	141.56
1639.89	-75.95	109.52
1646.07	-78.62	92.03
1652.29	-78.33	102.71
1658.52	-76.52	71.71
1664.78	-79.34	56.08
1671.06	-85.13	-9.36
1677.37	-87.03	68.51
1683.70	-79.20	130.85
1690.05	-74.94	97.87
1696.43	-73.21	78.34
1702.83	-74.04	49.86
1709.26	-74.80	62.93
1715.70	-72.18	44.88
1722.18	-72.66	21.72
1728.68	-74.24	1.77
1735.20	-76.72	10.62
1741.75	-74.68	16.37
1748.32	-71.74	1.90
1754.92	-71.77	-31.45
1761.54	-75.06	-35.86
1768.19	-74.71	-13.72
1774.86	-71.03	-35.72
1781.56	-72.98	-59.90
1788.28	-72.10	-64.17
1795.03	-72.50	-76.36
1801.80	-70.72	-93.67
1808.60	-75.34	-116.21
1815.43	-75.21	-94.29
1822.28	-74.65	-106.31
1829.15	-74.31	-106.81
1836.06	-73.50	-123.40
1842.99	-72.25	-135.35
1849.94	-72.48	-161.83
1856.92	-74.44	-157.98
1863.93	-74.33	-173.53
1870.96	-75.65	-173.58
1878.02	-73.92	174.59
1885.11	-73.88	153.62
1892.22	-76.13	144.66
1899.36	-77.98	119.40
1906.53	-82.71	136.94
1913.72	-78.65	151.79
1920.95	-76.08	136.15
1928.19	-78.62	131.80
1935.47	-79.09	108.83
1942.77	-79.04	138.59
1950.11	-77.06	124.62
1957.46	-75.41	108.50
1964.85	-75.33	79.78
1972.27	-78.53	64.34
1979.71	-79.57	67.46
1987.18	-80.18	43.28
1994.68	-84.95	51.98
2002.20	-83.68	97.58
2009.76	-78.02	106.49
2017.34	-78.13	64.77
2024.96	-77.93	72.86
2032.60	-74.85	63.40
2040.27	-74.21	39.12
2047.97	-75.90	19.63
2055.70	-77.15	22.11
2063.45	-76.56	14.11
2071.24	-76.16	-0.77
2079.06	-75.41	16.46
2086.90	-73.69	-11.17
2094.78	-74.78	-36.71
2102.68	-77.08	-33.74
2110.62	-73.33	-10.31
2118.58	-69.94	-40.81
2126.57	-68.96	-78.51
2134.60	-74.34	-91.76
2142.65	-72.14	-91.05
2150.74	-72.50	-112.43
2158.86	-70.97	-128.60
2167.00	-73.45	-148.05
2175.18	-75.33	-161.84
2183.39	-77.48	-158.63
2191.63	-76.85	-178.58
2199.90	-78.74	-157.78
2208.20	-76.07	-168.53
2216.53	-74.21	159.17
2224.90	-77.94	163.41
2233.29	-74.86	159.75
2241.72	-75.00	122.78
2250.18	-78.29	109.49
2258.67	-79.58	99.10
2267.19	-80.60	99.86
2275.75	-79.72	105.62
2284.34	-83.11	107.81
2292.96	-81.54	94.59
2301.61	-74.19	119.68
2310.29	-75.59	76.18
2319.01	-78.27	43.75
2327.76	-82.63	30.76
2336.55	-78.76	78.45
2345.36	-79.52	12.02
2354.21	-85.83	83.63
2363.10	-78.09	87.54
2372.02	-78.11	59.29
2380.97	-77.27	42.04
2389.95	-76.03	39.40
2398.97	-75.38	13.78
2408.02	-74.52	-3.75
2417.11	-75.90	-23.70
2426.23	-73.36	-31.32
2435.39	-78.49	-56.87
2444.58	-79.81	-37.72
2453.80	-75.58	-42.41
2463.06	-74.31	-84.44
2472.35	-78.70	-116.10
2481.68	-81.78	-83.92
2491.05	-77.83	-94.29
2500.45	-74.08	-114.41
2509.88	-74.23	-141.97
2519.36	-76.91	-161.61
2528.86	-79.04	-147.36
2538.41	-77.44	-158.84
2547.98	-77.09	174.36
2557.60	-75.13	152.87
2567.25	-79.13	124.38
2576.94	-81.58	142.43
2586.66	-81.01	130.69
2596.42	-79.65	106.71
2606.22	-79.55	71.12
2616.06	-85.92	-16.27
2625.93	-83.58	170.94
2635.84	-81.46	119.57
2645.78	-81.78	117.89
2655.77	-79.48	70.56
2665.79	-80.55	80.90
2675.85	-83.33	66.39
2685.95	-80.93	70.40
2696.08	-81.75	57.44
2706.26	-82.83	45.80
2716.47	-81.05	40.30
2726.72	-82.41	46.74
2737.01	-77.30	15.99
2747.34	-80.47	5.20
2757.70	-83.37	20.00
2768.11	-78.82	6.98
2778.56	-76.77	-18.50
2789.04	-81.01	-43.88
2799.57	-79.85	-32.78
2810.13	-77.66	-44.47
2820.73	-76.01	-75.51
2831.38	-77.17	-99.60
2842.06	-78.12	-122.24
2852.79	-80.25	-126.51
2863.55	-80.27	-133.21
2874.36	-79.44	-150.27
2885.21	-80.21	-171.83
2896.09	-82.03	-178.83
2907.02	-81.38	175.56
2917.99	-81.89	-175.86
2929.00	-77.99	151.29
2940.06	-78.19	129.19
2951.15	-80.41	114.58
2962.29	-80.25	134.87
2973.47	-82.65	115.70
2984.69	-77.32	120.64
2995.95	-79.88	55.30
3007.25	-82.25	71.39
3018.60	-80.79	61.44
3029.99	-83.77	47.17
3041.43	-83.82	28.87
3052.90	-86.85	117.31
3064.42	-78.24	69.96
3075.99	-79.64	47.63
3087.60	-77.98	47.12
3099.25	-76.36	24.50
3110.94	-77.54	-12.64
3122.68	-75.76	-17.31
3134.47	-77.38	-59.06
3146.29	-79.81	-65.11
3158.17	-77.42	-73.64
3170.08	-79.25	-89.87
3182.05	-79.85	-111.24
3194.05	-77.92	-104.14
3206.11	-78.60	-148.59
3218.21	-83.69	-137.67
3230.35	-81.36	-146.62
3242.54	-79.93	-167.88
3254.77	-79.16	177.01
3267.06	-79.61	165.14
3279.39	-78.16	146.94
3291.76	-78.92	115.98
3304.18	-79.71	113.96
3316.65	-79.94	100.76
3329.17	-81.68	60.68
3341.73	-84.70	78.33
3354.34	-82.54	140.89
3367.00	-77.60	75.54
3379.70	-80.97	47.48
3392.46	-82.83	56.75
3405.26	-77.92	40.28
3418.11	-78.59	8.92
3431.01	-80.75	-22.55
3443.95	-82.18	-26.43
3456.95	-82.03	-11.38
3469.99	-80.11	-50.19
3483.09	-81.56	-59.00
3496.23	-84.61	-58.05
3509.43	-80.59	-84.26
3522.67	-81.23	-105.76
3535.96	-82.79	-107.43
3549.31	-81.37	-130.79
3562.70	-83.33	-106.04
3576.14	-78.52	-161.42
3589.64	-81.97	176.69
3603.18	-80.34	152.35
3616.78	-80.81	151.11
3630.43	-79.66	127.22
3644.13	-81.56	112.39
3657.88	-82.09	102.98
3671.68	-84.24	91.03
3685.54	-81.94	95.93
3699.45	-82.13	85.40
3713.41	-78.67	69.43
3727.42	-80.64	47.65
3741.49	-80.26	21.96
3755.60	-81.43	4.44
3769.78	-80.44	-9.42
3784.00	-85.28	-16.53
3798.28	-84.65	-21.91
3812.61	-83.64	-32.89
3827.00	-80.89	-60.75
3841.44	-81.50	-74.88
3855.94	-81.83	-97.80
3870.49	-88.35	-81.29
3885.09	-83.88	-91.76
3899.75	-85.23	-100.94
3914.47	-84.40	-148.44
3929.24	-80.83	176.57
3944.07	-80.47	151.55
3958.95	-86.42	152.17
3973.89	-86.89	117.25
3988.89	-82.17	131.71
4003.94	-80.22	125.57
4019.05	-76.90	116.02
4034.22	-77.90	71.51
4049.44	-81.05	56.22
4064.72	-81.06	33.84
4080.06	-81.32	15.67
4095.46	-85.29	-133.49
4110.91	-83.76	8.87
4126.42	-84.22	23.32
4141.99	-84.38	-34.40
4157.62	-83.05	-15.18
4173.31	-89.17	-30.39
4189.06	-85.29	-65.07
4204.87	-87.26	-103.36
4220.74	-83.43	-94.46
4236.66	-81.72	-122.21
4252.65	-80.62	171.23
4268.70	-88.38	35.29
4284.81	-81.54	-144.54
4300.98	-84.16	172.02
4317.21	-78.65	151.58
4333.50	-80.61	126.68
4349.85	-79.90	81.42
4366.26	-82.86	56.06
4382.74	-86.10	52.82
4399.28	-84.02	57.16
4415.88	-81.69	30.52
4432.54	-84.39	28.08
4449.27	-83.19	70.34
4466.06	-79.73	-10.13
4482.91	-86.84	-6.34
4499.83	-80.21	7.25
4516.81	-81.12	-54.03
4533.85	-80.95	-75.51
4550.96	-84.23	101.16
4568.14	-81.69	-42.29
4585.37	-82.48	-130.56
4602.68	-85.00	-151.40
4620.05	-80.11	-154.52
4637.48	-79.34	133.80
4654.98	-81.77	117.41
4672.55	-81.36	65.89
4690.18	-82.41	110.15
4707.88	-81.93	-106.83
4725.64	-87.60	80.50
4743.48	-81.22	104.89
4761.38	-80.82	60.75
4779.34	-82.99	8.14
4797.38	-79.93	67.87
4815.48	-81.10	-57.07
4833.65	-81.82	17.17
4851.89	-81.93	-53.56
4870.20	-81.81	-95.17
4888.58	-83.35	-107.63
4907.03	-87.12	-134.67
4925.54	-82.24	-123.51
4944.13	-81.73	137.24
4962.79	-84.31	-23.83
4981.52	-82.88	107.15
5000.31	-87.72	44.03
5019.18	-89.29	110.12
5038.12	-87.32	-158.63
5057.14	-84.32	-151.18
5076.22	-82.50	120.02
5095.37	-79.04	71.68
5114.60	-85.18	-19.73
5133.90	-78.08	50.57
5153.27	-78.70	9.55
5172.72	-81.44	-3.29
5192.24	-79.80	-88.45
5211.83	-87.25	-106.88
5231.50	-84.47	-122.64
5251.24	-84.64	-162.37
5271.06	-83.25	160.56
5290.95	-83.67	107.73
5310.91	-83.39	-0.69
5330.96	-84.36	57.17
5351.07	-90.87	44.42
5371.27	-86.45	41.52
5391.53	-86.44	-152.48
5411.88	-86.80	142.00
5432.30	-83.86	100.07
5452.80	-80.82	60.46
5473.38	-79.70	44.02
5494.03	-79.03	-22.69
5514.76	-83.82	-68.57
5535.57	-85.93	-104.77
5556.46	-81.22	-111.51
5577.43	-84.00	142.71
5598.48	-87.06	142.18
5619.60	-84.12	116.54
5640.81	-83.24	100.48
5662.10	-83.51	52.79
5683.46	-83.61	2.35
5704.91	-84.77	142.47
5726.44	-86.19	135.98
5748.05	-83.34	116.51
5769.74	-80.42	70.14
5791.51	-81.69	-23.54
5813.36	-83.65	45.95
5835.30	-86.59	-9.61
5857.32	-85.79	61.88
5879.42	-82.99	-37.41
5901.61	-85.53	-115.47
5923.88	-87.25	70.89
5946.23	-81.75	111.89
5968.67	-88.43	80.11
5991.20	-84.72	59.05
6013.80	-85.20	47.72
6036.50	-83.59	-143.49
6059.28	-84.19	46.91
6082.14	-84.51	67.62
6105.09	-85.37	68.66
6128.13	-84.30	16.29
6151.26	-87.52	-31.26
6174.47	-85.52	-16.37
6197.77	-85.91	-131.09
6221.16	-85.03	-162.15
6244.63	-81.96	-174.79
6268.20	-84.84	111.55
6291.85	-81.83	95.24
6315.59	-86.03	-27.29
6339.42	-86.92	113.75
6363.35	-81.92	60.63
6387.36	-82.81	32.18
6411.46	-83.59	30.00
6435.66	-82.69	-26.43
6459.94	-84.00	-36.74
6484.32	-87.12	-54.70
6508.79	-82.60	-122.39
6533.35	-84.38	-144.27
6558.00	-81.08	148.03
6582.75	-79.10	156.40
6607.59	-80.30	55.07
6632.53	-82.93	127.57
6657.55	-79.97	63.81
6682.68	-82.49	70.54
6707.90	-78.48	59.65
6733.21	-77.70	17.05
6758.62	-76.15	-24.86
6784.12	-78.55	-55.38
6809.72	-79.53	-85.55
6835.42	-76.21	-111.49
6861.21	-74.18	-160.35
6887.10	-74.02	148.45
6913.09	-76.02	128.37
6939.18	-75.10	85.70
6965.36	-76.87	79.14
6991.65	-76.03	58.37
7018.03	-76.47	-123.81
7044.51	-72.46	19.70
7071.10	-74.23	-30.37
7097.78	-74.58	-43.20
7124.56	-72.47	-87.22
7151.45	-73.18	-117.50
7178.44	-71.09	-151.32
7205.52	-70.30	168.20
7232.71	-68.58	131.93
7260.01	-70.44	89.96
7287.40	-67.56	61.22
7314.90	-70.35	16.91
7342.51	-70.82	-10.23
7370.21	-72.36	-41.27
7398.03	-70.31	-60.58
7425.94	-75.48	-99.12
7453.97	-70.62	-113.67
7482.09	-69.77	-152.38
7510.33	-66.14	174.12
7538.67	-67.46	110.10
7567.12	-67.78	75.62
7595.67	-68.66	42.70
7624.33	-69.18	-18.82
7653.10	-74.67	-18.53
7681.98	-72.64	-46.71
7710.97	-76.89	-104.84
7740.07	-76.72	-116.51
7769.28	-75.01	-136.79
7798.60	-74.71	-167.26
7828.02	-72.15	146.03
7857.56	-72.23	113.25
7887.21	-71.83	60.58
7916.98	-74.83	32.38
7946.85	-77.31	-6.93
7976.84	-77.14	-9.87
8006.94	-82.28	-36.29
8037.16	-79.62	-72.88
8067.49	-83.19	-91.81
8097.93	-79.72	-142.67
8128.49	-79.71	178.96
8159.16	-82.03	139.23
8189.95	-78.35	123.26
8220.86	-78.28	83.63
8251.88	-83.04	59.60
8283.02	-79.84	105.15
8314.27	-76.91	35.19
8345.65	-78.42	-7.46
8377.14	-80.63	-37.06
8408.75	-78.75	-70.76
8440.48	-79.17	-165.05
8472.33	-76.42	-164.57
8504.30	-80.19	133.13
8536.40	-81.82	132.19
8568.61	-77.96	144.76
8600.94	-76.75	83.18
8633.40	-77.03	63.06
8665.98	-74.41	21.44
8698.68	-77.27	-28.84
8731.51	-78.90	-74.71
8764.46	-78.78	-107.23
8797.53	-79.60	-174.63
8830.73	-82.33	-62.85
8864.05	-84.17	128.98
8897.50	-83.33	-16.65
8931.07	-76.07	118.49
8964.78	-76.14	81.11
8998.61	-75.28	45.74
9032.56	-73.34	6.07
9066.65	-74.83	-66.79
9100.86	-80.72	-113.43
9135.20	-79.58	-156.05
9169.68	-82.38	106.00
9204.28	-82.28	-178.67
9239.01	-75.45	146.52
9273.88	-75.82	103.25
9308.87	-72.88	59.37
9344.00	-73.59	24.87
9379.26	-75.33	-39.64
9414.65	-76.12	-72.57
9450.18	-77.08	-132.19
9485.84	-81.23	138.24
9521.64	-78.73	-174.29
9557.57	-79.11	116.87
9593.64	-76.85	117.73
9629.84	-74.79	69.76
9666.18	-75.65	31.52
9702.65	-76.74	-17.22
9739.27	-77.84	-72.54
9776.02	-80.59	-75.61
9812.91	-80.84	-158.25
9849.94	-81.54	-178.34
9887.11	-78.24	141.82
9924.42	-77.46	101.56
9961.87	-78.27	61.09
9999.46	-78.61	31.88
10037.19	-78.45	-2.92
10075.07	-82.67	-40.78
10113.09	-84.37	-173.25
10151.25	-84.11	-105.51
10189.55	-80.94	-168.08
10228.01	-77.86	132.58
10266.60	-79.07	100.99
10305.34	-78.04	70.90
10344.23	-79.41	42.98
10383.27	-79.36	14.29
10422.45	-81.39	-10.99
10461.78	-78.81	-59.93
10501.26	-79.65	-134.01
10540.88	-78.85	169.07
10580.66	-79.02	125.77
10620.59	-76.88	96.00
10660.66	-79.48	66.73
10700.89	-78.91	36.72
10741.27	-75.97	7.07
10781.81	-77.95	-44.34
10822.49	-77.65	100.84
10863.33	-78.02	-163.66
10904.33	-77.14	147.03
10945.47	-74.36	106.98
10986.78	-77.01	59.55
11028.24	-78.41	36.03
11069.85	-76.80	-6.07
11111.63	-77.57	-62.03
11153.56	-79.42	-108.04
11195.64	-79.15	-166.59
11237.89	-77.02	139.92
11280.30	-76.67	102.79
11322.87	-75.90	61.29
11365.59	-77.31	23.76
11408.48	-78.86	-23.02
11451.53	-80.99	-64.95
11494.75	-79.56	-99.82
11538.12	-78.51	-173.60
11581.66	-74.91	127.51
11625.37	-76.60	76.06
11669.24	-78.08	51.27
11713.27	-78.93	7.53
11757.47	-79.56	-38.53
11801.84	-81.87	-91.20
11846.37	-81.54	-157.19
11891.08	-80.27	155.36
11935.95	-78.24	109.85
11980.99	-77.92	63.66
12026.20	-77.61	18.60
12071.58	-81.37	-11.55
12117.14	-86.78	-161.28
12162.86	-86.00	-20.29
12208.76	-83.73	174.96
12254.83	-81.00	132.64
12301.07	-78.99	87.64
12347.49	-80.38	33.19
12394.08	-81.54	-21.51
12440.85	-86.75	23.95
12487.80	-88.32	-24.76
12534.92	-84.83	-123.63
12582.23	-82.50	133.55
12629.71	-80.51	97.41
12677.37	-79.79	52.35
12725.20	-82.82	36.43
12773.22	-82.88	4.61
12821.42	-84.52	-15.45
12869.81	-84.27	-120.25
12918.37	-82.51	161.23
12967.12	-79.89	103.82
13016.05	-80.26	63.11
13065.17	-81.34	22.39
13114.47	-83.91	-1.59
13163.96	-84.34	-37.60
13213.64	-85.89	-140.63
13263.50	-81.25	148.17
13313.55	-79.47	89.98
13363.79	-81.59	51.98
13414.22	-81.71	35.10
13464.84	-82.35	-20.21
13515.65	-83.53	-93.40
13566.65	-84.33	160.87
13617.84	-81.69	116.77
13669.23	-81.09	72.79
13720.81	-81.17	54.70
13772.59	-81.55	12.54
13824.56	-83.84	-71.37
13876.73	-86.72	-145.74
13929.09	-83.38	126.68
13981.66	-83.84	90.68
14034.42	-81.90	73.37
14087.38	-80.97	32.35
14140.54	-83.47	-22.82
14193.90	-89.88	5.32
14247.46	-85.60	112.64
14301.22	-87.34	105.38
14355.19	-83.23	93.92
14409.36	-80.43	50.82
14463.73	-83.03	20.29
14518.31	-86.39	-45.66
14573.10	-88.24	117.00
14628.09	-86.94	154.76
14683.29	-81.85	112.34
14738.70	-81.45	62.02
14794.32	-80.97	14.23
14850.15	-84.67	-28.72
14906.18	-89.90	68.73
14962.43	-84.21	147.84
15018.90	-80.75	95.25
15075.57	-80.30	57.80
15132.46	-81.24	14.73
15189.56	-84.28	-14.85
15246.88	-87.19	71.64
15304.42	-84.19	142.36
15362.17	-80.17	102.29
15420.14	-79.52	55.16
15478.33	-81.92	4.93
15536.74	-85.61	107.80
15595.37	-84.50	-141.31
15654.22	-80.79	125.30
15713.29	-79.55	70.43
15772.58	-80.46	32.69
15832.10	-81.84	-5.18
15891.85	-84.65	-111.95
15951.81	-84.25	163.22
16012.01	-80.54	102.29
16072.43	-80.30	53.07
16133.08	-83.16	19.83
16193.96	-86.01	-8.65
16255.07	-87.59	-123.01
16316.41	-82.27	124.04
16377.98	-81.11	81.65
16439.79	-81.36	30.59
16501.82	-83.61	1.84
16564.09	-88.24	-64.28
16626.60	-84.34	156.12
16689.34	-80.00	90.93
16752.32	-82.08	46.36
16815.54	-84.96	29.06
16878.99	-87.11	3.38
16942.69	-87.10	-145.72
17006.62	-82.19	101.46
17070.79	-82.24	65.89
17135.21	-83.19	28.99
17199.87	-86.36	-44.86
17264.78	-87.49	120.85
17329.93	-84.03	109.14
17395.32	-80.63	78.38
17460.97	-81.77	42.14
17526.86	-85.15	11.83
17593.00	-86.68	-50.27
17659.38	-84.42	128.07
17726.02	-81.47	80.86
17792.91	-81.01	37.54
17860.06	-85.87	1.14
17927.45	-88.15	-120.85
17995.10	-85.78	108.31
18063.01	-81.56	83.56
18131.17	-82.13	32.96
18199.59	-87.35	10.48
18268.27	-90.52	120.22
18337.21	-85.56	119.09
18406.40	-81.32	70.52
18475.86	-83.97	37.56
18545.58	-87.70	161.49
18615.56	-89.67	46.86
18685.81	-84.57	100.28
18756.32	-83.76	62.67
18827.10	-84.78	43.83
18898.15	-86.00	3.46
18969.46	-88.11	-154.53
19041.04	-85.44	89.82
19112.90	-83.43	76.97
19185.02	-83.95	35.03
19257.42	-88.58	-104.83
19330.09	-87.15	95.37
19403.03	-83.17	78.05
19476.25	-83.92	53.47
19549.74	-85.48	30.11
19623.51	-90.64	-122.67
19697.56	-86.14	87.58
19771.89	-83.89	67.79
19846.51	-80.25	52.53
19921.40	-61.38	-132.00
19996.57	-81.07	-127.70
20072.03	-85.66	94.06
20147.78	-81.78	66.17
20223.80	-82.60	11.39
20300.12	-89.97	-61.85
20376.72	-85.76	104.84
20453.62	-82.07	74.80
20530.80	-82.65	34.35
20608.28	-86.72	-149.61
20686.04	-86.75	78.65
20764.10	-83.52	73.97
20842.46	-82.33	39.91
20921.11	-87.08	10.77
21000.06	-88.68	-143.38
21079.30	-83.02	73.61
21158.85	-83.37	38.44
21238.69	-87.85	31.16
21318.84	-86.22	79.57
21399.29	-84.19	62.60
21480.04	-87.06	43.88
21561.09	-86.63	-117.94
21642.46	-86.30	57.17
21724.12	-86.35	55.21
21806.10	-85.29	56.00
21888.39	-85.37	59.33
21970.99	-84.38	158.36
22053.89	-87.26	61.58
22137.12	-85.78	70.61
22220.65	-85.44	67.03
22304.50	-84.93	53.16
