Freq[Hz]	[dBV]	Phase[Deg]
10.00	-73.12	11.76
10.04	-73.01	13.08
10.08	-72.89	14.40
10.11	-72.78	15.71
10.15	-72.66	17.00
10.19	-72.54	18.29
10.23	-72.41	19.57
10.27	-72.28	20.83
10.31	-72.15	22.08
10.34	-72.01	23.31
10.38	-71.87	24.52
10.42	-71.73	25.71
10.46	-71.58	26.88
10.50	-71.43	28.03
10.54	-71.28	29.15
10.58	-71.13	30.25
10.62	-70.98	31.32
10.66	-70.82	32.36
10.70	-70.66	33.36
10.74	-70.50	34.34
10.78	-70.33	35.28
10.82	-70.17	36.18
10.86	-70.00	37.04
10.90	-69.83	37.86
10.95	-69.67	38.64
10.99	-69.50	39.37
11.03	-69.32	40.06
11.07	-69.15	40.70
11.11	-68.98	41.28
11.15	-68.81	41.81
11.20	-68.63	42.29
11.24	-68.46	42.70
11.28	-68.29	43.06
11.32	-68.11	43.35
11.37	-67.94	43.58
11.41	-67.77	43.74
11.45	-67.60	43.83
11.50	-67.43	43.85
11.54	-67.26	43.79
11.58	-67.09	43.65
11.63	-66.93	43.43
11.67	-66.76	43.13
11.71	-66.60	42.74
11.76	-66.44	42.26
11.80	-66.29	41.70
11.85	-66.13	41.05
11.89	-65.98	40.31
11.94	-65.83	39.49
11.98	-65.69	38.59
12.03	-65.55	37.61
12.07	-65.41	36.56
12.12	-65.27	35.43
12.16	-65.14	34.22
12.21	-65.01	32.95
12.26	-64.88	31.61
12.30	-64.76	30.21
12.35	-64.65	28.74
12.39	-64.53	27.21
12.44	-64.42	25.63
12.49	-64.32	23.99
12.54	-64.22	22.29
12.58	-64.12	20.55
12.63	-64.03	18.76
12.68	-63.95	16.93
12.73	-63.87	15.06
12.77	-63.79	13.15
12.82	-63.72	11.20
12.87	-63.66	9.23
12.92	-63.60	7.22
12.97	-63.55	5.19
13.02	-63.50	3.14
13.07	-63.47	1.08
13.12	-63.43	-1.01
13.16	-63.41	-3.10
13.21	-63.39	-5.19
13.26	-63.37	-7.29
13.31	-63.37	-9.39
13.36	-63.37	-11.48
13.41	-63.38	-13.57
13.47	-63.40	-15.63
13.52	-63.43	-17.68
13.57	-63.46	-19.71
13.62	-63.50	-21.71
13.67	-63.56	-23.68
13.72	-63.62	-25.61
13.77	-63.69	-27.50
13.83	-63.77	-29.34
13.88	-63.86	-31.13
13.93	-63.95	-32.86
13.98	-64.06	-34.53
14.04	-64.18	-36.14
14.09	-64.31	-37.67
14.14	-64.45	-39.12
14.19	-64.60	-40.49
14.25	-64.77	-41.76
14.30	-64.94	-42.94
14.36	-65.13	-44.02
14.41	-65.33	-44.99
14.46	-65.54	-45.85
14.52	-65.76	-46.58
14.57	-66.00	-47.19
14.63	-66.25	-47.66
14.68	-66.51	-47.99
14.74	-66.79	-48.17
14.80	-67.08	-48.22
14.85	-67.39	-48.12
14.91	-67.70	-47.88
14.96	-68.03	-47.49
15.02	-68.37	-46.97
15.08	-68.72	-46.31
15.13	-69.08	-45.51
15.19	-69.45	-44.58
15.25	-69.83	-43.51
15.31	-70.22	-42.30
15.36	-70.62	-40.96
15.42	-71.02	-39.48
15.48	-71.44	-37.87
15.54	-71.86	-36.13
15.60	-72.29	-34.27
15.66	-72.72	-32.27
15.71	-73.16	-30.14
15.77	-73.61	-27.89
15.83	-74.06	-25.52
15.89	-74.51	-23.02
15.95	-74.97	-20.41
16.01	-75.43	-17.67
16.07	-75.89	-14.81
16.13	-76.35	-11.84
16.19	-76.81	-8.75
16.26	-77.28	-5.55
16.32	-77.74	-2.24
16.38	-78.20	1.18
16.44	-78.66	4.71
16.50	-79.11	8.34
16.56	-79.56	12.08
16.63	-80.01	15.91
16.69	-80.45	19.85
16.75	-80.89	23.88
16.82	-81.31	28.01
16.88	-81.73	32.22
16.94	-82.14	36.53
17.01	-82.55	40.92
17.07	-82.94	45.40
17.14	-83.32	49.95
17.20	-83.68	54.59
17.27	-84.03	59.30
17.33	-84.37	64.08
17.40	-84.70	68.94
17.46	-85.00	73.86
17.53	-85.29	78.84
17.59	-85.56	83.88
17.66	-85.81	88.98
17.73	-86.04	94.13
17.79	-86.25	99.32
17.86	-86.45	104.55
17.93	-86.62	109.81
18.00	-86.78	115.10
18.06	-86.92	120.40
18.13	-87.04	125.71
18.20	-87.15	131.03
18.27	-87.24	136.35
18.34	-87.31	141.65
18.41	-87.36	146.93
18.48	-87.41	152.19
18.55	-87.43	157.41
18.62	-87.44	162.60
18.69	-87.44	167.73
18.76	-87.42	172.80
18.83	-87.39	177.80
18.90	-87.35	-177.27
18.97	-87.29	-172.43
19.04	-87.22	-167.68
19.11	-87.14	-163.04
19.19	-87.05	-158.51
19.26	-86.95	-154.10
19.33	-86.84	-149.83
19.40	-86.72	-145.70
19.48	-86.59	-141.72
19.55	-86.45	-137.91
19.62	-86.31	-134.28
19.70	-86.16	-130.83
19.77	-86.00	-127.58
19.85	-85.83	-124.53
19.92	-85.66	-121.71
20.00	-85.49	-119.12
20.07	-85.31	-116.78
20.15	-85.13	-114.70
20.22	-84.95	-112.88
20.30	-84.76	-111.35
20.38	-84.58	-110.11
20.45	-84.39	-109.18
20.53	-84.21	-108.58
20.61	-84.02	-108.31
20.69	-83.84	-108.35
20.77	-83.66	-108.70
20.84	-83.48	-109.36
20.92	-83.31	-110.30
21.00	-83.13	-111.51
21.08	-82.96	-112.99
21.16	-82.80	-114.72
21.24	-82.64	-116.70
21.32	-82.48	-118.90
21.40	-82.33	-121.31
21.48	-82.18	-123.93
21.56	-82.04	-126.73
21.64	-81.90	-129.71
21.73	-81.77	-132.85
21.81	-81.65	-136.13
21.89	-81.54	-139.54
21.97	-81.43	-143.07
22.06	-81.33	-146.70
22.14	-81.24	-150.41
22.22	-81.16	-154.19
22.31	-81.09	-158.02
22.39	-81.02	-161.88
22.47	-80.97	-165.75
22.56	-80.93	-169.63
22.64	-80.90	-173.48
22.73	-80.88	-177.29
22.82	-80.88	178.96
22.90	-80.89	175.28
22.99	-80.91	171.71
23.07	-80.95	168.25
23.16	-81.00	164.94
23.25	-81.06	161.78
23.34	-81.14	158.81
23.43	-81.24	156.05
23.51	-81.36	153.51
23.60	-81.49	151.21
23.69	-81.64	149.13
23.78	-81.80	147.26
23.87	-81.98	145.62
23.96	-82.16	144.19
24.05	-82.36	142.97
24.14	-82.57	141.96
24.23	-82.79	141.14
24.32	-83.02	140.52
24.42	-83.26	140.09
24.51	-83.50	139.84
24.60	-83.74	139.78
24.69	-83.99	139.89
24.79	-84.24	140.17
24.88	-84.49	140.61
24.97	-84.75	141.21
25.07	-85.00	141.97
25.16	-85.24	142.87
25.26	-85.49	143.91
25.35	-85.72	145.09
25.45	-85.95	146.39
25.54	-86.17	147.81
25.64	-86.38	149.35
25.74	-86.58	150.99
25.84	-86.77	152.74
25.93	-86.94	154.57
26.03	-87.09	156.49
26.13	-87.22	158.49
26.23	-87.34	160.55
26.33	-87.43	162.68
26.43	-87.50	164.85
26.53	-87.54	167.07
26.63	-87.56	169.32
26.73	-87.56	171.59
26.83	-87.54	173.87
26.93	-87.50	176.14
27.03	-87.43	178.40
27.13	-87.35	-179.37
27.23	-87.25	-177.19
27.34	-87.14	-175.06
27.44	-87.00	-173.00
27.54	-86.86	-171.02
27.65	-86.69	-169.14
27.75	-86.52	-167.36
27.86	-86.34	-165.72
27.96	-86.14	-164.21
28.07	-85.93	-162.87
28.17	-85.72	-161.69
28.28	-85.50	-160.70
28.39	-85.28	-159.91
28.49	-85.05	-159.35
28.60	-84.82	-159.02
28.71	-84.58	-158.95
28.82	-84.35	-159.14
28.93	-84.12	-159.63
29.03	-83.89	-160.43
29.14	-83.66	-161.56
29.25	-83.44	-163.03
29.36	-83.23	-164.87
29.48	-83.02	-167.07
29.59	-82.83	-169.61
29.70	-82.64	-172.47
29.81	-82.47	-175.63
29.92	-82.31	-179.06
30.04	-82.16	177.25
30.15	-82.02	173.33
30.26	-81.89	169.20
30.38	-81.79	164.90
30.49	-81.69	160.43
30.61	-81.62	155.84
30.72	-81.56	151.14
30.84	-81.52	146.36
30.95	-81.50	141.53
31.07	-81.51	136.67
31.19	-81.53	131.83
31.31	-81.58	127.01
31.42	-81.65	122.27
31.54	-81.74	117.61
31.66	-81.87	113.09
31.78	-82.02	108.72
31.90	-82.19	104.55
32.02	-82.40	100.60
32.14	-82.64	96.91
32.26	-82.91	93.52
32.39	-83.21	90.44
32.51	-83.54	87.68
32.63	-83.90	85.23
32.75	-84.27	83.10
32.88	-84.66	81.27
33.00	-85.07	79.76
33.13	-85.48	78.55
33.25	-85.90	77.64
33.38	-86.31	77.03
33.50	-86.73	76.72
33.63	-87.13	76.71
33.76	-87.52	76.99
33.88	-87.89	77.55
34.01	-88.23	78.40
34.14	-88.55	79.54
34.27	-88.83	80.95
34.40	-89.08	82.64
34.53	-89.28	84.60
34.66	-89.43	86.83
34.79	-89.53	89.32
34.92	-89.57	92.07
35.05	-89.54	95.08
35.18	-89.43	98.34
35.32	-89.26	101.85
35.45	-89.01	105.60
35.58	-88.70	109.61
35.72	-88.33	113.87
35.85	-87.90	118.38
35.99	-87.43	123.14
36.12	-86.92	128.15
36.26	-86.37	133.41
36.40	-85.79	138.93
36.53	-85.20	144.71
36.67	-84.58	150.74
36.81	-83.96	157.02
36.95	-83.34	163.56
37.09	-82.72	170.36
37.23	-82.12	177.41
37.37	-81.53	-175.28
37.51	-80.98	-167.71
37.65	-80.46	-159.88
37.79	-79.99	-151.79
37.94	-79.57	-143.44
38.08	-79.21	-134.84
38.22	-78.92	-125.98
38.37	-78.69	-116.91
38.51	-78.53	-107.68
38.66	-78.42	-98.35
38.80	-78.37	-88.96
38.95	-78.36	-79.58
39.10	-78.40	-70.26
39.24	-78.47	-61.05
39.39	-78.58	-52.03
39.54	-78.71	-43.24
39.69	-78.86	-34.75
39.84	-79.04	-26.63
39.99	-79.22	-18.94
40.14	-79.41	-11.74
40.29	-79.60	-5.11
40.45	-79.78	0.89
40.60	-79.95	6.19
40.75	-80.10	10.71
40.90	-80.23	14.39
41.06	-80.32	17.14
41.21	-80.38	18.92
41.37	-80.41	19.76
41.53	-80.42	19.67
41.68	-80.42	18.68
41.84	-80.40	16.82
42.00	-80.39	14.10
42.16	-80.38	10.57
42.32	-80.39	6.24
42.47	-80.42	1.14
42.63	-80.48	-4.69
42.80	-80.58	-11.23
42.96	-80.72	-18.45
43.12	-80.92	-26.31
43.28	-81.18	-34.78
43.45	-81.51	-43.84
43.61	-81.92	-53.44
43.77	-82.42	-63.55
43.94	-83.02	-74.13
44.10	-83.73	-85.14
44.27	-84.52	-96.51
44.44	-85.39	-108.13
44.61	-86.31	-119.91
44.77	-87.26	-131.75
44.94	-88.22	-143.56
45.11	-89.17	-155.23
45.28	-90.09	-166.66
45.45	-90.96	-177.74
45.63	-91.75	171.64
45.80	-92.45	161.58
45.97	-93.02	152.21
46.14	-93.45	143.63
46.32	-93.71	135.97
46.49	-93.77	129.35
46.67	-93.61	123.90
46.84	-93.21	119.73
47.02	-92.54	116.95
47.20	-91.62	115.49
47.38	-90.48	115.19
47.56	-89.17	115.91
47.74	-87.71	117.47
47.92	-86.15	119.73
48.10	-84.52	122.50
48.28	-82.86	125.63
48.46	-81.22	128.94
48.64	-79.63	132.24
48.83	-78.14	135.36
49.01	-76.78	138.11
49.20	-75.61	140.30
49.38	-74.66	141.73
49.57	-73.99	142.21
49.75	-73.64	141.53
49.94	-73.65	139.49
50.13	-74.00	136.11
50.32	-74.67	131.46
50.51	-75.61	125.64
50.70	-76.78	118.77
50.89	-78.13	110.92
51.08	-79.62	102.22
51.28	-81.20	92.76
51.47	-82.83	82.66
51.66	-84.46	72.03
51.86	-86.05	60.97
52.05	-87.53	49.62
52.25	-88.86	38.09
52.45	-89.99	26.50
52.65	-90.87	14.97
52.85	-91.43	3.64
53.04	-91.68	-7.36
53.24	-91.64	-17.91
53.45	-91.32	-27.88
53.65	-90.75	-37.12
53.85	-89.97	-45.49
54.05	-88.99	-52.86
54.26	-87.85	-59.08
54.46	-86.57	-64.00
54.67	-85.19	-67.47
54.87	-83.72	-69.34
55.08	-82.20	-69.44
55.29	-80.66	-67.61
55.50	-79.14	-63.70
55.71	-77.66	-57.53
55.92	-76.25	-49.08
56.13	-74.91	-38.66
56.34	-73.64	-26.64
56.55	-72.44	-13.39
56.77	-71.30	0.70
56.98	-70.22	15.24
57.19	-69.20	29.84
57.41	-68.25	44.09
57.63	-67.35	57.56
57.84	-66.51	69.82
58.06	-65.72	80.45
58.28	-64.99	88.99
58.50	-64.30	94.98
58.72	-63.67	97.99
58.94	-63.09	98.04
59.17	-62.57	95.53
59.39	-62.13	90.88
59.61	-61.77	84.53
59.84	-61.52	76.91
60.06	-61.37	68.49
60.29	-61.34	59.72
60.52	-61.44	51.08
60.75	-61.69	43.06
60.98	-62.09	36.14
61.21	-62.67	30.85
61.44	-63.43	27.69
61.67	-64.38	27.16
61.90	-65.51	29.25
62.14	-66.79	33.63
62.37	-68.19	39.90
62.61	-69.66	47.69
62.84	-71.19	56.60
63.08	-72.72	66.23
63.32	-74.24	76.18
63.56	-75.68	86.02
63.80	-77.03	95.32
64.04	-78.24	103.65
64.28	-79.27	110.55
64.52	-80.09	115.57
64.76	-80.66	118.49
65.01	-81.00	119.52
65.25	-81.13	118.91
65.50	-81.06	116.94
65.75	-80.81	113.89
66.00	-80.39	110.04
66.24	-79.83	105.67
66.49	-79.13	101.08
66.75	-78.33	96.58
67.00	-77.42	92.46
67.25	-76.45	89.06
67.50	-75.41	86.68
67.76	-74.33	85.39
68.01	-73.22	85.02
68.27	-72.07	85.35
68.53	-70.90	86.19
68.79	-69.71	87.31
69.05	-68.51	88.50
69.31	-67.31	89.54
69.57	-66.10	90.19
69.83	-64.91	90.24
70.09	-63.73	89.43
70.36	-62.58	87.53
70.62	-61.46	84.39
70.89	-60.39	80.08
71.16	-59.39	74.73
71.43	-58.47	68.45
71.70	-57.67	61.36
71.97	-56.98	53.61
72.24	-56.44	45.30
72.51	-56.07	36.58
72.79	-55.87	27.59
73.06	-55.88	18.45
73.34	-56.12	9.31
73.61	-56.58	0.29
73.89	-57.23	-8.56
74.17	-58.03	-17.16
74.45	-58.94	-25.45
74.73	-59.92	-33.37
75.01	-60.92	-40.84
75.29	-61.91	-47.80
75.58	-62.84	-54.18
75.86	-63.66	-59.89
76.15	-64.32	-64.88
76.44	-64.81	-69.07
76.73	-65.12	-72.51
77.02	-65.29	-75.26
77.31	-65.37	-77.39
77.60	-65.38	-78.95
77.89	-65.36	-80.03
78.18	-65.35	-80.69
78.48	-65.40	-81.00
78.78	-65.53	-81.04
79.07	-65.79	-80.88
79.37	-66.22	-80.59
79.67	-66.80	-80.19
79.97	-67.51	-79.67
80.27	-68.32	-79.02
80.58	-69.22	-78.26
80.88	-70.16	-77.37
81.19	-71.14	-76.34
81.49	-72.11	-75.19
81.80	-73.05	-73.89
82.11	-73.94	-72.46
82.42	-74.75	-70.89
82.73	-75.47	-69.19
83.04	-76.11	-67.37
83.35	-76.67	-65.45
83.67	-77.14	-63.43
83.99	-77.52	-61.33
84.30	-77.81	-59.15
84.62	-78.01	-56.93
84.94	-78.12	-54.65
85.26	-78.12	-52.36
85.58	-78.04	-50.12
85.90	-77.88	-48.02
86.23	-77.63	-46.15
86.55	-77.32	-44.61
86.88	-76.94	-43.49
87.21	-76.51	-42.90
87.54	-76.04	-42.92
87.87	-75.52	-43.67
88.20	-74.97	-45.22
88.53	-74.39	-47.54
88.87	-73.79	-50.54
89.20	-73.17	-54.14
89.54	-72.54	-58.27
89.88	-71.91	-62.83
90.22	-71.27	-67.74
90.56	-70.63	-72.92
90.90	-70.00	-78.27
91.24	-69.39	-83.70
91.59	-68.81	-89.13
91.93	-68.27	-94.47
92.28	-67.79	-99.63
92.63	-67.39	-104.52
92.98	-67.07	-109.06
93.33	-66.86	-113.15
93.68	-66.77	-116.68
94.03	-66.82	-119.57
94.39	-67.01	-121.71
94.74	-67.35	-122.99
95.10	-67.84	-123.30
95.46	-68.48	-122.52
95.82	-69.27	-120.56
96.18	-70.23	-117.27
96.54	-71.35	-112.56
96.91	-72.64	-106.32
97.27	-74.05	-98.94
97.64	-75.53	-91.15
98.01	-77.01	-83.69
98.38	-78.42	-77.33
98.75	-79.70	-72.86
99.12	-80.77	-71.07
99.50	-81.57	-72.79
99.87	-82.03	-78.74
100.25	-82.16	-88.47
100.63	-82.02	-100.80
101.01	-81.65	-114.52
101.39	-81.12	-128.40
101.77	-80.48	-141.18
102.16	-79.80	-151.57
102.54	-79.14	-158.23
102.93	-78.54	-160.21
103.32	-78.04	-158.01
103.71	-77.64	-152.54
104.10	-77.36	-144.72
104.49	-77.20	-135.49
104.88	-77.19	-125.82
105.28	-77.33	-116.70
105.68	-77.63	-109.11
106.08	-78.08	-103.50
106.48	-78.61	-99.81
106.88	-79.17	-97.96
107.28	-79.69	-97.85
107.69	-80.11	-99.42
108.09	-80.36	-102.55
108.50	-80.38	-107.17
108.91	-80.14	-113.03
109.32	-79.69	-119.60
109.73	-79.10	-126.31
110.15	-78.42	-132.59
110.56	-77.71	-137.84
110.98	-77.03	-141.44
111.40	-76.47	-142.77
111.82	-76.04	-141.56
112.24	-75.75	-138.37
112.67	-75.55	-133.92
113.09	-75.43	-128.94
113.52	-75.36	-124.18
113.95	-75.31	-120.40
114.38	-75.24	-118.38
114.81	-75.16	-118.63
115.24	-75.10	-121.14
115.68	-75.09	-125.85
116.11	-75.18	-132.69
116.55	-75.41	-141.60
116.99	-75.82	-152.49
117.43	-76.45	-165.30
117.87	-77.27	-179.69
118.32	-78.23	164.87
118.77	-79.23	148.94
119.21	-80.19	133.08
119.66	-81.04	117.88
120.12	-81.69	103.93
120.57	-82.07	91.58
121.02	-82.19	80.12
121.48	-82.07	68.53
121.94	-81.75	55.82
122.40	-81.24	40.91
122.86	-80.57	22.75
123.32	-79.78	0.36
123.79	-78.92	-25.63
124.26	-78.08	-53.27
124.73	-77.35	-80.55
125.20	-76.82	-105.38
125.67	-76.57	-125.67
126.14	-76.71	-139.27
126.62	-77.24	-145.71
127.10	-78.03	-146.98
127.58	-78.94	-145.36
128.06	-79.81	-143.15
128.54	-80.51	-142.72
129.03	-80.88	-146.49
129.51	-80.86	-155.40
130.00	-80.57	-167.45
130.49	-80.18	179.76
130.98	-79.83	168.67
131.48	-79.70	161.79
131.98	-79.92	161.66
132.47	-80.58	168.95
132.97	-81.55	-179.16
133.48	-82.67	-165.92
133.98	-83.80	-154.64
134.48	-84.78	-148.70
134.99	-85.45	-151.48
135.50	-85.74	-163.56
136.01	-85.61	177.82
136.53	-85.08	155.65
137.04	-84.12	133.00
137.56	-82.73	113.00
138.08	-80.92	98.53
138.60	-78.89	89.29
139.12	-76.94	83.30
139.65	-75.38	78.47
140.17	-74.53	72.70
140.70	-74.70	63.83
141.23	-76.03	50.69
141.77	-78.17	34.90
142.30	-80.68	18.53
142.84	-83.09	3.71
143.38	-84.95	-7.36
143.92	-85.80	-12.73
144.46	-85.67	-13.47
145.01	-84.82	-12.62
145.55	-83.55	-13.35
146.10	-82.18	-18.89
146.65	-81.01	-32.51
147.21	-80.23	-54.62
147.76	-79.81	-80.77
148.32	-79.69	-105.96
148.88	-79.83	-125.05
149.44	-80.18	-132.80
150.01	-80.67	-125.84
150.57	-81.20	-107.63
151.14	-81.67	-83.19
151.71	-81.96	-57.66
152.28	-81.97	-36.32
152.86	-81.59	-23.68
153.43	-80.88	-19.62
154.01	-79.94	-22.39
154.59	-78.88	-30.17
155.18	-77.80	-41.13
155.76	-76.80	-53.50
156.35	-75.91	-66.30
156.94	-75.16	-78.88
157.53	-74.56	-90.56
158.13	-74.13	-100.64
158.72	-73.87	-108.52
159.32	-73.81	-114.08
159.93	-73.95	-117.45
160.53	-74.30	-118.71
161.13	-74.88	-117.97
161.74	-75.67	-115.49
162.35	-76.60	-112.15
162.97	-77.53	-109.00
163.58	-78.37	-107.12
164.20	-79.00	-107.62
164.82	-79.31	-110.98
165.44	-79.30	-116.41
166.06	-78.93	-122.90
166.69	-78.17	-129.43
167.32	-77.02	-134.98
167.95	-75.59	-139.10
168.58	-74.11	-141.86
169.22	-72.82	-143.37
169.86	-71.99	-143.75
170.50	-71.80	-143.23
171.14	-72.02	-142.86
171.79	-72.27	-143.94
172.44	-72.16	-147.81
173.09	-71.31	-155.80
173.74	-69.75	-167.96
174.40	-68.11	177.55
175.06	-67.09	162.79
175.72	-67.39	149.85
176.38	-69.55	140.58
177.04	-73.02	135.29
177.71	-76.87	133.77
178.38	-80.15	135.79
179.06	-81.93	141.11
179.73	-82.07	148.89
180.41	-81.18	157.70
181.09	-79.96	166.05
181.77	-79.09	172.43
182.46	-79.00	175.84
183.15	-79.48	176.47
183.84	-80.25	174.72
184.53	-81.01	170.97
185.23	-81.48	165.80
185.93	-81.55	160.57
186.63	-81.15	156.92
187.33	-80.21	156.50
188.04	-78.69	160.51
188.75	-76.81	165.96
189.46	-74.94	167.69
190.18	-73.46	160.39
190.90	-72.71	139.34
191.62	-72.83	108.27
192.34	-73.81	76.77
193.07	-75.60	54.79
193.79	-78.16	51.78
194.53	-81.12	66.54
195.26	-83.84	89.30
196.00	-85.67	109.88
196.74	-85.99	118.44
197.48	-85.02	113.93
198.22	-83.62	102.18
198.97	-82.67	89.34
199.72	-83.01	81.11
200.48	-84.52	76.94
201.23	-86.48	72.10
201.99	-88.12	61.71
202.75	-88.78	41.27
203.52	-88.63	10.09
204.29	-88.22	-30.73
205.06	-88.14	-80.06
205.83	-88.76	-135.32
206.61	-89.62	172.49
207.39	-90.00	134.28
208.17	-89.17	121.16
208.96	-86.88	136.37
209.74	-83.98	165.38
210.54	-81.45	-169.03
211.33	-80.30	-163.88
212.13	-80.60	178.03
212.93	-81.48	148.70
213.73	-82.02	121.08
214.54	-81.43	107.06
215.35	-80.17	109.46
216.16	-79.16	127.40
216.98	-79.38	159.89
217.80	-81.18	-157.98
218.62	-83.56	-119.59
219.44	-85.33	-99.71
220.27	-85.37	-111.71
221.10	-83.79	-148.37
221.94	-81.52	171.62
222.77	-79.52	150.29
223.61	-78.43	159.60
224.46	-77.91	-176.44
225.30	-77.48	-158.85
226.15	-76.68	-167.02
227.01	-75.70	163.41
227.86	-75.12	132.52
228.72	-75.55	121.01
229.59	-77.20	137.40
230.45	-79.43	165.27
231.32	-81.52	-175.16
232.20	-82.80	179.78
233.07	-83.33	157.32
233.95	-83.39	133.94
234.84	-83.29	125.82
235.72	-83.22	135.20
236.61	-83.25	150.74
237.50	-83.46	160.34
238.40	-83.77	157.65
239.30	-83.77	148.96
240.20	-83.01	142.27
241.11	-81.20	143.62
242.02	-78.93	149.44
242.93	-77.06	153.37
243.85	-76.34	149.76
244.77	-76.46	140.28
245.69	-76.59	130.57
246.62	-75.90	126.05
247.55	-74.54	126.13
248.48	-73.44	125.04
249.42	-73.59	116.90
250.36	-75.18	101.80
251.31	-77.42	87.40
252.26	-79.45	81.84
253.21	-80.78	87.29
254.16	-81.50	95.96
255.12	-81.79	99.01
256.09	-81.82	92.07
257.05	-81.71	79.86
258.02	-81.60	68.25
259.00	-81.66	61.78
259.97	-82.04	61.97
260.95	-82.94	69.96
261.94	-84.30	84.20
262.93	-85.57	97.28
263.92	-86.11	100.90
264.92	-85.69	93.58
265.92	-84.83	87.45
266.92	-84.17	96.32
267.93	-83.87	123.00
268.94	-83.39	151.83
269.95	-82.09	165.42
270.97	-79.89	158.13
271.99	-77.41	139.47
273.02	-75.33	119.84
274.05	-74.14	104.17
275.08	-74.16	92.41
276.12	-75.60	84.34
277.16	-77.54	79.95
278.21	-78.37	79.33
279.26	-76.86	82.13
280.31	-74.21	85.52
281.37	-72.43	85.77
282.43	-72.79	80.19
283.50	-74.11	69.32
284.57	-74.82	54.34
285.64	-74.36	37.76
286.72	-73.69	24.06
287.80	-73.89	17.56
288.89	-75.27	17.37
289.98	-77.64	18.90
291.07	-80.64	18.50
292.17	-83.21	17.85
293.27	-84.10	20.22
294.38	-82.99	26.35
295.49	-81.36	32.29
296.61	-80.79	33.96
297.73	-81.28	33.73
298.85	-81.70	38.60
299.98	-81.22	51.04
301.11	-80.53	55.13
302.25	-80.63	31.05
303.39	-81.98	-15.17
304.53	-84.37	-45.40
305.68	-87.44	-28.62
306.83	-90.14	6.79
307.99	-91.22	9.64
309.15	-90.39	-41.48
310.32	-89.06	-118.70
311.49	-88.51	168.64
312.67	-88.11	114.78
313.85	-86.34	86.59
315.03	-82.88	82.61
316.22	-79.51	87.50
317.41	-77.90	86.25
318.61	-77.66	76.37
319.81	-77.58	60.48
321.02	-77.09	42.19
322.23	-76.55	26.47
323.45	-76.36	17.17
324.67	-76.80	12.34
325.89	-78.11	8.66
327.12	-79.83	6.61
328.36	-80.89	10.00
329.60	-80.61	19.02
330.84	-79.34	25.16
332.09	-77.63	20.22
333.34	-76.73	7.97
334.60	-78.07	-2.94
335.86	-80.96	-9.80
337.13	-82.46	-16.20
338.40	-81.19	-21.36
339.68	-79.98	-12.81
340.96	-81.55	18.56
342.25	-83.79	49.94
343.54	-82.99	48.63
344.83	-79.47	19.56
346.14	-76.77	-2.23
347.44	-76.49	-1.56
348.75	-77.04	3.38
350.07	-77.03	-1.34
351.39	-76.80	-6.79
352.72	-76.85	-2.42
354.05	-76.92	4.81
355.38	-76.53	2.17
356.72	-75.73	-11.96
358.07	-74.96	-31.80
359.42	-74.75	-49.04
360.78	-75.68	-53.02
362.14	-77.67	-42.94
363.51	-79.51	-34.68
364.88	-80.23	-37.85
366.25	-79.81	-41.85
367.64	-78.68	-37.62
369.02	-78.42	-34.02
370.42	-80.28	-41.12
371.81	-82.23	-53.09
373.22	-81.74	-59.69
374.63	-80.42	-56.84
376.04	-81.24	-44.10
377.46	-82.51	-29.81
378.88	-80.46	-26.43
380.31	-76.86	-37.10
381.75	-76.75	-58.29
383.19	-79.28	-79.71
384.63	-79.42	-87.49
386.09	-77.73	-92.16
387.54	-79.14	-122.45
389.00	-84.11	-171.13
390.47	-89.09	158.41
391.95	-90.83	143.43
393.43	-86.69	108.19
394.91	-79.54	55.08
396.40	-76.42	18.15
397.90	-77.78	5.48
399.40	-78.95	4.01
400.90	-78.41	2.51
402.42	-77.01	-7.25
403.94	-75.39	-18.88
405.46	-73.98	-19.79
406.99	-72.66	-20.68
408.53	-71.22	-39.41
410.07	-70.99	-62.86
411.61	-73.00	-70.83
413.17	-73.91	-69.64
414.73	-71.16	-73.17
416.29	-69.47	-93.05
417.86	-71.84	-126.51
419.44	-73.44	-137.51
421.02	-73.05	-127.70
422.61	-77.20	-166.71
424.21	-84.20	127.54
425.81	-83.27	155.82
427.41	-77.73	-122.76
429.03	-79.42	-128.78
430.65	-83.87	170.74
432.27	-82.74	150.49
433.90	-83.09	-174.36
435.54	-89.17	-103.63
437.18	-89.45	-49.48
438.83	-82.11	-45.67
440.49	-80.30	-91.70
442.15	-83.57	-137.39
443.82	-82.61	-117.40
445.49	-79.77	-89.37
447.18	-79.70	-116.35
448.86	-80.32	-137.42
450.56	-79.45	-131.69
452.26	-76.99	-161.84
453.96	-77.59	160.16
455.68	-86.12	-178.12
457.40	-91.75	177.65
459.12	-86.89	82.43
460.85	-82.02	-16.04
462.59	-81.51	-85.39
464.34	-82.40	-159.02
466.09	-88.53	145.99
467.85	-99.82	121.12
469.62	-99.03	48.40
471.39	-86.15	-59.89
473.17	-79.24	-100.79
474.95	-78.11	-96.53
476.74	-77.28	-106.87
478.54	-77.32	-150.47
480.35	-77.64	-177.95
482.16	-77.56	-128.04
483.98	-84.36	-147.79
485.81	-94.09	94.55
487.64	-84.72	122.99
489.48	-76.43	-85.04
491.33	-91.93	25.70
493.18	-91.81	10.72
495.04	-75.98	-100.08
496.91	-79.20	167.91
498.79	-82.67	169.31
500.67	-75.46	-137.73
502.56	-75.26	-176.93
504.45	-80.53	154.92
506.36	-83.52	-150.20
508.27	-81.75	-164.34
510.19	-78.37	107.00
512.11	-76.35	7.81
514.04	-73.16	-80.95
515.98	-73.27	-147.16
517.93	-79.04	177.60
519.89	-78.69	175.23
521.85	-78.41	-179.36
523.82	-85.46	172.11
525.79	-82.32	171.57
527.78	-75.88	172.02
529.77	-79.11	166.35
531.77	-82.32	-175.94
533.78	-80.88	-179.95
535.79	-77.48	139.14
537.81	-78.88	153.84
539.84	-82.07	-179.47
541.88	-82.99	176.84
543.92	-81.89	178.17
545.98	-78.58	176.46
548.04	-75.28	165.28
550.10	-75.66	154.11
552.18	-79.32	151.12
554.26	-79.33	159.15
556.35	-73.72	163.02
558.45	-73.97	132.97
560.56	-75.47	115.83
562.68	-74.19	128.66
564.80	-73.32	130.99
566.93	-73.42	110.57
569.07	-72.89	89.83
571.22	-72.48	78.15
573.37	-76.18	52.44
575.54	-79.95	49.52
577.71	-84.62	55.93
579.89	-90.14	48.23
582.08	-87.70	69.35
584.27	-85.03	92.83
586.48	-85.28	96.25
588.69	-86.21	106.12
590.91	-89.92	157.96
593.14	-87.88	114.02
595.38	-82.19	98.71
597.63	-79.69	-157.97
599.88	-77.85	148.08
602.15	-79.00	135.68
604.42	-77.89	151.07
606.70	-74.84	125.99
608.99	-77.04	150.38
611.29	-72.04	160.51
613.59	-65.75	126.84
615.91	-64.33	80.56
618.23	-66.38	53.45
620.57	-69.92	34.93
622.91	-70.70	32.77
625.26	-76.87	17.29
627.62	-80.57	23.32
629.99	-73.38	61.68
632.36	-74.18	22.62
634.75	-73.60	3.94
637.15	-79.49	-5.60
639.55	-83.06	23.49
641.96	-74.88	75.06
644.39	-71.51	34.53
646.82	-74.67	8.87
649.26	-76.60	10.22
651.71	-74.50	21.64
654.17	-72.75	22.80
656.64	-72.60	8.87
659.11	-70.75	-4.13
661.60	-72.65	-27.41
664.10	-74.27	-28.18
666.60	-77.38	-43.63
669.12	-81.12	-33.68
671.64	-79.39	3.41
674.18	-74.46	-5.60
676.72	-75.65	-19.86
679.28	-75.03	-9.02
681.84	-74.15	-21.53
684.41	-73.18	-41.97
687.00	-73.82	-54.53
689.59	-76.29	-57.62
692.19	-76.60	-56.29
694.80	-73.89	-59.56
697.42	-73.23	-63.99
700.06	-75.01	-75.39
702.70	-74.77	-88.91
705.35	-74.18	-121.92
708.01	-88.44	-107.37
710.68	-84.48	-59.29
713.36	-73.81	-70.92
716.06	-77.29	-100.05
718.76	-77.38	-95.89
721.47	-78.61	-117.14
724.19	-87.13	-132.80
726.93	-82.52	-104.21
729.67	-81.61	-122.83
732.42	-87.92	-158.20
735.19	-87.35	-85.81
737.96	-85.64	-56.02
740.75	-83.49	-86.84
743.54	-81.38	-118.66
746.35	-87.31	-168.51
749.16	-90.45	-100.16
751.99	-82.95	-162.75
754.83	-95.88	-53.65
757.68	-94.68	-92.12
760.54	-90.45	135.44
763.41	-87.24	0.12
766.29	-96.29	-82.37
769.18	-92.31	-33.47
772.08	-76.02	-63.61
774.99	-90.31	-100.34
777.92	-84.14	-56.75
780.85	-90.10	-71.71
783.80	-83.23	-92.62
786.76	-82.23	-81.11
789.73	-78.97	-101.71
792.71	-79.22	-173.69
795.70	-78.22	71.07
798.70	-69.95	-15.27
801.71	-69.48	-74.43
804.74	-73.31	-94.31
807.78	-71.39	-99.15
810.83	-71.91	-121.74
813.88	-70.41	-122.80
816.96	-69.09	-136.51
820.04	-72.91	-170.25
823.13	-77.17	176.75
826.24	-78.07	-172.83
829.36	-77.16	178.66
832.49	-79.13	-149.46
835.63	-72.43	-163.53
838.78	-75.79	168.80
841.95	-75.11	-152.92
845.12	-75.40	169.13
848.31	-73.55	-179.38
851.51	-76.46	156.39
854.73	-75.52	169.88
857.95	-76.75	161.16
861.19	-74.22	160.61
864.44	-74.82	166.16
867.70	-71.11	156.31
870.98	-73.97	118.58
874.26	-72.54	142.93
877.56	-73.34	138.85
880.87	-73.61	119.45
884.20	-72.13	130.44
887.53	-71.36	110.76
890.88	-75.17	83.65
894.25	-76.52	102.48
897.62	-75.66	117.13
901.01	-75.85	103.33
904.41	-75.56	103.30
907.82	-72.63	102.87
911.25	-73.45	84.17
914.68	-76.03	80.80
918.14	-72.79	76.93
921.60	-70.65	81.08
925.08	-68.79	39.35
928.57	-73.67	24.93
932.07	-73.30	43.51
935.59	-73.98	21.45
939.12	-80.45	65.81
942.67	-74.04	47.88
946.22	-75.37	56.56
949.79	-73.32	49.48
953.38	-72.63	36.25
956.97	-71.70	30.78
960.59	-71.88	1.23
964.21	-76.71	6.25
967.85	-72.04	-1.74
971.50	-72.69	-17.58
975.17	-71.90	-43.03
978.85	-73.87	-38.65
982.54	-77.00	-44.23
986.25	-80.04	-52.79
989.97	-93.25	-37.39
993.71	-85.25	11.09
997.46	-78.61	33.22
1001.22	-74.32	-15.47
1005.00	-75.33	-22.23
1008.79	-72.60	-18.45
1012.60	-72.95	-49.31
1016.42	-73.05	-60.46
1020.25	-74.54	-78.78
1024.10	-77.51	-99.05
1027.97	-79.78	-127.10
1031.85	-83.78	-84.67
1035.74	-77.76	-70.25
1039.65	-77.56	-101.08
1043.57	-83.05	-46.48
1047.51	-80.77	-98.16
1051.46	-79.39	-33.23
1055.43	-75.68	-75.83
1059.41	-79.39	-74.77
1063.41	-81.40	-78.87
1067.43	-82.93	-99.67
1071.45	-85.56	-75.27
1075.50	-82.52	-47.76
1079.55	-75.59	-22.61
1083.63	-75.04	-51.02
1087.72	-72.13	-81.57
1091.82	-73.43	-106.23
1095.94	-72.73	-95.30
1100.08	-72.77	-135.99
1104.23	-74.63	-126.55
1108.40	-74.53	-123.94
1112.58	-73.30	-140.40
1116.78	-75.59	-175.15
1120.99	-76.22	173.22
1125.22	-80.62	-162.81
1129.47	-77.74	-138.25
1133.73	-73.66	-160.09
1138.01	-72.21	-172.68
1142.30	-78.07	-170.95
1146.61	-77.97	-175.08
1150.94	-76.49	-175.07
1155.28	-82.21	128.57
1159.64	-75.71	-177.62
1164.02	-78.98	178.87
1168.41	-73.07	174.38
1172.82	-72.77	151.75
1177.25	-73.15	146.77
1181.69	-74.50	122.19
1186.15	-75.50	153.15
1190.62	-70.50	126.76
1195.12	-70.83	126.77
1199.63	-68.65	107.49
1204.15	-71.21	93.93
1208.70	-71.50	81.42
1213.26	-73.15	76.91
1217.84	-77.42	54.61
1222.43	-79.51	73.02
1227.04	-73.31	98.57
1231.67	-72.81	64.66
1236.32	-72.84	70.87
1240.99	-72.83	58.34
1245.67	-74.13	50.28
1250.37	-73.73	43.86
1255.09	-74.28	61.17
1259.83	-72.80	43.69
1264.58	-69.02	35.99
1269.35	-69.76	10.27
1274.14	-70.30	4.02
1278.95	-70.83	-15.43
1283.78	-72.38	-22.35
1288.62	-76.91	-39.33
1293.48	-75.34	-1.75
1298.36	-77.11	-13.10
1303.26	-74.04	-23.29
1308.18	-73.52	-25.05
1313.12	-73.17	-42.42
1318.07	-73.76	-59.02
1323.05	-77.25	-100.83
1328.04	-83.76	-19.46
1333.05	-78.92	-52.50
1338.08	-76.82	-27.09
1343.13	-73.63	-50.06
1348.20	-76.30	-79.13
1353.29	-78.67	-67.96
1358.39	-75.80	-60.94
1363.52	-78.18	-103.18
1368.67	-76.65	-86.05
1373.83	-76.62	-97.57
1379.01	-77.21	-106.44
1384.22	-75.33	-113.38
1389.44	-75.98	-123.19
1394.68	-75.67	-135.10
1399.95	-75.94	-140.15
1405.23	-76.69	-171.13
1410.53	-79.38	-157.89
1415.86	-85.46	-148.82
1421.20	-80.30	-121.67
1426.56	-74.18	-154.33
1431.94	-78.61	-152.59
1437.35	-78.14	-164.39
1442.77	-75.48	-159.35
1448.22	-73.29	172.08
1453.68	-79.44	155.86
1459.17	-76.27	-170.28
1464.67	-74.74	-178.67
1470.20	-74.59	-176.94
1475.75	-74.68	153.74
1481.32	-74.14	146.31
1486.91	-75.44	129.87
1492.52	-73.58	99.95
1498.15	-75.59	115.00
1503.80	-93.98	-154.96
1509.48	-76.43	160.06
1515.17	-72.90	100.43
1520.89	-75.61	71.63
1526.63	-76.13	113.08
1532.39	-76.78	80.17
1538.17	-73.11	74.71
1543.98	-72.82	63.85
1549.81	-72.38	45.28
1555.65	-78.37	20.00
1561.52	-76.26	27.38
1567.42	-73.96	42.57
1573.33	-76.52	23.12
1579.27	-80.53	26.03
1585.23	-74.57	63.22
1591.21	-70.92	17.94
1597.21	-78.83	9.32
1603.24	-78.68	21.16
1609.29	-86.34	5.96
1615.36	-77.88	30.32
1621.46	-75.73	-33.35
1627.58	-82.65	-168.83
1633.72	-79.15	-33.28
1639.89	-76.86	-32.55
1646.07	-75.37	-52.44
1652.29	-78.61	-74.46
1658.52	-75.48	-40.07
1664.78	-76.57	-54.74
1671.06	-73.42	-89.36
1677.37	-79.25	-149.02
1683.70	-87.65	109.54
1690.05	-83.07	-9.87
1696.43	-78.01	-67.56
1702.83	-78.44	-101.02
1709.26	-79.59	-119.11
1715.70	-76.37	-88.46
1722.18	-77.14	-82.52
1728.68	-74.65	-69.68
1735.20	-70.71	-93.02
1741.75	-72.06	-117.17
1748.32	-71.75	-172.47
1754.92	-77.40	160.78
1761.54	-74.87	176.93
1768.19	-74.38	171.19
1774.86	-75.27	-175.77
1781.56	-71.64	-177.62
1788.28	-74.66	172.40
1795.03	-74.95	-175.62
1801.80	-76.07	138.39
1808.60	-76.91	103.28
1815.43	-77.45	105.12
1822.28	-72.42	105.83
1829.15	-73.69	91.83
1836.06	-76.31	80.83
1842.99	-79.60	98.19
1849.94	-82.74	83.55
1856.92	-77.18	66.52
1863.93	-82.30	41.36
1870.96	-79.75	36.17
1878.02	-77.10	78.03
1885.11	-79.34	61.14
1892.22	-81.73	81.94
1899.36	-79.91	71.48
1906.53	-76.52	65.55
1913.72	-73.99	65.68
1920.95	-72.69	20.91
1928.19	-70.40	6.97
1935.47	-71.30	-17.72
1942.77	-75.20	-62.63
1950.11	-79.76	-8.64
1957.46	-71.65	-21.19
1964.85	-75.86	-80.27
1972.27	-79.66	-57.83
1979.71	-81.65	-84.24
1987.18	-84.71	67.19
1994.68	-84.62	-43.55
2002.20	-78.14	-69.06
2009.76	-76.99	-66.83
2017.34	-77.57	-77.00
2024.96	-78.55	-77.65
2032.60	-81.65	-90.34
2040.27	-79.28	-120.07
2047.97	-74.62	-130.20
2055.70	-73.86	-120.86
2063.45	-72.09	-96.93
2071.24	-70.32	-138.04
2079.06	-71.03	-171.30
2086.90	-73.94	162.93
2094.78	-73.87	134.31
2102.68	-75.42	152.19
2110.62	-78.21	155.34
2118.58	-81.14	109.52
2126.57	-76.27	96.56
2134.60	-79.74	92.52
2142.65	-74.30	122.24
2150.74	-73.94	115.01
2158.86	-80.17	135.87
2167.00	-82.00	109.73
2175.18	-80.81	82.11
2183.39	-78.22	38.93
2191.63	-80.35	16.23
2199.90	-80.81	6.12
2208.20	-74.75	20.68
2216.53	-77.75	19.35
2224.90	-77.45	32.61
2233.29	-77.59	50.57
2241.72	-78.39	-11.50
2250.18	-79.76	29.79
2258.67	-78.26	3.56
2267.19	-79.45	-0.90
2275.75	-80.00	-41.58
2284.34	-84.80	-14.80
2292.96	-82.11	-9.20
2301.61	-80.50	53.27
2310.29	-76.64	-6.94
2319.01	-73.49	-65.72
2327.76	-79.34	-33.06
2336.55	-79.10	11.83
2345.36	-77.30	-16.76
2354.21	-75.23	-77.46
2363.10	-72.82	-94.01
2372.02	-74.71	-87.07
2380.97	-71.47	-108.99
2389.95	-72.63	-137.70
2398.97	-72.02	-152.67
2408.02	-72.75	165.11
2417.11	-71.40	-175.44
2426.23	-71.55	171.64
2435.39	-75.23	151.45
2444.58	-76.63	124.06
2453.80	-78.54	109.38
2463.06	-77.42	88.15
2472.35	-79.24	89.64
2481.68	-75.35	130.98
2491.05	-79.22	97.91
2500.45	-77.41	48.06
2509.88	-74.40	57.20
2519.36	-81.00	58.16
2528.86	-78.07	37.76
2538.41	-75.36	37.79
2547.98	-77.46	45.53
2557.60	-76.15	1.29
2567.25	-79.34	-2.65
2576.94	-79.37	45.33
2586.66	-78.61	-13.99
2596.42	-75.29	-38.85
2606.22	-76.15	-37.99
2616.06	-76.34	-4.81
2625.93	-81.48	-43.21
2635.84	-78.55	-44.63
2645.78	-74.19	-64.68
2655.77	-77.16	-87.89
2665.79	-82.07	-85.46
2675.85	-83.59	-70.79
2685.95	-76.43	-70.78
2696.08	-75.38	-114.33
2706.26	-79.62	-153.15
2716.47	-76.30	-163.36
2726.72	-77.44	-155.32
2737.01	-76.17	174.60
2747.34	-73.20	151.59
2757.70	-76.84	144.48
2768.11	-78.73	116.69
2778.56	-73.63	105.74
2789.04	-84.74	116.77
2799.57	-81.70	128.63
2810.13	-79.50	125.75
2820.73	-77.88	110.30
2831.38	-74.93	87.41
2842.06	-76.09	73.15
2852.79	-76.08	54.05
2863.55	-76.25	16.32
2874.36	-77.36	36.49
2885.21	-77.11	31.81
2896.09	-78.31	-3.10
2907.02	-80.77	14.72
2917.99	-76.92	-29.65
2929.00	-77.32	-5.16
2940.06	-79.39	-26.00
2951.15	-77.27	-25.67
2962.29	-78.06	-34.06
2973.47	-74.18	-78.30
2984.69	-77.68	-71.81
2995.95	-75.76	-106.22
3007.25	-75.33	-104.29
3018.60	-74.90	-129.03
3029.99	-75.71	-128.06
3041.43	-75.84	-150.90
3052.90	-76.72	-165.98
3064.42	-76.15	159.80
3075.99	-77.18	138.92
3087.60	-77.54	115.75
3099.25	-81.39	137.81
3110.94	-81.53	118.36
3122.68	-78.05	114.04
3134.47	-79.34	121.88
3146.29	-79.10	105.93
3158.17	-76.34	98.22
3170.08	-76.48	63.11
3182.05	-75.47	61.15
3194.05	-78.22	7.83
3206.11	-77.08	31.31
3218.21	-81.54	3.59
3230.35	-76.72	-4.99
3242.54	-79.43	-13.62
3254.77	-76.10	16.60
3267.06	-76.49	-31.17
3279.39	-75.59	-47.70
3291.76	-74.75	-59.95
3304.18	-76.35	-94.58
3316.65	-76.46	-112.41
3329.17	-78.48	-115.87
3341.73	-77.80	-151.74
3354.34	-80.49	175.75
3367.00	-79.65	-170.14
3379.70	-79.88	-162.02
3392.46	-79.87	167.06
3405.26	-78.19	157.71
3418.11	-80.80	141.77
3431.01	-80.50	127.36
3443.95	-79.41	147.14
3456.95	-80.67	110.43
3469.99	-77.68	106.93
3483.09	-78.62	79.97
3496.23	-77.43	63.00
3509.43	-80.72	73.85
3522.67	-77.23	47.46
3535.96	-77.57	32.21
3549.31	-76.80	20.23
3562.70	-78.25	-5.46
3576.14	-76.97	-6.22
3589.64	-75.46	-17.26
3603.18	-76.26	-52.42
3616.78	-79.70	-78.14
3630.43	-77.39	-89.00
3644.13	-77.59	-93.19
3657.88	-78.36	-113.29
3671.68	-80.52	-141.00
3685.54	-84.46	-165.31
3699.45	-79.59	-153.31
3713.41	-79.95	170.90
3727.42	-82.04	175.45
3741.49	-80.69	168.49
3755.60	-78.75	147.06
3769.78	-77.06	131.41
3784.00	-78.72	126.27
3798.28	-74.90	108.09
3812.61	-75.83	76.52
3827.00	-76.21	67.28
3841.44	-77.24	33.23
3855.94	-76.36	36.91
3870.49	-76.16	17.73
3885.09	-78.68	-7.55
3899.75	-75.34	-3.98
3914.47	-75.59	-40.60
3929.24	-80.35	-29.31
3944.07	-78.64	-68.12
3958.95	-75.34	-87.72
3973.89	-82.81	-114.00
3988.89	-77.73	-116.35
4003.94	-78.36	-161.80
4019.05	-78.84	-174.95
4034.22	-83.15	-175.40
4049.44	-77.96	179.01
4064.72	-76.58	170.40
4080.06	-76.95	154.48
4095.46	-75.28	134.36
4110.91	-75.06	114.49
4126.42	-76.05	84.62
4141.99	-75.58	65.00
4157.62	-76.77	41.67
4173.31	-74.67	53.70
4189.06	-74.49	10.62
4204.87	-76.41	21.00
4220.74	-74.24	-3.38
4236.66	-76.18	-43.61
4252.65	-77.29	-47.48
4268.70	-75.94	-80.97
4284.81	-77.45	-72.50
4300.98	-79.98	-97.96
4317.21	-75.84	-112.76
4333.50	-77.86	-129.99
4349.85	-74.04	-137.07
4366.26	-75.34	-177.28
4382.74	-75.72	168.17
4399.28	-72.78	154.15
4415.88	-72.38	130.19
4432.54	-73.81	99.53
4449.27	-76.40	98.32
4466.06	-72.84	68.90
4482.91	-77.46	44.79
4499.83	-75.52	30.42
4516.81	-76.94	24.25
4533.85	-77.87	3.93
4550.96	-74.93	-5.63
4568.14	-75.39	-26.76
4585.37	-73.43	-43.79
4602.68	-73.90	-78.25
4620.05	-76.43	-85.87
4637.48	-74.27	-107.44
4654.98	-74.91	-126.82
4672.55	-74.88	-165.21
4690.18	-74.30	177.10
4707.88	-73.81	162.90
4725.64	-74.10	133.52
4743.48	-72.09	122.41
4761.38	-74.51	94.24
4779.34	-73.95	68.37
4797.38	-75.21	62.54
4815.48	-73.41	56.35
4833.65	-72.96	41.67
4851.89	-72.87	17.61
4870.20	-72.32	-2.37
4888.58	-71.52	-38.61
4907.03	-71.11	-64.52
4925.54	-71.54	-82.77
4944.13	-70.83	-101.88
4962.79	-72.70	-133.95
4981.52	-72.59	-159.53
5000.31	-72.05	173.33
5019.18	-73.65	159.90
5038.12	-72.91	142.14
5057.14	-72.49	116.92
5076.22	-73.57	98.52
5095.37	-71.23	89.96
5114.60	-70.74	60.77
5133.90	-71.30	30.67
5153.27	-72.44	13.96
5172.72	-71.58	-5.93
5192.24	-71.63	-32.17
5211.83	-70.67	-49.33
5231.50	-70.11	-79.22
5251.24	-70.02	-120.50
5271.06	-71.46	-157.04
5290.95	-72.48	176.46
5310.91	-75.39	142.39
5330.96	-78.09	144.50
5351.07	-74.12	140.31
5371.27	-74.41	122.79
5391.53	-72.47	92.85
5411.88	-72.79	73.85
5432.30	-73.16	43.19
5452.80	-74.32	14.94
5473.38	-73.69	15.50
5494.03	-73.92	0.92
5514.76	-73.52	-27.14
5535.57	-71.45	-67.62
5556.46	-73.92	-102.71
5577.43	-73.83	-130.14
5598.48	-75.44	-170.58
5619.60	-79.18	-161.57
5640.81	-77.75	178.77
5662.10	-75.26	174.15
5683.46	-75.05	139.60
5704.91	-73.59	121.40
5726.44	-73.04	92.26
5748.05	-72.06	76.06
5769.74	-74.22	43.01
5791.51	-72.77	22.95
5813.36	-71.23	1.91
5835.30	-72.28	-32.89
5857.32	-71.55	-58.52
5879.42	-71.21	-100.70
5901.61	-74.23	-118.98
5923.88	-75.41	-157.06
5946.23	-76.99	-158.64
5968.67	-75.29	-179.80
5991.20	-73.56	172.25
6013.80	-72.05	126.05
6036.50	-71.63	94.98
6059.28	-72.51	74.78
6082.14	-73.50	57.56
6105.09	-70.75	34.18
6128.13	-71.51	1.24
6151.26	-70.06	-23.86
6174.47	-71.10	-59.01
6197.77	-71.34	-94.63
6221.16	-72.30	-131.11
6244.63	-74.44	-138.93
6268.20	-72.34	-165.53
6291.85	-73.83	155.44
6315.59	-73.16	135.67
6339.42	-71.25	102.96
6363.35	-73.07	88.68
6387.36	-73.38	70.32
6411.46	-73.09	36.09
6435.66	-72.08	28.44
6459.94	-71.07	-8.93
6484.32	-71.28	-40.94
6508.79	-71.84	-69.20
6533.35	-73.17	-107.50
6558.00	-72.68	-128.74
6582.75	-72.36	-161.74
6607.59	-72.19	169.53
6632.53	-72.19	133.70
6657.55	-74.24	116.48
6682.68	-72.92	80.99
6707.90	-73.94	69.82
6733.21	-72.80	61.96
6758.62	-72.21	36.88
6784.12	-70.07	2.41
6809.72	-69.30	-32.48
6835.42	-69.47	-75.61
6861.21	-69.53	-110.27
6887.10	-70.98	-134.67
6913.09	-69.97	-165.17
6939.18	-70.23	154.17
6965.36	-70.92	132.13
6991.65	-72.86	112.18
7018.03	-70.72	100.86
7044.51	-69.38	70.26
7071.10	-66.60	41.14
7097.78	-66.59	5.69
7124.56	-65.34	-27.62
7151.45	-64.60	-77.73
7178.44	-66.18	-108.29
7205.52	-65.90	-154.22
7232.71	-68.02	178.78
7260.01	-67.02	152.73
7287.40	-66.18	116.92
7314.90	-66.73	91.23
7342.51	-66.99	61.04
7370.21	-64.00	42.49
7398.03	-63.67	-4.50
7425.94	-62.39	-43.25
7453.97	-62.48	-81.39
7482.09	-62.68	-134.76
7510.33	-63.87	-176.87
7538.67	-65.31	153.21
7567.12	-65.58	111.51
7595.67	-67.01	87.25
7624.33	-66.54	49.55
7653.10	-67.87	22.64
7681.98	-68.36	-8.65
7710.97	-69.41	-27.57
7740.07	-67.94	-57.06
7769.28	-67.47	-104.28
7798.60	-68.16	-150.11
7828.02	-70.03	170.33
7857.56	-69.32	145.67
7887.21	-69.35	93.32
7916.98	-71.12	77.71
7946.85	-71.12	41.13
7976.84	-69.14	35.12
8006.94	-73.73	9.03
8037.16	-72.16	-23.98
8067.49	-72.11	-61.30
8097.93	-71.93	-106.60
8128.49	-69.20	-151.11
8159.16	-69.94	159.87
8189.95	-70.78	-80.85
8220.86	-70.39	104.45
8251.88	-70.69	68.74
8283.02	-72.62	75.55
8314.27	-72.19	32.22
8345.65	-70.84	-10.09
8377.14	-72.28	-50.42
8408.75	-70.85	-80.68
8440.48	-70.42	-143.16
8472.33	-71.12	-172.51
8504.30	-72.03	142.31
8536.40	-71.17	114.31
8568.61	-72.75	79.65
8600.94	-73.16	54.84
8633.40	-70.78	29.72
8665.98	-69.38	-18.46
8698.68	-71.02	-63.02
8731.51	-71.02	-104.22
8764.46	-70.86	-144.60
8797.53	-71.58	161.45
8830.73	-73.10	128.69
8864.05	-73.07	105.52
8897.50	-71.02	66.87
8931.07	-73.50	44.37
8964.78	-72.48	-0.89
8998.61	-72.98	-30.69
9032.56	-74.00	-79.25
9066.65	-72.11	-124.23
9100.86	-72.24	-166.01
9135.20	-72.70	142.13
9169.68	-73.27	117.95
9204.28	-72.54	76.56
9239.01	-71.42	27.83
9273.88	-72.69	-6.55
9308.87	-75.12	-45.74
9344.00	-73.92	-60.14
9379.26	-74.44	-128.16
9414.65	-74.87	-173.13
9450.18	-73.61	145.74
9485.84	-73.19	116.93
9521.64	-73.20	74.47
9557.57	-74.31	53.64
9593.64	-75.66	8.57
9629.84	-77.63	70.04
9666.18	-76.37	-60.51
9702.65	-76.31	-123.75
9739.27	-76.44	-159.29
9776.02	-75.53	163.66
9812.91	-72.64	119.37
9849.94	-73.12	69.53
9887.11	-72.53	27.09
9924.42	-76.09	-0.08
9961.87	-76.26	-47.29
9999.46	-76.69	-84.38
10037.19	-77.15	-138.50
10075.07	-77.24	173.32
10113.09	-76.45	122.30
10151.25	-76.56	100.81
10189.55	-76.66	70.04
10228.01	-75.72	17.76
10266.60	-78.60	-1.40
10305.34	-78.07	-52.67
10344.23	-78.09	-104.90
10383.27	-77.83	-153.85
10422.45	-80.18	166.15
10461.78	-74.79	128.23
10501.26	-74.24	89.12
10540.88	-74.25	48.99
10580.66	-73.98	-6.96
10620.59	-74.77	-43.31
10660.66	-75.76	-90.29
10700.89	-76.26	-150.51
10741.27	-74.89	168.54
10781.81	-73.66	122.04
10822.49	-71.46	89.15
10863.33	-70.46	29.09
10904.33	-72.46	-18.77
10945.47	-73.93	-64.76
10986.78	-73.29	-126.23
11028.24	-72.61	-172.22
11069.85	-74.00	141.28
11111.63	-71.98	104.60
11153.56	-70.93	43.40
11195.64	-71.81	-1.31
11237.89	-74.75	-55.81
11280.30	-75.53	-105.89
11322.87	-74.33	-159.35
11365.59	-75.32	148.08
11408.48	-73.27	105.19
11451.53	-73.08	55.37
11494.75	-72.81	9.41
11538.12	-76.78	-51.28
11581.66	-78.97	-87.81
11625.37	-77.06	-138.17
11669.24	-75.28	162.77
11713.27	-75.56	117.53
11757.47	-74.30	75.52
11801.84	-74.79	34.73
11846.37	-75.95	-17.69
11891.08	-77.85	-56.69
11935.95	-76.23	114.12
11980.99	-74.97	175.34
12026.20	-74.86	116.10
12071.58	-75.06	76.11
12117.14	-74.62	33.48
12162.86	-76.11	-12.11
12208.76	-77.33	-72.07
12254.83	-76.08	-126.58
12301.07	-74.92	164.48
12347.49	-75.49	97.94
12394.08	-75.44	59.67
12440.85	-75.02	17.96
12487.80	-76.68	-21.12
12534.92	-77.52	-93.29
12582.23	-77.94	-151.53
12629.71	-77.03	138.39
12677.37	-76.60	88.99
12725.20	-76.40	59.37
12773.22	-75.75	25.31
12821.42	-76.48	-27.21
12869.81	-77.81	-108.26
12918.37	-77.72	-165.79
12967.12	-75.61	120.08
13016.05	-74.72	83.17
13065.17	-76.81	35.17
13114.47	-76.76	-5.39
13163.96	-78.36	-64.27
13213.64	-78.46	-152.67
13263.50	-76.62	141.50
13313.55	-75.55	98.02
13363.79	-75.96	47.41
13414.22	-77.18	11.74
13464.84	-78.86	-41.90
13515.65	-79.59	-120.36
13566.65	-79.22	173.49
13617.84	-75.79	115.29
13669.23	-76.06	59.27
13720.81	-77.47	19.66
13772.59	-78.60	10.64
13824.56	-78.42	118.88
13876.73	-78.88	-179.95
13929.09	-76.03	117.71
13981.66	-75.62	60.96
14034.42	-77.29	5.02
14087.38	-77.61	-144.05
14140.54	-80.28	178.92
14193.90	-78.99	31.09
14247.46	-75.64	126.53
14301.22	-76.03	131.73
14355.19	-77.70	15.77
14409.36	-78.90	22.79
14463.73	-78.79	-105.07
14518.31	-77.19	74.38
14573.10	-75.82	102.63
14628.09	-74.88	43.77
14683.29	-76.48	-4.80
14738.70	-78.61	160.52
14794.32	-79.15	33.51
14850.15	-75.97	139.14
14906.18	-75.61	68.89
14962.43	-78.15	19.44
15018.90	-78.37	-38.83
15075.57	-81.44	-118.97
15132.46	-78.95	144.90
15189.56	-77.19	96.56
15246.88	-77.24	48.12
15304.42	-79.54	-22.58
15362.17	-83.57	-58.03
15420.14	-83.21	-44.07
15478.33	-79.59	106.99
15536.74	-80.00	64.83
15595.37	-80.24	18.86
15654.22	-84.80	-30.96
15713.29	-86.36	-98.55
15772.58	-82.11	120.37
15832.10	-80.29	84.91
15891.85	-81.21	31.67
15951.81	-83.40	-148.88
16012.01	-86.39	66.16
16072.43	-83.25	143.29
16133.08	-82.67	87.23
16193.96	-82.67	64.69
16255.07	-83.02	-0.34
16316.41	-85.89	150.61
16377.98	-85.67	-103.11
16439.79	-82.69	81.47
16501.82	-81.64	52.95
16564.09	-85.36	24.90
16626.60	-84.67	-118.54
16689.34	-87.53	42.57
16752.32	-84.13	101.89
16815.54	-81.90	76.33
16878.99	-83.13	40.50
16942.69	-84.05	91.62
17006.62	-86.93	-42.53
17070.79	-84.54	87.94
17135.21	-82.63	73.47
17199.87	-83.67	50.77
17264.78	-84.07	7.89
17329.93	-86.45	-149.18
17395.32	-82.91	86.23
17460.97	-83.68	78.21
17526.86	-82.93	32.52
17593.00	-83.87	-4.31
17659.38	-85.37	-155.72
17726.02	-83.81	86.81
17792.91	-82.77	70.32
17860.06	-83.53	27.27
17927.45	-87.44	115.91
17995.10	-84.66	115.80
18063.01	-83.55	76.71
18131.17	-82.90	54.59
18199.59	-83.50	23.90
18268.27	-87.48	-159.85
18337.21	-85.51	-69.27
18406.40	-83.24	86.85
18475.86	-82.55	48.68
18545.58	-84.18	-20.65
18615.56	-87.67	-85.91
18685.81	-83.06	86.04
18756.32	-81.92	48.95
18827.10	-83.27	21.83
18898.15	-88.64	-71.31
18969.46	-84.59	168.14
19041.04	-83.47	76.10
19112.90	-83.42	28.12
19185.02	-87.16	47.35
19257.42	-86.42	102.77
19330.09	-84.05	69.74
19403.03	-83.24	49.29
19476.25	-86.04	120.60
19549.74	-86.36	40.85
19623.51	-85.22	71.77
19697.56	-84.09	56.11
19771.89	-85.09	59.63
19846.51	-70.89	-83.32
19921.40	-56.39	88.93
19996.57	-77.69	80.86
20072.03	-84.29	-154.92
20147.78	-84.72	45.06
20223.80	-86.78	42.04
20300.12	-85.79	88.20
20376.72	-82.99	52.40
20453.62	-84.52	162.02
20530.80	-87.75	43.24
20608.28	-85.09	-92.11
20686.04	-82.96	64.18
20764.10	-84.88	46.06
20842.46	-88.45	-145.42
20921.11	-85.22	88.19
21000.06	-81.98	59.56
21079.30	-83.75	25.40
21158.85	-87.97	135.04
21238.69	-83.93	82.44
21318.84	-81.34	57.78
21399.29	-86.00	9.02
21480.04	-88.13	136.12
21561.09	-83.53	85.47
21642.46	-82.82	42.44
21724.12	-88.95	42.68
21806.10	-85.82	87.73
21888.39	-82.41	65.81
21970.99	-84.79	-169.60
22053.89	-86.98	65.31
22137.12	-84.21	64.10
22220.65	-85.44	37.60
22304.50	-85.95	72.23
