Freq[Hz]	[dBV]	Phase[Deg]
10.00	-54.47	42.10
10.04	-54.51	42.47
10.08	-54.55	42.82
10.11	-54.59	43.17
10.15	-54.64	43.50
10.19	-54.68	43.82
10.23	-54.72	44.13
10.27	-54.77	44.44
10.31	-54.81	44.73
10.34	-54.86	45.01
10.38	-54.91	45.29
10.42	-54.95	45.56
10.46	-55.00	45.82
10.50	-55.05	46.08
10.54	-55.10	46.33
10.58	-55.15	46.58
10.62	-55.21	46.82
10.66	-55.26	47.06
10.70	-55.32	47.30
10.74	-55.37	47.54
10.78	-55.43	47.77
10.82	-55.49	48.01
10.86	-55.55	48.25
10.90	-55.61	48.48
10.95	-55.67	48.72
10.99	-55.73	48.97
11.03	-55.79	49.22
11.07	-55.86	49.47
11.11	-55.93	49.73
11.15	-55.99	50.00
11.20	-56.06	50.27
11.24	-56.14	50.56
11.28	-56.21	50.85
11.32	-56.28	51.16
11.37	-56.36	51.48
11.41	-56.44	51.81
11.45	-56.52	52.16
11.50	-56.60	52.52
11.54	-56.68	52.90
11.58	-56.76	53.30
11.63	-56.85	53.71
11.67	-56.94	54.15
11.71	-57.03	54.61
11.76	-57.12	55.09
11.80	-57.21	55.59
11.85	-57.31	56.12
11.89	-57.41	56.68
11.94	-57.51	57.25
11.98	-57.61	57.85
12.03	-57.71	58.48
12.07	-57.82	59.13
12.12	-57.93	59.80
12.16	-58.04	60.50
12.21	-58.15	61.23
12.26	-58.26	61.98
12.30	-58.37	62.75
12.35	-58.49	63.55
12.39	-58.61	64.38
12.44	-58.73	65.24
12.49	-58.85	66.12
12.54	-58.97	67.03
12.58	-59.09	67.96
12.63	-59.22	68.92
12.68	-59.34	69.91
12.73	-59.47	70.93
12.77	-59.60	71.98
12.82	-59.73	73.05
12.87	-59.86	74.15
12.92	-60.00	75.29
12.97	-60.13	76.45
13.02	-60.26	77.64
13.07	-60.40	78.85
13.12	-60.54	80.10
13.16	-60.68	81.38
13.21	-60.81	82.69
13.26	-60.95	84.03
13.31	-61.10	85.40
13.36	-61.24	86.80
13.41	-61.38	88.23
13.47	-61.52	89.69
13.52	-61.66	91.19
13.57	-61.81	92.72
13.62	-61.95	94.28
13.67	-62.10	95.87
13.72	-62.24	97.49
13.77	-62.39	99.15
13.83	-62.53	100.84
13.88	-62.68	102.56
13.93	-62.82	104.32
13.98	-62.97	106.11
14.04	-63.11	107.94
14.09	-63.26	109.80
14.14	-63.40	111.69
14.19	-63.55	113.62
14.25	-63.69	115.59
14.30	-63.84	117.59
14.36	-63.98	119.63
14.41	-64.12	121.70
14.46	-64.26	123.81
14.52	-64.41	125.96
14.57	-64.55	128.14
14.63	-64.68	130.36
14.68	-64.82	132.62
14.74	-64.96	134.91
14.80	-65.09	137.24
14.85	-65.23	139.59
14.91	-65.36	141.98
14.96	-65.49	144.38
15.02	-65.62	146.81
15.08	-65.75	149.25
15.13	-65.87	151.71
15.19	-66.00	154.17
15.25	-66.12	156.65
15.31	-66.24	159.12
15.36	-66.36	161.60
15.42	-66.47	164.06
15.48	-66.58	166.52
15.54	-66.69	168.97
15.60	-66.80	171.40
15.66	-66.91	173.81
15.71	-67.01	176.20
15.77	-67.11	178.55
15.83	-67.20	-179.13
15.89	-67.30	-176.85
15.95	-67.39	-174.61
16.01	-67.47	-172.42
16.07	-67.56	-170.29
16.13	-67.64	-168.21
16.19	-67.71	-166.20
16.26	-67.78	-164.25
16.32	-67.85	-162.38
16.38	-67.91	-160.58
16.44	-67.97	-158.87
16.50	-68.02	-157.26
16.56	-68.07	-155.73
16.63	-68.12	-154.31
16.69	-68.16	-153.00
16.75	-68.19	-151.80
16.82	-68.22	-150.72
16.88	-68.25	-149.76
16.94	-68.27	-148.94
17.01	-68.28	-148.26
17.07	-68.29	-147.72
17.14	-68.29	-147.34
17.20	-68.28	-147.11
17.27	-68.27	-147.05
17.33	-68.25	-147.17
17.40	-68.23	-147.47
17.46	-68.20	-147.95
17.53	-68.16	-148.64
17.59	-68.11	-149.52
17.66	-68.06	-150.62
17.73	-68.00	-151.92
17.79	-67.93	-153.43
17.86	-67.86	-155.13
17.93	-67.78	-157.03
18.00	-67.70	-159.13
18.06	-67.61	-161.41
18.13	-67.52	-163.88
18.20	-67.42	-166.53
18.27	-67.32	-169.36
18.34	-67.21	-172.37
18.41	-67.11	-175.54
18.48	-67.00	-178.88
18.55	-66.88	177.62
18.62	-66.77	173.96
18.69	-66.66	170.16
18.76	-66.54	166.20
18.83	-66.43	162.10
18.90	-66.31	157.87
18.97	-66.20	153.50
19.04	-66.09	149.01
19.11	-65.98	144.40
19.19	-65.87	139.67
19.26	-65.77	134.83
19.33	-65.67	129.89
19.40	-65.58	124.85
19.48	-65.49	119.72
19.55	-65.41	114.51
19.62	-65.33	109.21
19.70	-65.27	103.85
19.77	-65.21	98.42
19.85	-65.16	92.93
19.92	-65.11	87.40
20.00	-65.08	81.82
20.07	-65.06	76.20
20.15	-65.05	70.56
20.22	-65.06	64.89
20.30	-65.07	59.22
20.38	-65.11	53.54
20.45	-65.15	47.86
20.53	-65.21	42.20
20.61	-65.29	36.56
20.69	-65.39	30.94
20.77	-65.50	25.35
20.84	-65.62	19.79
20.92	-65.76	14.26
21.00	-65.91	8.76
21.08	-66.07	3.31
21.16	-66.24	-2.11
21.24	-66.43	-7.48
21.32	-66.63	-12.80
21.40	-66.83	-18.07
21.48	-67.04	-23.28
21.56	-67.27	-28.44
21.64	-67.49	-33.54
21.73	-67.73	-38.56
21.81	-67.97	-43.52
21.89	-68.21	-48.41
21.97	-68.46	-53.22
22.06	-68.71	-57.94
22.14	-68.97	-62.58
22.22	-69.22	-67.13
22.31	-69.47	-71.59
22.39	-69.73	-75.95
22.47	-69.98	-80.21
22.56	-70.22	-84.36
22.64	-70.46	-88.40
22.73	-70.70	-92.32
22.82	-70.93	-96.12
22.90	-71.15	-99.80
22.99	-71.37	-103.35
23.07	-71.57	-106.76
23.16	-71.76	-110.03
23.25	-71.94	-113.15
23.34	-72.11	-116.13
23.43	-72.26	-118.94
23.51	-72.39	-121.60
23.60	-72.51	-124.09
23.69	-72.61	-126.41
23.78	-72.70	-128.56
23.87	-72.78	-130.54
23.96	-72.84	-132.33
24.05	-72.89	-133.94
24.14	-72.93	-135.37
24.23	-72.96	-136.60
24.32	-72.98	-137.64
24.42	-73.00	-138.49
24.51	-73.00	-139.13
24.60	-73.00	-139.56
24.69	-73.00	-139.79
24.79	-73.00	-139.80
24.88	-72.99	-139.59
24.97	-72.98	-139.16
25.07	-72.97	-138.51
25.16	-72.96	-137.62
25.26	-72.95	-136.50
25.35	-72.95	-135.14
25.45	-72.95	-133.53
25.54	-72.96	-131.68
25.64	-72.98	-129.57
25.74	-73.01	-127.20
25.84	-73.04	-124.57
25.93	-73.09	-121.68
26.03	-73.16	-118.51
26.13	-73.23	-115.06
26.23	-73.33	-111.33
26.33	-73.44	-107.31
26.43	-73.57	-103.00
26.53	-73.72	-98.41
26.63	-73.89	-93.54
26.73	-74.08	-88.43
26.83	-74.29	-83.08
26.93	-74.51	-77.51
27.03	-74.74	-71.74
27.13	-74.99	-65.79
27.23	-75.24	-59.68
27.34	-75.51	-53.42
27.44	-75.79	-47.05
27.54	-76.07	-40.57
27.65	-76.36	-34.01
27.75	-76.66	-27.39
27.86	-76.96	-20.73
27.96	-77.26	-14.06
28.07	-77.56	-7.40
28.17	-77.86	-0.76
28.28	-78.16	5.82
28.39	-78.45	12.32
28.49	-78.73	18.71
28.60	-79.01	24.98
28.71	-79.28	31.09
28.82	-79.54	37.02
28.93	-79.78	42.73
29.03	-80.01	48.21
29.14	-80.22	53.43
29.25	-80.41	58.35
29.36	-80.58	62.94
29.48	-80.73	67.21
29.59	-80.86	71.16
29.70	-80.97	74.80
29.81	-81.06	78.14
29.92	-81.13	81.20
30.04	-81.18	83.99
30.15	-81.21	86.52
30.26	-81.23	88.80
30.38	-81.23	90.85
30.49	-81.21	92.68
30.61	-81.18	94.30
30.72	-81.14	95.74
30.84	-81.08	96.99
30.95	-81.01	98.09
31.07	-80.93	99.04
31.19	-80.84	99.85
31.31	-80.74	100.56
31.42	-80.63	101.17
31.54	-80.51	101.69
31.66	-80.38	102.15
31.78	-80.25	102.57
31.90	-80.11	102.95
32.02	-79.97	103.33
32.14	-79.82	103.72
32.26	-79.68	104.14
32.39	-79.53	104.60
32.51	-79.38	105.13
32.63	-79.23	105.75
32.75	-79.09	106.46
32.88	-78.95	107.30
33.00	-78.82	108.27
33.13	-78.69	109.40
33.25	-78.57	110.71
33.38	-78.46	112.22
33.50	-78.36	113.95
33.63	-78.28	115.92
33.76	-78.21	118.15
33.88	-78.16	120.67
34.01	-78.12	123.49
34.14	-78.11	126.64
34.27	-78.11	130.15
34.40	-78.14	134.03
34.53	-78.19	138.31
34.66	-78.27	143.02
34.79	-78.38	148.19
34.92	-78.52	153.83
35.05	-78.69	159.97
35.18	-78.90	166.65
35.32	-79.14	173.85
35.45	-79.41	-178.45
35.58	-79.71	-170.34
35.72	-80.03	-161.87
35.85	-80.37	-153.10
35.99	-80.72	-144.09
36.12	-81.08	-134.92
36.26	-81.44	-125.65
36.40	-81.81	-116.35
36.53	-82.16	-107.09
36.67	-82.50	-97.94
36.81	-82.83	-88.98
36.95	-83.13	-80.28
37.09	-83.40	-71.92
37.23	-83.64	-63.98
37.37	-83.84	-56.54
37.51	-84.00	-49.68
37.65	-84.10	-43.48
37.79	-84.14	-38.04
37.94	-84.12	-33.44
38.08	-84.03	-29.76
38.22	-83.87	-27.08
38.37	-83.63	-25.35
38.51	-83.33	-24.47
38.66	-82.96	-24.37
38.80	-82.55	-24.95
38.95	-82.08	-26.11
39.10	-81.58	-27.77
39.24	-81.05	-29.82
39.39	-80.49	-32.17
39.54	-79.92	-34.72
39.69	-79.33	-37.36
39.84	-78.75	-39.99
39.99	-78.16	-42.50
40.14	-77.60	-44.77
40.29	-77.05	-46.70
40.45	-76.54	-48.17
40.60	-76.06	-49.05
40.75	-75.63	-49.24
40.90	-75.26	-48.59
41.06	-74.96	-47.00
41.21	-74.72	-44.39
41.37	-74.55	-40.84
41.53	-74.45	-36.40
41.68	-74.40	-31.17
41.84	-74.41	-25.22
42.00	-74.46	-18.62
42.16	-74.56	-11.47
42.32	-74.69	-3.85
42.47	-74.86	4.16
42.63	-75.05	12.47
42.80	-75.26	20.98
42.96	-75.48	29.61
43.12	-75.72	38.26
43.28	-75.96	46.83
43.45	-76.19	55.22
43.61	-76.41	63.33
43.77	-76.62	71.06
43.94	-76.80	78.31
44.10	-76.96	84.98
44.27	-77.08	91.09
44.44	-77.18	96.71
44.61	-77.25	101.88
44.77	-77.29	106.67
44.94	-77.31	111.12
45.11	-77.31	115.29
45.28	-77.28	119.25
45.45	-77.24	123.05
45.63	-77.17	126.76
45.80	-77.09	130.43
45.97	-76.99	134.14
46.14	-76.87	137.95
46.32	-76.74	141.93
46.49	-76.60	146.15
46.67	-76.45	150.67
46.84	-76.29	155.58
47.02	-76.12	160.92
47.20	-75.94	166.70
47.38	-75.77	172.86
47.56	-75.60	179.34
47.74	-75.45	-173.89
47.92	-75.30	-166.91
48.10	-75.17	-159.75
48.28	-75.07	-152.47
48.46	-74.99	-145.13
48.64	-74.95	-137.79
48.83	-74.94	-130.50
49.01	-74.97	-123.33
49.20	-75.06	-116.34
49.38	-75.19	-109.58
49.57	-75.38	-103.13
49.75	-75.64	-97.05
49.94	-75.96	-91.40
50.13	-76.35	-86.14
50.32	-76.78	-81.18
50.51	-77.23	-76.43
50.70	-77.70	-71.80
50.89	-78.16	-67.20
51.08	-78.60	-62.52
51.28	-79.00	-57.68
51.47	-79.33	-52.56
51.66	-79.60	-47.07
51.86	-79.76	-41.09
52.05	-79.81	-34.52
52.25	-79.73	-27.25
52.45	-79.49	-19.17
52.65	-79.08	-10.16
52.85	-78.47	-0.10
53.04	-77.67	10.94
53.24	-76.71	22.80
53.45	-75.62	35.28
53.65	-74.42	48.18
53.85	-73.15	61.31
54.05	-71.83	74.45
54.26	-70.50	87.40
54.46	-69.19	99.95
54.67	-67.94	111.87
54.87	-66.77	122.94
55.08	-65.72	132.93
55.29	-64.83	141.61
55.50	-64.13	148.74
55.71	-63.65	154.07
55.92	-63.43	157.48
56.13	-63.43	159.13
56.34	-63.62	159.22
56.55	-63.98	157.97
56.77	-64.47	155.57
56.98	-65.06	152.25
57.19	-65.72	148.23
57.41	-66.41	143.73
57.63	-67.10	139.00
57.84	-67.76	134.26
58.06	-68.35	129.75
58.28	-68.83	125.74
58.50	-69.17	122.47
58.72	-69.33	120.18
58.94	-69.30	118.89
59.17	-69.14	118.40
59.39	-68.85	118.53
59.61	-68.49	119.06
59.84	-68.09	119.79
60.06	-67.67	120.52
60.29	-67.28	121.01
60.52	-66.96	121.07
60.75	-66.74	120.44
60.98	-66.66	118.92
61.21	-66.77	116.25
61.44	-67.09	112.21
61.67	-67.68	106.55
61.90	-68.52	99.37
62.14	-69.56	90.97
62.37	-70.75	81.65
62.61	-72.04	71.73
62.84	-73.38	61.54
63.08	-74.72	51.42
63.32	-76.01	41.70
63.56	-77.18	32.74
63.80	-78.18	24.89
64.04	-78.95	18.53
64.28	-79.44	14.01
64.52	-79.58	11.72
64.76	-79.35	11.83
65.01	-78.79	14.10
65.25	-77.95	18.25
65.50	-76.87	23.98
65.75	-75.61	31.00
66.00	-74.22	39.00
66.24	-72.76	47.67
66.49	-71.27	56.70
66.75	-69.82	65.75
67.00	-68.46	74.50
67.25	-67.24	82.60
67.50	-66.23	89.71
67.76	-65.45	95.64
68.01	-64.86	100.35
68.27	-64.43	103.85
68.53	-64.13	106.10
68.79	-63.92	107.09
69.05	-63.77	106.80
69.31	-63.65	105.21
69.57	-63.52	102.30
69.83	-63.35	98.06
70.09	-63.09	92.47
70.36	-62.70	85.50
70.62	-62.17	77.22
70.89	-61.53	67.89
71.16	-60.79	57.81
71.43	-59.99	47.27
71.70	-59.16	36.60
71.97	-58.34	26.10
72.24	-57.56	16.10
72.51	-56.85	6.94
72.79	-56.24	-1.06
73.06	-55.78	-7.53
73.34	-55.49	-12.14
73.61	-55.41	-14.83
73.89	-55.52	-16.02
74.17	-55.83	-16.18
74.45	-56.33	-15.77
74.73	-57.02	-15.29
75.01	-57.90	-15.24
75.29	-58.97	-16.13
75.58	-60.22	-18.48
75.86	-61.64	-22.82
76.15	-63.24	-29.71
76.44	-65.01	-39.51
76.73	-66.89	-51.78
77.02	-68.82	-65.74
77.31	-70.73	-80.63
77.60	-72.56	-95.66
77.89	-74.24	-110.02
78.18	-75.71	-122.88
78.48	-76.88	-133.41
78.78	-77.69	-140.74
79.07	-78.06	-143.98
79.37	-77.94	-142.45
79.67	-77.37	-136.65
79.97	-76.45	-127.46
80.27	-75.26	-115.81
80.58	-73.91	-102.62
80.88	-72.47	-88.86
81.19	-71.05	-75.51
81.49	-69.75	-63.56
81.80	-68.67	-54.05
82.11	-67.91	-48.02
82.42	-67.52	-45.95
82.73	-67.46	-47.24
83.04	-67.66	-51.12
83.35	-68.05	-56.80
83.67	-68.58	-63.49
83.99	-69.16	-70.38
84.30	-69.75	-76.62
84.62	-70.25	-81.36
84.94	-70.61	-83.72
85.26	-70.77	-83.03
85.58	-70.74	-79.63
85.90	-70.58	-74.19
86.23	-70.35	-67.42
86.55	-70.08	-60.01
86.88	-69.84	-52.71
87.21	-69.68	-46.24
87.54	-69.65	-41.36
87.87	-69.81	-38.86
88.20	-70.21	-39.33
88.53	-70.79	-42.45
88.87	-71.48	-47.61
89.20	-72.21	-54.18
89.54	-72.89	-61.52
89.88	-73.46	-68.96
90.22	-73.81	-75.82
90.56	-73.88	-81.42
90.90	-73.58	-85.06
91.24	-72.87	-86.38
91.59	-71.83	-85.82
91.93	-70.55	-83.91
92.28	-69.12	-81.20
92.63	-67.64	-78.24
92.98	-66.21	-75.61
93.33	-64.92	-73.89
93.68	-63.89	-73.69
94.03	-63.20	-75.53
94.39	-62.85	-79.31
94.74	-62.82	-84.63
95.10	-63.07	-91.08
95.46	-63.55	-98.26
95.82	-64.24	-105.73
96.18	-65.09	-113.06
96.54	-66.07	-119.81
96.91	-67.13	-125.54
97.27	-68.24	-130.12
97.64	-69.36	-133.61
98.01	-70.45	-136.11
98.38	-71.47	-137.69
98.75	-72.38	-138.44
99.12	-73.14	-138.46
99.50	-73.72	-137.82
99.87	-74.06	-136.62
100.25	-74.20	-134.93
100.63	-74.21	-132.80
101.01	-74.14	-130.28
101.39	-74.07	-127.44
101.77	-74.07	-124.32
102.16	-74.20	-120.98
102.54	-74.54	-117.49
102.93	-75.13	-113.93
103.32	-75.93	-110.49
103.71	-76.85	-107.38
104.10	-77.82	-104.81
104.49	-78.73	-103.02
104.88	-79.52	-102.23
105.28	-80.09	-102.68
105.68	-80.35	-104.58
106.08	-80.30	-107.75
106.48	-80.00	-111.64
106.88	-79.53	-115.64
107.28	-78.94	-119.15
107.69	-78.33	-121.55
108.09	-77.76	-122.20
108.50	-77.31	-120.46
108.91	-77.01	-116.17
109.32	-76.85	-110.16
109.73	-76.78	-103.38
110.15	-76.77	-96.81
110.56	-76.76	-91.45
110.98	-76.73	-88.33
111.40	-76.63	-88.49
111.82	-76.43	-92.46
112.24	-76.15	-99.46
112.67	-75.82	-108.53
113.09	-75.48	-118.65
113.52	-75.14	-128.79
113.95	-74.84	-137.90
114.38	-74.62	-144.92
114.81	-74.46	-149.26
115.24	-74.36	-151.32
115.68	-74.27	-151.56
116.11	-74.17	-150.50
116.55	-74.00	-148.65
116.99	-73.75	-146.51
117.43	-73.36	-144.63
117.87	-72.91	-143.47
118.32	-72.53	-143.44
118.77	-72.36	-144.95
119.21	-72.54	-148.43
119.66	-73.23	-154.31
120.12	-74.57	-163.03
120.57	-76.66	-174.75
121.02	-79.22	171.68
121.48	-81.95	157.73
121.94	-84.49	144.91
122.40	-86.50	134.77
122.86	-87.61	128.89
123.32	-87.50	128.78
123.79	-86.22	134.27
124.26	-84.16	143.91
124.73	-81.70	156.16
125.20	-79.27	169.45
125.67	-77.26	-177.84
126.14	-76.11	-167.33
126.62	-75.97	-159.91
127.10	-76.56	-155.36
127.58	-77.59	-153.33
128.06	-78.76	-153.47
128.54	-79.74	-155.44
129.03	-80.22	-158.87
129.51	-80.03	-163.45
130.00	-79.32	-169.03
130.49	-78.27	-175.44
130.98	-77.09	177.48
131.48	-75.98	169.89
131.98	-75.12	161.97
132.47	-74.67	154.27
132.97	-74.62	148.02
133.48	-74.95	144.56
133.98	-75.64	145.25
134.48	-76.69	151.49
134.99	-78.07	164.65
135.50	-79.69	-175.11
136.01	-81.37	-149.11
136.53	-82.92	-118.78
137.04	-84.15	-85.59
137.56	-84.85	-51.03
138.08	-84.86	-16.68
138.60	-84.26	15.48
139.12	-83.26	43.20
139.65	-82.10	64.20
140.17	-81.00	76.14
140.70	-80.22	76.63
141.23	-79.90	65.04
141.77	-79.95	45.46
142.30	-80.24	22.85
142.84	-80.64	2.26
143.38	-81.00	-11.11
143.92	-81.20	-12.54
144.46	-81.25	-3.93
145.01	-81.26	8.49
145.55	-81.34	18.29
146.10	-81.61	18.86
146.65	-82.17	3.55
147.21	-83.04	-28.82
147.76	-84.09	-70.03
148.32	-85.13	-110.77
148.88	-86.00	-141.50
149.44	-86.52	-152.51
150.01	-86.56	-137.64
150.57	-86.17	-103.89
151.14	-85.44	-61.27
151.71	-84.44	-20.01
152.28	-83.27	9.38
152.86	-82.02	18.28
153.43	-80.79	9.32
154.01	-79.69	-10.87
154.59	-78.82	-35.47
155.18	-78.30	-57.55
155.76	-78.22	-70.98
156.35	-78.43	-76.28
156.94	-78.73	-76.65
157.53	-78.89	-75.44
158.13	-78.69	-76.01
158.72	-77.96	-81.24
159.32	-76.89	-90.50
159.93	-75.81	-101.84
160.53	-75.04	-113.28
161.13	-74.94	-122.79
161.74	-75.72	-128.78
162.35	-77.12	-131.60
162.97	-78.76	-132.10
163.58	-80.24	-131.17
164.20	-81.14	-129.68
164.82	-81.23	-128.27
165.44	-80.66	-126.93
166.06	-79.63	-125.60
166.69	-78.35	-124.19
167.32	-77.02	-122.65
167.95	-75.79	-121.24
168.58	-74.72	-120.53
169.22	-73.90	-121.12
169.86	-73.39	-123.64
170.50	-73.25	-128.57
171.14	-73.28	-135.67
171.79	-73.21	-144.43
172.44	-72.78	-154.32
173.09	-71.73	-164.81
173.74	-70.14	-175.23
174.40	-68.69	175.31
175.06	-68.06	167.72
175.72	-68.99	162.94
176.38	-71.99	161.65
177.04	-76.34	162.99
177.71	-80.89	165.58
178.38	-84.46	168.00
179.06	-85.90	168.86
179.73	-85.04	168.03
180.41	-82.72	166.63
181.09	-79.84	165.86
181.77	-77.31	166.92
182.46	-75.75	170.21
183.15	-75.05	174.13
183.84	-74.99	176.80
184.53	-75.37	176.26
185.23	-75.96	171.25
185.93	-76.63	163.88
186.63	-77.22	157.27
187.33	-77.58	154.66
188.04	-77.60	158.62
188.75	-77.29	166.11
189.46	-76.75	171.14
190.18	-76.07	167.59
190.90	-75.36	149.87
191.62	-74.85	120.81
192.34	-74.82	89.10
193.07	-75.56	63.74
193.79	-77.36	53.40
194.53	-79.92	58.52
195.26	-82.50	73.00
196.00	-84.33	90.40
196.74	-84.70	104.34
197.48	-83.66	110.92
198.22	-81.88	108.25
198.97	-80.07	94.42
199.72	-78.90	68.09
200.48	-78.56	34.68
201.23	-78.95	4.16
201.99	-79.92	-13.22
202.75	-81.35	-8.44
203.52	-82.96	16.55
204.29	-84.46	54.62
205.06	-85.53	98.48
205.83	-85.98	142.02
206.61	-86.34	-175.03
207.39	-87.27	-131.34
208.17	-89.50	-85.55
208.96	-93.11	-39.46
209.74	-96.79	-1.96
210.54	-99.02	16.95
211.33	-98.30	7.56
212.13	-94.57	-27.38
212.93	-89.27	-72.11
213.73	-83.96	-109.93
214.54	-80.08	-126.58
215.35	-78.35	-126.26
216.16	-79.13	-121.01
216.98	-82.82	-123.13
217.80	-88.96	-138.36
218.62	-95.19	-158.04
219.44	-98.90	-171.45
220.27	-97.67	-168.68
221.10	-92.24	-152.06
221.94	-85.51	-132.35
222.77	-80.49	-120.68
223.61	-79.01	-124.08
224.46	-79.62	-138.09
225.30	-80.28	-156.21
226.15	-79.13	-172.20
227.01	-76.65	175.77
227.86	-74.87	166.63
228.72	-75.88	159.24
229.59	-80.25	153.20
230.45	-85.38	149.54
231.32	-88.28	149.50
232.20	-86.51	153.86
233.07	-81.63	160.45
233.95	-76.78	165.92
234.84	-75.03	167.01
235.72	-76.71	163.63
236.61	-79.51	158.81
237.50	-80.95	155.78
238.40	-79.80	156.53
239.30	-77.56	160.43
240.20	-76.08	166.50
241.11	-76.74	173.37
242.02	-78.57	178.07
242.93	-79.91	177.12
243.85	-79.28	167.65
244.77	-77.17	152.56
245.69	-75.11	137.87
246.62	-74.58	129.47
247.55	-75.61	127.91
248.48	-76.95	129.19
249.42	-77.32	129.09
250.36	-76.45	125.18
251.31	-75.38	117.24
252.26	-75.22	105.20
253.21	-76.40	91.25
254.16	-78.11	81.22
255.12	-79.45	81.36
256.09	-79.95	91.93
257.05	-80.01	101.27
258.02	-80.14	96.08
259.00	-80.76	72.67
259.97	-82.07	48.38
260.95	-84.24	43.65
261.94	-87.02	67.66
262.93	-89.31	104.76
263.92	-89.86	135.73
264.92	-88.25	149.54
265.92	-85.64	151.69
266.92	-83.41	149.76
267.93	-82.20	148.50
268.94	-81.35	148.02
269.95	-80.08	147.92
270.97	-78.21	146.34
271.99	-76.36	139.58
273.02	-75.15	124.09
274.05	-75.02	103.32
275.08	-76.19	87.19
276.12	-78.77	85.00
277.16	-81.72	95.65
278.21	-83.33	111.78
279.26	-82.27	126.08
280.31	-79.60	132.56
281.37	-77.29	125.67
282.43	-76.61	104.02
283.50	-76.80	78.50
284.57	-76.75	62.27
285.64	-76.07	59.61
286.72	-75.48	61.64
287.80	-75.73	59.01
288.89	-76.74	51.40
289.98	-77.88	44.97
291.07	-78.61	44.31
292.17	-79.02	45.40
293.27	-79.35	41.57
294.38	-79.85	31.22
295.49	-80.67	22.11
296.61	-81.92	22.48
297.73	-83.19	31.09
298.85	-83.70	39.85
299.98	-82.89	42.65
301.11	-81.24	41.92
302.25	-79.48	42.05
303.39	-78.84	42.17
304.53	-81.12	34.78
305.68	-87.48	13.06
306.83	-94.68	-22.54
307.99	-97.79	-68.71
309.15	-95.15	-118.17
310.32	-90.48	-157.23
311.49	-87.51	-174.06
312.67	-85.98	-176.73
313.85	-83.79	177.74
315.03	-80.28	161.60
316.22	-77.12	142.89
317.41	-75.92	129.78
318.61	-75.94	120.42
319.81	-75.53	108.95
321.02	-74.37	92.03
322.23	-73.90	69.74
323.45	-75.32	44.46
324.67	-77.92	27.45
325.89	-80.49	31.62
327.12	-82.05	52.17
328.36	-81.79	69.13
329.60	-79.73	70.98
330.84	-77.81	67.80
332.09	-77.86	70.54
333.34	-78.95	73.71
334.60	-79.06	65.34
335.86	-77.99	46.85
337.13	-77.55	33.90
338.40	-78.65	35.93
339.68	-79.71	44.77
340.96	-79.14	50.74
342.25	-77.58	51.71
343.54	-76.41	48.46
344.83	-75.80	42.84
346.14	-74.88	37.52
347.44	-73.44	32.09
348.75	-72.33	21.21
350.07	-72.16	3.28
351.39	-72.37	-10.20
352.72	-72.44	-8.30
354.05	-73.33	0.28
355.38	-76.33	0.60
356.72	-79.81	-6.86
358.07	-80.35	-11.71
359.42	-78.16	-11.14
360.78	-77.30	-10.73
362.14	-79.30	-12.24
363.51	-81.04	-10.34
364.88	-80.37	-2.66
366.25	-78.76	3.93
367.64	-77.68	4.00
369.02	-76.65	3.15
370.42	-74.99	6.85
371.81	-73.34	6.06
373.22	-72.73	-9.78
374.63	-73.66	-27.72
376.04	-76.15	-27.57
377.46	-78.06	-18.80
378.88	-76.46	-24.88
380.31	-73.65	-40.34
381.75	-74.89	-42.65
383.19	-79.10	-38.82
384.63	-80.78	-55.63
386.09	-80.95	-75.85
387.54	-85.70	-49.26
389.00	-93.27	8.88
390.47	-95.40	29.53
391.95	-91.04	10.00
393.43	-85.42	4.35
394.91	-81.09	18.99
396.40	-78.10	20.31
397.90	-76.54	6.02
399.40	-76.46	-1.82
400.90	-76.87	0.28
402.42	-76.17	2.61
403.94	-74.52	0.91
405.46	-73.04	-5.37
406.99	-72.16	-14.45
408.53	-71.87	-23.84
410.07	-71.52	-33.92
411.61	-70.52	-45.30
413.17	-69.87	-54.24
414.73	-70.48	-58.51
416.29	-71.41	-65.84
417.86	-71.84	-81.58
419.44	-72.27	-100.04
421.02	-73.17	-113.15
422.61	-74.54	-112.15
424.21	-75.82	-99.86
425.81	-75.91	-91.43
427.41	-75.16	-90.45
429.03	-74.84	-91.89
430.65	-75.03	-93.20
432.27	-75.34	-93.56
433.90	-75.75	-94.47
435.54	-76.01	-97.58
437.18	-75.16	-103.45
438.83	-73.73	-110.45
440.49	-74.11	-114.50
442.15	-76.21	-114.02
443.82	-77.98	-110.58
445.49	-77.45	-113.29
447.18	-74.31	-126.86
448.86	-72.85	-134.81
450.56	-74.23	-133.48
452.26	-74.24	-141.41
453.96	-73.38	-152.62
455.68	-74.79	-149.95
457.40	-76.42	-154.92
459.12	-76.36	-177.29
460.85	-76.69	-175.58
462.59	-77.74	-156.14
464.34	-77.98	-168.86
466.09	-78.12	164.50
467.85	-79.33	152.90
469.62	-81.41	137.73
471.39	-83.24	121.53
473.17	-83.18	125.10
474.95	-81.37	90.94
476.74	-79.55	-5.92
478.54	-81.23	-46.19
480.35	-85.57	-31.83
482.16	-88.14	-56.03
483.98	-86.74	-50.35
485.81	-82.89	3.06
487.64	-82.08	-25.99
489.48	-81.51	-92.99
491.33	-77.34	-102.61
493.18	-76.42	-120.11
495.04	-78.39	-154.29
496.91	-76.73	-153.93
498.79	-75.06	-151.91
500.67	-76.80	-169.48
502.56	-80.81	177.79
504.45	-84.17	173.80
506.36	-85.26	171.82
508.27	-85.56	164.80
510.19	-83.59	154.88
512.11	-78.87	126.26
514.04	-76.13	25.56
515.98	-76.10	-87.38
517.93	-77.05	-132.08
519.89	-78.24	-146.03
521.85	-78.19	-152.23
523.82	-77.07	-153.72
525.79	-79.44	-154.09
527.78	-81.56	-161.17
529.77	-79.48	-175.44
531.77	-79.44	179.77
533.78	-80.46	168.76
535.79	-79.47	147.40
537.81	-78.54	153.14
539.84	-84.46	147.08
541.88	-93.05	138.63
543.92	-88.19	-155.07
545.98	-79.73	-144.86
548.04	-76.50	156.55
550.10	-77.82	150.37
552.18	-81.21	176.55
554.26	-81.10	-171.49
556.35	-76.69	169.17
558.45	-77.13	148.57
560.56	-77.92	126.40
562.68	-77.10	115.64
564.80	-81.03	137.06
566.93	-91.80	146.98
569.07	-92.75	129.98
571.22	-80.64	115.12
573.37	-80.80	139.11
575.54	-79.95	140.57
577.71	-78.77	110.52
579.89	-84.18	83.27
582.08	-82.02	70.97
584.27	-80.07	138.22
586.48	-82.72	144.85
588.69	-84.56	12.29
590.91	-82.16	49.26
593.14	-83.14	82.44
595.38	-89.75	36.55
597.63	-95.57	33.61
599.88	-93.47	127.09
602.15	-86.16	-168.18
604.42	-79.74	-172.47
606.70	-77.77	135.65
608.99	-81.88	88.11
611.29	-94.50	-164.87
613.59	-89.02	-142.09
615.91	-77.41	155.91
618.23	-82.12	179.78
620.57	-77.55	174.21
622.91	-73.76	151.92
625.26	-72.31	134.74
627.62	-70.63	111.43
629.99	-70.06	75.80
632.36	-71.70	56.39
634.75	-78.78	60.87
637.15	-83.43	94.48
639.55	-81.23	124.89
641.96	-76.33	119.06
644.39	-73.73	96.51
646.82	-74.97	90.87
649.26	-79.25	101.14
651.71	-75.52	107.37
654.17	-68.55	96.56
656.64	-68.47	73.75
659.11	-68.45	51.02
661.60	-70.39	30.69
664.10	-72.59	19.68
666.60	-75.22	17.71
669.12	-77.22	14.37
671.64	-78.36	15.93
674.18	-78.26	33.11
676.72	-74.37	48.33
679.28	-72.37	54.25
681.84	-73.44	44.76
684.41	-72.90	30.33
687.00	-74.41	20.19
689.59	-75.39	18.86
692.19	-73.67	22.22
694.80	-72.84	19.35
697.42	-69.53	7.47
700.06	-70.41	-7.93
702.70	-72.36	-13.80
705.35	-72.24	-25.20
708.01	-73.01	-31.49
710.68	-73.84	-39.51
713.36	-80.68	-24.59
716.06	-80.74	8.48
718.76	-71.10	18.60
721.47	-69.57	0.78
724.19	-69.63	-28.31
726.93	-69.44	-41.74
729.67	-71.78	-39.79
732.42	-71.23	-50.65
735.19	-71.98	-52.49
737.96	-73.05	-71.80
740.75	-74.09	-60.61
743.54	-76.95	-79.45
746.35	-74.68	-51.29
749.16	-74.22	-54.25
751.99	-71.33	-70.14
754.83	-73.09	-75.87
757.68	-71.97	-84.10
760.54	-71.05	-91.74
763.41	-74.50	-101.54
766.29	-74.00	-108.08
769.18	-74.55	-123.44
772.08	-74.70	-119.92
774.99	-75.06	-140.13
777.92	-80.81	-89.71
780.85	-78.14	-106.59
783.80	-82.02	-103.51
786.76	-76.68	-96.10
789.73	-84.32	-77.36
792.71	-73.05	-62.34
795.70	-68.91	-98.77
798.70	-69.55	-128.44
801.71	-74.52	-152.48
804.74	-76.57	-161.73
807.78	-74.64	-116.57
810.83	-74.29	-132.59
813.88	-72.03	-144.39
816.96	-73.26	-141.45
820.04	-71.57	-153.07
823.13	-75.08	-163.61
826.24	-72.72	-160.11
829.36	-72.13	175.79
832.49	-76.78	163.32
835.63	-77.55	-177.56
838.78	-74.86	-163.38
841.95	-75.04	174.12
845.12	-74.91	165.21
848.31	-73.02	167.39
851.51	-74.83	152.30
854.73	-75.05	143.47
857.95	-85.21	155.65
861.19	-75.66	130.77
864.44	-78.17	154.67
867.70	-73.81	153.06
870.98	-75.54	115.36
874.26	-76.66	113.60
877.56	-75.50	106.21
880.87	-81.45	67.61
884.20	-81.94	102.50
887.53	-98.63	-53.68
890.88	-86.98	125.09
894.25	-74.27	-174.33
897.62	-73.01	128.91
901.01	-74.59	93.17
904.41	-74.30	89.81
907.82	-74.88	78.49
911.25	-74.61	60.37
914.68	-76.52	35.55
918.14	-84.32	-5.19
921.60	-78.50	120.18
925.08	-77.38	77.29
928.57	-73.58	64.21
932.07	-80.27	16.00
935.59	-79.43	-10.39
939.12	-83.29	-35.04
942.67	-81.67	161.26
946.22	-84.51	-179.55
949.79	-78.60	151.86
953.38	-77.26	121.97
956.97	-77.68	73.81
960.59	-76.09	47.25
964.21	-81.39	150.65
967.85	-73.27	106.87
971.50	-74.98	83.00
975.17	-73.41	73.89
978.85	-72.54	71.90
982.54	-71.69	45.86
986.25	-72.58	21.07
989.97	-76.09	-5.13
993.71	-81.62	26.66
997.46	-85.65	43.77
1001.22	-74.32	54.04
1005.00	-73.14	46.22
1008.79	-73.16	29.92
1012.60	-71.28	11.72
1016.42	-72.08	-10.00
1020.25	-75.50	-18.67
1024.10	-77.56	-12.64
1027.97	-76.07	-6.78
1031.85	-76.12	-15.48
1035.74	-77.85	-12.33
1039.65	-79.14	-3.44
1043.57	-75.98	-14.13
1047.51	-75.36	-13.04
1051.46	-78.06	-38.72
1055.43	-80.03	-18.39
1059.41	-73.66	-6.86
1063.41	-78.18	-40.05
1067.43	-75.74	-32.46
1071.45	-74.45	-37.29
1075.50	-72.56	-45.42
1079.55	-74.98	-26.98
1083.63	-68.97	-60.24
1087.72	-71.07	-88.37
1091.82	-75.02	-74.80
1095.94	-72.59	-92.29
1100.08	-76.44	-118.63
1104.23	-74.57	-95.33
1108.40	-73.18	-97.03
1112.58	-73.18	-115.39
1116.78	-72.79	-139.98
1120.99	-86.70	-91.40
1125.22	-77.06	-78.96
1129.47	-72.91	-106.80
1133.73	-77.29	-117.83
1138.01	-73.73	-121.65
1142.30	-76.29	-124.40
1146.61	-76.28	-106.02
1150.94	-72.67	-119.18
1155.28	-70.52	-128.66
1159.64	-69.35	-149.69
1164.02	-69.12	-152.90
1168.41	-69.04	-179.01
1172.82	-70.62	174.08
1177.25	-71.67	155.37
1181.69	-73.41	162.47
1186.15	-77.21	-173.31
1190.62	-69.93	157.70
1195.12	-71.99	153.72
1199.63	-70.76	146.51
1204.15	-71.04	126.04
1208.70	-71.85	120.81
1213.26	-74.18	114.15
1217.84	-72.41	107.61
1222.43	-72.60	102.96
1227.04	-79.47	108.85
1231.67	-75.23	117.24
1236.32	-72.13	104.47
1240.99	-70.49	84.89
1245.67	-72.17	66.23
1250.37	-73.41	50.17
1255.09	-78.91	47.49
1259.83	-75.05	64.97
1264.58	-77.38	50.66
1269.35	-76.53	64.54
1274.14	-73.34	33.79
1278.95	-76.99	2.90
1283.78	-80.59	14.61
1288.62	-78.58	16.33
1293.48	-80.75	20.34
1298.36	-81.89	25.89
1303.26	-90.41	62.56
1308.18	-80.16	60.43
1313.12	-82.76	82.58
1318.07	-75.07	56.87
1323.05	-75.65	41.00
1328.04	-71.91	14.73
1333.05	-74.02	-1.27
1338.08	-76.66	-23.15
1343.13	-81.02	-13.82
1348.20	-77.78	21.98
1353.29	-79.68	-0.17
1358.39	-82.82	-2.11
1363.52	-78.88	54.71
1368.67	-71.28	12.32
1373.83	-71.55	-15.61
1379.01	-71.77	-38.08
1384.22	-72.21	-56.35
1389.44	-73.03	-67.98
1394.68	-73.60	-83.97
1399.95	-77.09	-93.80
1405.23	-75.37	-49.96
1410.53	-74.13	-94.24
1415.86	-77.14	-93.33
1421.20	-75.38	-91.22
1426.56	-75.91	-98.42
1431.94	-75.20	-121.93
1437.35	-76.18	-107.85
1442.77	-75.81	-108.40
1448.22	-75.73	-134.42
1453.68	-75.92	-155.54
1459.17	-76.68	-147.14
1464.67	-77.55	-142.68
1470.20	-77.18	-149.64
1475.75	-76.34	-143.72
1481.32	-76.11	-161.17
1486.91	-76.31	-166.36
1492.52	-76.93	177.17
1498.15	-80.28	-178.89
1503.80	-79.62	-159.47
1509.48	-72.38	-162.97
1515.17	-73.46	168.16
1520.89	-71.79	163.45
1526.63	-73.14	153.04
1532.39	-74.04	141.78
1538.17	-73.49	123.39
1543.98	-76.39	133.82
1549.81	-73.00	110.13
1555.65	-74.63	94.60
1561.52	-76.50	92.07
1567.42	-78.47	90.91
1573.33	-76.18	83.30
1579.27	-75.44	101.17
1585.23	-74.45	80.74
1591.21	-75.54	51.56
1597.21	-81.99	51.90
1603.24	-76.66	76.16
1609.29	-75.98	63.17
1615.36	-73.20	47.27
1621.46	-73.03	29.05
1627.58	-75.62	8.24
1633.72	-75.90	-5.51
1639.89	-81.05	-11.37
1646.07	-79.97	-23.42
1652.29	-83.39	10.58
1658.52	-79.32	4.23
1664.78	-77.19	10.46
1671.06	-80.14	-10.46
1677.37	-81.25	-16.23
1683.70	-83.49	-1.27
1690.05	-79.18	-4.94
1696.43	-75.85	-21.51
1702.83	-77.82	-50.55
1709.26	-76.57	-75.12
1715.70	-87.07	-71.46
1722.18	-78.71	-43.26
1728.68	-77.97	-66.30
1735.20	-78.00	-61.05
1741.75	-81.94	-78.60
1748.32	-78.37	-55.97
1754.92	-77.43	-73.29
1761.54	-78.11	-74.95
1768.19	-79.72	-111.38
1774.86	-76.52	-70.36
1781.56	-78.19	-124.95
1788.28	-77.43	-79.81
1795.03	-73.48	-114.98
1801.80	-76.83	-160.58
1808.60	-78.31	-129.15
1815.43	-73.17	-139.97
1822.28	-76.68	-155.17
1829.15	-74.64	-159.01
1836.06	-73.60	-180.00
1842.99	-72.43	162.80
1849.94	-74.49	154.73
1856.92	-73.44	137.71
1863.93	-74.64	122.58
1870.96	-77.04	127.68
1878.02	-73.62	109.94
1885.11	-76.90	78.67
1892.22	-81.09	81.12
1899.36	-82.10	88.68
1906.53	-81.58	111.34
1913.72	-77.79	120.77
1920.95	-76.89	98.07
1928.19	-73.12	92.17
1935.47	-73.85	64.43
1942.77	-75.23	63.82
1950.11	-74.03	35.86
1957.46	-74.13	40.12
1964.85	-75.92	20.22
1972.27	-73.78	-12.84
1979.71	-75.70	-23.22
1987.18	-82.66	-28.31
1994.68	-83.73	33.25
2002.20	-77.50	9.39
2009.76	-77.27	-25.47
2017.34	-80.50	-45.12
2024.96	-78.13	-73.81
2032.60	-81.57	-27.22
2040.27	-81.39	-42.53
2047.97	-86.83	-89.60
2055.70	-83.74	-71.94
2063.45	-78.61	-41.30
2071.24	-82.22	-85.65
2079.06	-83.10	-19.48
2086.90	-81.98	-69.29
2094.78	-78.57	-97.42
2102.68	-82.33	-125.60
2110.62	-83.00	-121.09
2118.58	-82.96	-134.66
2126.57	-89.55	-154.73
2134.60	-83.56	-68.76
2142.65	-79.74	-71.52
2150.74	-77.57	-118.18
2158.86	-76.67	-136.52
2167.00	-77.35	-144.87
2175.18	-79.60	-160.62
2183.39	-78.99	-138.06
2191.63	-73.84	-154.20
2199.90	-73.53	167.77
2208.20	-73.71	147.29
2216.53	-74.92	148.83
2224.90	-75.19	121.87
2233.29	-76.05	133.05
2241.72	-72.58	111.48
2250.18	-72.08	72.50
2258.67	-76.50	62.15
2267.19	-77.71	77.76
2275.75	-78.01	81.60
2284.34	-73.18	59.70
2292.96	-74.15	32.60
2301.61	-76.51	7.97
2310.29	-79.11	-41.43
2319.01	-80.67	9.46
2327.76	-77.56	5.74
2336.55	-78.37	-1.28
2345.36	-78.75	-32.69
2354.21	-78.23	-30.33
2363.10	-80.19	-46.77
2372.02	-88.86	-53.02
2380.97	-84.06	-11.70
2389.95	-77.80	-19.68
2398.97	-79.15	-54.75
2408.02	-77.89	-88.82
2417.11	-80.68	-90.56
2426.23	-80.45	-87.59
2435.39	-78.98	-88.94
2444.58	-80.16	-113.50
2453.80	-87.61	-135.75
2463.06	-78.72	-107.70
2472.35	-80.15	-93.35
2481.68	-77.13	-121.32
2491.05	-75.71	-147.68
2500.45	-82.64	-167.53
2509.88	-77.82	-132.55
2519.36	-77.39	-167.55
2528.86	-74.68	177.99
2538.41	-75.90	156.92
2547.98	-77.14	152.44
2557.60	-77.07	130.00
2567.25	-76.82	136.82
2576.94	-76.73	111.29
2586.66	-76.19	111.44
2596.42	-75.22	95.63
2606.22	-73.82	82.64
2616.06	-76.02	58.57
2625.93	-75.17	54.10
2635.84	-76.01	35.25
2645.78	-78.72	35.70
2655.77	-77.85	29.00
2665.79	-74.66	38.68
2675.85	-75.18	2.56
2685.95	-77.09	-20.73
2696.08	-77.14	-24.01
2706.26	-76.31	-32.68
2716.47	-77.92	-57.33
2726.72	-78.11	-69.36
2737.01	-78.88	-53.88
2747.34	-77.59	-77.61
2757.70	-80.95	-86.46
2768.11	-78.98	-78.18
2778.56	-76.87	-114.83
2789.04	-81.23	-117.02
2799.57	-77.44	-113.11
2810.13	-82.29	-129.58
2820.73	-77.62	-123.59
2831.38	-76.99	-140.82
2842.06	-77.46	-153.21
2852.79	-75.94	-175.89
2863.55	-73.69	174.61
2874.36	-74.70	164.34
2885.21	-73.80	141.88
2896.09	-74.83	132.32
2907.02	-72.97	118.79
2917.99	-74.80	98.16
2929.00	-75.58	102.97
2940.06	-73.52	70.96
2951.15	-74.80	64.66
2962.29	-73.50	46.67
2973.47	-78.21	35.27
2984.69	-74.11	33.78
2995.95	-74.69	5.14
3007.25	-76.23	-1.18
3018.60	-76.50	-11.85
3029.99	-74.72	-32.31
3041.43	-75.73	-34.21
3052.90	-77.09	-55.08
3064.42	-75.41	-65.09
3075.99	-77.26	-90.01
3087.60	-78.36	-86.76
3099.25	-77.41	-119.72
3110.94	-77.06	-134.02
3122.68	-79.35	-155.57
3134.47	-82.12	-157.81
3146.29	-83.91	-150.68
3158.17	-82.77	-160.26
3170.08	-80.01	-157.72
3182.05	-79.51	-172.60
3194.05	-78.53	-177.03
3206.11	-76.43	150.99
3218.21	-79.52	143.36
3230.35	-78.18	136.30
3242.54	-76.39	124.85
3254.77	-76.05	113.77
3267.06	-75.95	78.99
3279.39	-76.54	86.15
3291.76	-75.33	64.39
3304.18	-76.52	52.41
3316.65	-75.51	39.98
3329.17	-78.47	18.15
3341.73	-75.15	22.13
3354.34	-75.65	4.12
3367.00	-75.24	-21.26
3379.70	-77.21	-31.81
3392.46	-76.07	-52.57
3405.26	-77.27	-74.32
3418.11	-79.74	-92.25
3431.01	-78.92	-80.15
3443.95	-78.83	-106.07
3456.95	-78.89	-119.68
3469.99	-81.47	-142.60
3483.09	-80.81	-127.31
3496.23	-78.26	-137.34
3509.43	-77.40	-158.17
3522.67	-76.52	175.90
3535.96	-76.97	167.67
3549.31	-76.16	152.17
3562.70	-75.39	132.59
3576.14	-74.93	122.25
3589.64	-76.79	99.15
3603.18	-75.18	99.17
3616.78	-75.01	72.88
3630.43	-76.87	58.98
3644.13	-76.75	41.80
3657.88	-76.38	39.05
3671.68	-75.84	26.45
3685.54	-75.95	-0.67
3699.45	-75.70	-3.09
3713.41	-77.32	-28.77
3727.42	-76.46	-45.42
3741.49	-77.17	-63.79
3755.60	-78.24	-80.77
3769.78	-79.03	-79.79
3784.00	-79.09	-109.90
3798.28	-78.48	-104.93
3812.61	-79.12	-132.49
3827.00	-77.90	-160.95
3841.44	-79.68	-139.15
3855.94	-77.26	-169.00
3870.49	-76.88	166.72
3885.09	-76.11	156.47
3899.75	-76.98	135.14
3914.47	-76.74	120.81
3929.24	-76.44	105.76
3944.07	-76.45	83.97
3958.95	-77.41	91.74
3973.89	-75.59	69.43
3988.89	-75.18	59.29
4003.94	-75.89	34.05
4019.05	-75.71	22.98
4034.22	-75.98	5.24
4049.44	-76.34	-11.66
4064.72	-75.47	-26.77
4080.06	-75.93	-40.85
4095.46	-75.30	-60.75
4110.91	-76.02	-94.40
4126.42	-77.22	-90.94
4141.99	-75.03	-108.94
4157.62	-74.92	-130.22
4173.31	-74.76	-151.29
4189.06	-76.06	-164.90
4204.87	-74.53	171.66
4220.74	-74.99	147.51
4236.66	-76.01	142.49
4252.65	-73.10	124.16
4268.70	-72.69	111.47
4284.81	-74.02	77.57
4300.98	-74.37	75.35
4317.21	-74.82	53.56
4333.50	-75.43	37.81
4349.85	-74.44	27.02
4366.26	-74.60	27.61
4382.74	-71.56	3.82
4399.28	-71.47	-29.78
4415.88	-71.94	-48.51
4432.54	-73.53	-81.09
4449.27	-76.35	-92.71
4466.06	-74.44	-96.23
4482.91	-73.64	-119.91
4499.83	-75.35	-130.99
4516.81	-73.69	-145.48
4533.85	-72.86	-163.92
4550.96	-72.06	165.18
4568.14	-72.59	158.64
4585.37	-70.71	138.54
4602.68	-70.75	111.40
4620.05	-70.47	99.93
4637.48	-69.92	71.35
4654.98	-69.87	64.86
4672.55	-68.41	48.53
4690.18	-68.66	14.77
4707.88	-68.77	-7.07
4725.64	-69.03	-23.17
4743.48	-68.21	-53.71
4761.38	-69.36	-81.47
4779.34	-70.37	-97.92
4797.38	-71.21	-112.29
4815.48	-70.86	-128.13
4833.65	-68.54	-150.07
4851.89	-68.89	-172.37
4870.20	-68.97	154.11
4888.58	-68.97	143.14
4907.03	-69.69	128.22
4925.54	-68.00	102.25
4944.13	-68.41	79.28
4962.79	-67.86	64.31
4981.52	-68.17	36.26
5000.31	-67.79	20.23
5019.18	-67.87	-1.88
5038.12	-68.02	-25.38
5057.14	-67.31	-49.93
5076.22	-67.28	-80.96
5095.37	-68.67	-104.78
5114.60	-69.15	-127.65
5133.90	-70.13	-148.49
5153.27	-70.17	-172.31
5172.72	-71.02	169.47
5192.24	-70.20	149.12
5211.83	-70.28	116.86
5231.50	-71.25	105.65
5251.24	-71.77	88.64
5271.06	-70.94	69.01
5290.95	-71.00	53.42
5310.91	-71.84	37.44
5330.96	-71.15	18.44
5351.07	-71.15	1.93
5371.27	-70.17	-27.44
5391.53	-70.15	-52.16
5411.88	-70.39	-80.90
5432.30	-71.41	-105.08
5452.80	-72.43	-121.84
5473.38	-71.41	-148.32
5494.03	-72.63	-168.53
5514.76	-70.31	169.48
5535.57	-71.84	143.20
5556.46	-70.40	123.63
5577.43	-71.90	93.59
5598.48	-71.82	80.53
5619.60	-70.88	63.74
5640.81	-71.10	42.32
5662.10	-70.98	26.19
5683.46	-70.93	-0.79
5704.91	-69.83	-24.74
5726.44	-70.16	-55.18
5748.05	-70.71	-79.04
5769.74	-70.69	-103.69
5791.51	-71.08	-124.92
5813.36	-70.48	-149.73
5835.30	-70.41	179.14
5857.32	-70.00	163.28
5879.42	-69.41	123.84
5901.61	-70.46	101.30
5923.88	-71.94	73.12
5946.23	-73.27	65.02
5968.67	-71.89	52.50
5991.20	-70.73	23.55
6013.80	-71.14	0.23
6036.50	-71.99	-16.96
6059.28	-70.95	-46.47
6082.14	-70.90	-71.73
6105.09	-70.95	-94.89
6128.13	-70.54	-122.19
6151.26	-69.90	-140.35
6174.47	-68.49	-178.63
6197.77	-68.38	152.08
6221.16	-68.09	121.75
6244.63	-68.20	93.71
6268.20	-69.39	62.38
6291.85	-70.57	42.37
6315.59	-70.99	28.94
6339.42	-70.41	4.74
6363.35	-70.51	-26.18
6387.36	-71.43	-53.99
6411.46	-72.74	-81.32
6435.66	-74.72	-87.96
6459.94	-72.00	-106.43
6484.32	-70.36	-142.20
6508.79	-69.57	-172.05
6533.35	-70.06	154.90
6558.00	-68.98	136.47
6582.75	-68.60	106.89
6607.59	-69.00	75.43
6632.53	-70.26	59.71
6657.55	-70.83	26.63
6682.68	-68.03	14.41
6707.90	-69.76	-25.12
6733.21	-69.77	-39.78
6758.62	-69.09	-63.17
6784.12	-69.35	-90.35
6809.72	-67.49	-116.13
6835.42	-65.82	-147.95
6861.21	-65.28	173.92
6887.10	-66.33	147.13
6913.09	-65.20	123.41
6939.18	-63.99	93.13
6965.36	-63.61	60.50
6991.65	-63.50	28.06
7018.03	-63.93	-0.53
7044.51	-63.63	-27.48
7071.10	-63.48	-66.27
7097.78	-64.39	-98.14
7124.56	-64.71	-125.30
7151.45	-64.40	-149.24
7178.44	-62.20	179.31
7205.52	-62.80	149.43
7232.71	-62.70	121.32
7260.01	-61.31	94.10
7287.40	-59.93	58.90
7314.90	-59.91	22.88
7342.51	-58.96	-9.94
7370.21	-58.96	-52.39
7398.03	-59.24	-87.74
7425.94	-59.43	-129.00
7453.97	-60.22	-164.32
7482.09	-60.84	164.60
7510.33	-60.97	128.54
7538.67	-61.64	101.60
7567.12	-62.18	71.11
7595.67	-62.31	39.16
7624.33	-61.71	15.98
7653.10	-60.93	-22.30
7681.98	-61.21	-61.66
7710.97	-62.25	-99.68
7740.07	-62.61	-139.33
7769.28	-63.73	-174.07
7798.60	-64.52	151.65
7828.02	-66.51	123.09
7857.56	-66.44	99.21
7887.21	-67.58	72.19
7916.98	-67.81	51.29
7946.85	-66.55	32.98
7976.84	-65.34	-2.55
8006.94	-64.82	-38.61
8037.16	-64.58	-74.53
8067.49	-64.75	-114.69
8097.93	-65.32	-147.95
8128.49	-64.42	179.18
8159.16	-64.42	135.47
8189.95	-65.92	109.96
8220.86	-65.26	78.50
8251.88	-64.92	45.30
8283.02	-64.98	18.53
8314.27	-64.44	-14.88
8345.65	-64.13	-52.86
8377.14	-63.71	-92.73
8408.75	-63.72	-134.88
8440.48	-64.61	-174.10
8472.33	-63.89	157.75
8504.30	-63.56	113.76
8536.40	-65.26	79.85
8568.61	-65.35	52.60
8600.94	-65.02	16.89
8633.40	-65.86	-19.06
8665.98	-66.16	-49.87
8698.68	-65.82	-81.79
8731.51	-65.24	-121.31
8764.46	-64.81	-157.96
8797.53	-64.74	162.93
8830.73	-63.93	125.31
8864.05	-64.13	85.39
8897.50	-64.52	50.05
8931.07	-65.10	16.80
8964.78	-65.07	-19.28
8998.61	-65.56	-55.04
9032.56	-66.09	-89.77
9066.65	-65.26	-124.60
9100.86	-64.33	-161.13
9135.20	-62.79	156.18
9169.68	-61.77	113.11
9204.28	-62.30	65.32
9239.01	-63.37	25.99
9273.88	-63.38	-11.20
9308.87	-63.56	-50.45
9344.00	-64.53	-97.25
9379.26	-66.02	-122.84
9414.65	-63.60	-161.08
9450.18	-62.88	152.79
9485.84	-62.88	112.07
9521.64	-62.87	64.72
9557.57	-63.62	27.36
9593.64	-63.62	-16.12
9629.84	-64.53	-59.39
9666.18	-65.62	-105.80
9702.65	-66.98	-148.68
9739.27	-67.55	-177.84
9776.02	-66.11	141.48
9812.91	-66.77	96.05
9849.94	-67.54	62.79
9887.11	-67.48	21.35
9924.42	-68.52	-15.94
9961.87	-68.98	-51.82
9999.46	-68.51	-99.17
10037.19	-69.86	-142.97
10075.07	-70.18	-179.98
10113.09	-68.64	140.36
10151.25	-69.22	100.85
10189.55	-69.94	69.25
10228.01	-68.31	37.95
10266.60	-68.68	-4.60
10305.34	-67.83	-41.52
10344.23	-67.59	-93.75
10383.27	-67.26	-147.64
10422.45	-68.56	171.20
10461.78	-67.16	128.57
10501.26	-67.75	79.96
10540.88	-68.79	55.19
10580.66	-67.18	18.47
10620.59	-66.45	-29.85
10660.66	-66.35	-76.55
10700.89	-65.42	-127.46
10741.27	-65.19	176.48
10781.81	-65.70	128.55
10822.49	-65.63	77.45
10863.33	-67.62	39.62
10904.33	-67.97	8.63
10945.47	-67.00	-38.71
10986.78	-67.01	-86.16
11028.24	-66.36	-139.96
11069.85	-65.75	163.30
11111.63	-66.83	111.59
11153.56	-67.59	69.88
11195.64	-68.22	23.36
11237.89	-69.57	-14.41
11280.30	-69.46	-55.17
11322.87	-69.65	-110.66
11365.59	-70.67	-157.67
11408.48	-69.45	155.43
11451.53	-69.18	107.25
11494.75	-69.34	67.63
11538.12	-68.78	17.37
11581.66	-71.10	-30.97
11625.37	-71.22	-69.03
11669.24	-71.32	-130.49
11713.27	-71.73	-168.15
11757.47	-70.31	142.61
11801.84	-68.82	91.94
11846.37	-69.57	45.86
11891.08	-70.10	-9.49
11935.95	-72.58	-52.69
11980.99	-72.24	-100.09
12026.20	-72.99	-163.06
12071.58	-72.96	156.53
12117.14	-70.76	112.82
12162.86	-70.30	62.65
12208.76	-71.23	12.11
12254.83	-72.68	-35.98
12301.07	-74.10	-81.39
12347.49	-72.36	-133.87
12394.08	-72.81	165.71
12440.85	-71.14	118.71
12487.80	-70.37	68.75
12534.92	-72.21	16.07
12582.23	-73.12	-26.98
12629.71	-73.95	-69.92
12677.37	-73.16	-123.26
12725.20	-72.08	170.81
12773.22	-71.80	119.95
12821.42	-71.11	68.43
12869.81	-71.82	24.68
12918.37	-72.03	-18.37
12967.12	-72.51	-78.78
13016.05	-72.15	-141.47
13065.17	-70.67	157.52
13114.47	-71.01	97.76
13163.96	-71.03	50.37
13213.64	-72.54	-2.55
13263.50	-74.99	-50.67
13313.55	-74.10	-106.51
13363.79	-74.81	-169.44
13414.22	-73.20	139.38
13464.84	-72.94	91.15
13515.65	-71.87	47.88
13566.65	-72.64	-9.43
13617.84	-73.59	-63.90
13669.23	-74.43	-131.58
13720.81	-74.20	168.28
13772.59	-72.75	120.53
13824.56	-71.24	64.76
13876.73	-71.36	11.01
13929.09	-73.29	-48.89
13981.66	-74.00	-114.14
14034.42	-74.72	-176.16
14087.38	-73.17	138.46
14140.54	-71.04	83.23
14193.90	-70.64	26.69
14247.46	-71.70	-36.23
14301.22	-73.14	-101.17
14355.19	-74.28	-170.77
14409.36	-72.81	141.18
14463.73	-70.75	82.26
14518.31	-70.80	30.23
14573.10	-72.09	-34.44
14628.09	-73.33	-96.25
14683.29	-73.68	-163.59
14738.70	-72.72	138.46
14794.32	-71.49	78.27
14850.15	-71.77	25.79
14906.18	-72.23	-34.01
14962.43	-73.56	-100.77
15018.90	-73.06	-168.88
15075.57	-71.48	127.22
15132.46	-71.13	64.05
15189.56	-72.38	11.95
15246.88	-72.69	-49.24
15304.42	-73.71	-116.45
15362.17	-72.34	171.18
15420.14	-71.29	102.53
15478.33	-72.26	46.98
15536.74	-73.13	-6.60
15595.37	-73.15	-68.36
15654.22	-73.82	-148.39
15713.29	-72.82	142.73
15772.58	-72.16	77.30
15832.10	-72.68	22.23
15891.85	-73.92	-37.67
15951.81	-74.87	-106.39
16012.01	-74.56	175.66
16072.43	-72.52	114.37
16133.08	-72.07	48.50
16193.96	-73.10	-5.71
16255.07	-74.80	-76.99
16316.41	-74.95	-150.95
16377.98	-73.94	137.00
16439.79	-71.91	76.85
16501.82	-72.46	16.34
16564.09	-73.41	-56.76
16626.60	-76.81	-137.18
16689.34	-73.94	151.82
16752.32	-73.27	93.53
16815.54	-72.47	32.73
16878.99	-73.46	-34.29
16942.69	-75.98	-117.91
17006.62	-74.82	168.96
17070.79	-73.17	103.64
17135.21	-71.70	42.48
17199.87	-72.54	-28.07
17264.78	-73.86	-105.58
17329.93	-73.68	175.78
17395.32	-71.88	102.71
17460.97	-71.75	40.39
17526.86	-72.10	-30.01
17593.00	-74.30	-108.97
17659.38	-72.72	163.37
17726.02	-71.64	91.69
17792.91	-72.17	25.48
17860.06	-72.99	-42.54
17927.45	-75.13	-126.32
17995.10	-73.08	152.20
18063.01	-72.05	80.25
18131.17	-72.35	13.27
18199.59	-73.75	-62.31
18268.27	-74.83	-147.96
18337.21	-72.22	128.92
18406.40	-72.09	60.83
18475.86	-72.65	-11.51
18545.58	-74.38	-89.09
18615.56	-74.68	173.08
18685.81	-72.30	98.68
18756.32	-72.59	29.21
18827.10	-74.83	-48.30
18898.15	-76.38	-138.60
18969.46	-74.97	133.42
19041.04	-73.48	64.58
19112.90	-74.65	-8.55
19185.02	-78.23	-88.58
19257.42	-77.25	169.68
19330.09	-76.16	92.44
19403.03	-75.84	28.33
19476.25	-78.50	-43.69
19549.74	-80.64	-150.74
19623.51	-77.88	118.70
19697.56	-76.36	55.23
19771.89	-78.54	-10.06
19846.51	-82.57	-110.69
19921.40	-50.45	77.40
19996.57	-78.94	78.82
20072.03	-79.38	22.32
20147.78	-83.84	-60.52
20223.80	-84.72	161.35
20300.12	-80.88	98.56
20376.72	-80.72	48.68
20453.62	-83.29	-1.63
20530.80	-87.81	-128.63
20608.28	-82.71	117.63
20686.04	-79.99	65.03
20764.10	-80.93	9.87
20842.46	-87.60	174.47
20921.11	-84.27	126.00
21000.06	-80.18	73.20
21079.30	-81.12	22.31
21158.85	-85.63	-84.26
21238.69	-83.54	139.09
21318.84	-79.82	72.87
21399.29	-81.91	25.81
21480.04	-88.25	-31.90
21561.09	-85.64	129.98
21642.46	-80.07	67.96
21724.12	-82.59	25.61
21806.10	-88.17	-162.87
21888.39	-83.15	101.23
21970.99	-81.87	54.84
22053.89	-84.84	45.16
22137.12	-88.28	-145.00
22220.65	-83.33	76.56
22304.50	-82.82	47.57
