Freq[Hz]	[dBV]	Phase[Deg]
10.00	-67.80	9.66
10.04	-67.71	8.87
10.08	-67.63	8.04
10.11	-67.54	7.17
10.15	-67.45	6.27
10.19	-67.35	5.33
10.23	-67.26	4.35
10.27	-67.16	3.33
10.31	-67.06	2.28
10.34	-66.95	1.19
10.38	-66.85	0.07
10.42	-66.74	-1.08
10.46	-66.63	-2.28
10.50	-66.52	-3.50
10.54	-66.40	-4.76
10.58	-66.29	-6.06
10.62	-66.17	-7.39
10.66	-66.05	-8.75
10.70	-65.93	-10.14
10.74	-65.81	-11.56
10.78	-65.69	-13.02
10.82	-65.56	-14.51
10.86	-65.44	-16.03
10.90	-65.31	-17.57
10.95	-65.18	-19.15
10.99	-65.05	-20.76
11.03	-64.92	-22.40
11.07	-64.79	-24.06
11.11	-64.66	-25.75
11.15	-64.53	-27.47
11.20	-64.40	-29.21
11.24	-64.27	-30.98
11.28	-64.14	-32.78
11.32	-64.00	-34.59
11.37	-63.87	-36.44
11.41	-63.74	-38.30
11.45	-63.61	-40.19
11.50	-63.48	-42.10
11.54	-63.35	-44.03
11.58	-63.23	-45.97
11.63	-63.10	-47.94
11.67	-62.97	-49.93
11.71	-62.85	-51.93
11.76	-62.73	-53.95
11.80	-62.61	-55.99
11.85	-62.49	-58.04
11.89	-62.37	-60.10
11.94	-62.26	-62.17
11.98	-62.15	-64.25
12.03	-62.04	-66.35
12.07	-61.93	-68.45
12.12	-61.83	-70.55
12.16	-61.73	-72.66
12.21	-61.63	-74.78
12.26	-61.53	-76.89
12.30	-61.44	-79.01
12.35	-61.36	-81.12
12.39	-61.27	-83.23
12.44	-61.19	-85.34
12.49	-61.12	-87.44
12.54	-61.05	-89.53
12.58	-60.98	-91.61
12.63	-60.92	-93.68
12.68	-60.86	-95.74
12.73	-60.81	-97.78
12.77	-60.76	-99.80
12.82	-60.72	-101.80
12.87	-60.68	-103.78
12.92	-60.65	-105.74
12.97	-60.63	-107.67
13.02	-60.61	-109.58
13.07	-60.60	-111.46
13.12	-60.60	-113.30
13.16	-60.60	-115.11
13.21	-60.61	-116.88
13.26	-60.63	-118.61
13.31	-60.66	-120.30
13.36	-60.69	-121.95
13.41	-60.74	-123.55
13.47	-60.79	-125.11
13.52	-60.85	-126.61
13.57	-60.92	-128.05
13.62	-61.00	-129.44
13.67	-61.08	-130.77
13.72	-61.18	-132.04
13.77	-61.29	-133.24
13.83	-61.41	-134.38
13.88	-61.54	-135.44
13.93	-61.68	-136.43
13.98	-61.83	-137.34
14.04	-62.00	-138.17
14.09	-62.17	-138.92
14.14	-62.36	-139.58
14.19	-62.56	-140.15
14.25	-62.78	-140.63
14.30	-63.01	-141.00
14.36	-63.25	-141.28
14.41	-63.50	-141.46
14.46	-63.78	-141.52
14.52	-64.06	-141.48
14.57	-64.36	-141.32
14.63	-64.68	-141.04
14.68	-65.01	-140.64
14.74	-65.36	-140.11
14.80	-65.72	-139.47
14.85	-66.10	-138.70
14.91	-66.49	-137.81
14.96	-66.90	-136.81
15.02	-67.32	-135.70
15.08	-67.75	-134.47
15.13	-68.19	-133.13
15.19	-68.64	-131.68
15.25	-69.11	-130.13
15.31	-69.58	-128.47
15.36	-70.06	-126.72
15.42	-70.55	-124.86
15.48	-71.05	-122.90
15.54	-71.55	-120.86
15.60	-72.06	-118.72
15.66	-72.58	-116.49
15.71	-73.09	-114.17
15.77	-73.61	-111.77
15.83	-74.14	-109.30
15.89	-74.66	-106.74
15.95	-75.19	-104.11
16.01	-75.71	-101.41
16.07	-76.24	-98.64
16.13	-76.76	-95.80
16.19	-77.28	-92.91
16.26	-77.79	-89.95
16.32	-78.30	-86.95
16.38	-78.80	-83.89
16.44	-79.29	-80.78
16.50	-79.78	-77.63
16.56	-80.25	-74.44
16.63	-80.72	-71.22
16.69	-81.17	-67.96
16.75	-81.61	-64.68
16.82	-82.03	-61.37
16.88	-82.44	-58.05
16.94	-82.83	-54.71
17.01	-83.21	-51.37
17.07	-83.56	-48.02
17.14	-83.89	-44.67
17.20	-84.20	-41.32
17.27	-84.48	-37.99
17.33	-84.74	-34.67
17.40	-84.98	-31.37
17.46	-85.18	-28.09
17.53	-85.35	-24.85
17.59	-85.49	-21.65
17.66	-85.60	-18.49
17.73	-85.68	-15.37
17.79	-85.73	-12.30
17.86	-85.74	-9.27
17.93	-85.73	-6.30
18.00	-85.69	-3.38
18.06	-85.62	-0.51
18.13	-85.52	2.31
18.20	-85.40	5.06
18.27	-85.25	7.75
18.34	-85.08	10.38
18.41	-84.88	12.95
18.48	-84.66	15.45
18.55	-84.42	17.88
18.62	-84.16	20.23
18.69	-83.89	22.51
18.76	-83.59	24.72
18.83	-83.28	26.84
18.90	-82.95	28.88
18.97	-82.61	30.84
19.04	-82.25	32.71
19.11	-81.88	34.49
19.19	-81.50	36.18
19.26	-81.12	37.77
19.33	-80.72	39.26
19.40	-80.32	40.65
19.48	-79.91	41.94
19.55	-79.50	43.11
19.62	-79.09	44.18
19.70	-78.67	45.13
19.77	-78.26	45.97
19.85	-77.85	46.69
19.92	-77.45	47.28
20.00	-77.05	47.74
20.07	-76.65	48.08
20.15	-76.27	48.28
20.22	-75.90	48.34
20.30	-75.54	48.27
20.38	-75.20	48.04
20.45	-74.87	47.68
20.53	-74.56	47.15
20.61	-74.27	46.48
20.69	-74.00	45.65
20.77	-73.75	44.67
20.84	-73.53	43.53
20.92	-73.32	42.25
21.00	-73.13	40.82
21.08	-72.97	39.24
21.16	-72.83	37.52
21.24	-72.71	35.65
21.32	-72.61	33.63
21.40	-72.53	31.47
21.48	-72.48	29.18
21.56	-72.45	26.74
21.64	-72.44	24.17
21.73	-72.46	21.46
21.81	-72.50	18.61
21.89	-72.56	15.64
21.97	-72.65	12.53
22.06	-72.76	9.30
22.14	-72.90	5.93
22.22	-73.06	2.45
22.31	-73.25	-1.16
22.39	-73.46	-4.89
22.47	-73.70	-8.74
22.56	-73.96	-12.70
22.64	-74.26	-16.78
22.73	-74.57	-20.97
22.82	-74.92	-25.26
22.90	-75.29	-29.67
22.99	-75.69	-34.17
23.07	-76.12	-38.78
23.16	-76.57	-43.48
23.25	-77.06	-48.28
23.34	-77.57	-53.17
23.43	-78.11	-58.15
23.51	-78.68	-63.22
23.60	-79.28	-68.36
23.69	-79.91	-73.57
23.78	-80.55	-78.85
23.87	-81.22	-84.18
23.96	-81.90	-89.56
24.05	-82.60	-94.97
24.14	-83.32	-100.41
24.23	-84.04	-105.87
24.32	-84.77	-111.33
24.42	-85.51	-116.80
24.51	-86.24	-122.25
24.60	-86.98	-127.69
24.69	-87.71	-133.09
24.79	-88.43	-138.45
24.88	-89.14	-143.76
24.97	-89.84	-149.01
25.07	-90.53	-154.18
25.16	-91.19	-159.26
25.26	-91.83	-164.25
25.35	-92.44	-169.12
25.45	-93.02	-173.88
25.54	-93.57	-178.50
25.64	-94.08	177.03
25.74	-94.55	172.72
25.84	-94.97	168.58
25.93	-95.34	164.63
26.03	-95.66	160.88
26.13	-95.93	157.35
26.23	-96.13	154.05
26.33	-96.26	150.99
26.43	-96.32	148.19
26.53	-96.32	145.64
26.63	-96.24	143.35
26.73	-96.11	141.29
26.83	-95.91	139.44
26.93	-95.66	137.81
27.03	-95.35	136.37
27.13	-95.00	135.10
27.23	-94.61	134.00
27.34	-94.17	133.05
27.44	-93.70	132.23
27.54	-93.20	131.54
27.65	-92.66	130.94
27.75	-92.11	130.43
27.86	-91.54	129.99
27.96	-90.96	129.59
28.07	-90.37	129.24
28.17	-89.77	128.90
28.28	-89.18	128.56
28.39	-88.59	128.19
28.49	-88.02	127.79
28.60	-87.46	127.32
28.71	-86.93	126.78
28.82	-86.43	126.13
28.93	-85.96	125.37
29.03	-85.53	124.46
29.14	-85.15	123.38
29.25	-84.83	122.12
29.36	-84.56	120.64
29.48	-84.35	118.96
29.59	-84.20	117.07
29.70	-84.11	115.00
29.81	-84.06	112.75
29.92	-84.06	110.34
30.04	-84.11	107.77
30.15	-84.20	105.08
30.26	-84.33	102.26
30.38	-84.49	99.33
30.49	-84.68	96.31
30.61	-84.90	93.21
30.72	-85.14	90.04
30.84	-85.40	86.83
30.95	-85.68	83.59
31.07	-85.97	80.33
31.19	-86.26	77.07
31.31	-86.56	73.83
31.42	-86.86	70.63
31.54	-87.15	67.48
31.66	-87.43	64.40
31.78	-87.70	61.41
31.90	-87.95	58.54
32.02	-88.17	55.79
32.14	-88.37	53.19
32.26	-88.53	50.76
32.39	-88.65	48.51
32.51	-88.73	46.42
32.63	-88.79	44.49
32.75	-88.80	42.70
32.88	-88.79	41.03
33.00	-88.75	39.48
33.13	-88.67	38.02
33.25	-88.57	36.65
33.38	-88.45	35.34
33.50	-88.30	34.08
33.63	-88.12	32.87
33.76	-87.93	31.67
33.88	-87.72	30.47
34.01	-87.49	29.26
34.14	-87.25	28.01
34.27	-86.99	26.72
34.40	-86.73	25.36
34.53	-86.45	23.91
34.66	-86.17	22.35
34.79	-85.88	20.67
34.92	-85.59	18.85
35.05	-85.30	16.86
35.18	-85.01	14.68
35.32	-84.73	12.31
35.45	-84.45	9.77
35.58	-84.17	7.11
35.72	-83.91	4.35
35.85	-83.65	1.54
35.99	-83.41	-1.30
36.12	-83.18	-4.12
36.26	-82.96	-6.89
36.40	-82.76	-9.56
36.53	-82.58	-12.11
36.67	-82.42	-14.47
36.81	-82.28	-16.63
36.95	-82.16	-18.52
37.09	-82.07	-20.11
37.23	-82.00	-21.36
37.37	-81.96	-22.21
37.51	-81.95	-22.62
37.65	-81.98	-22.55
37.79	-82.03	-21.94
37.94	-82.13	-20.75
38.08	-82.26	-18.92
38.22	-82.43	-16.42
38.37	-82.64	-13.28
38.51	-82.89	-9.53
38.66	-83.15	-5.24
38.80	-83.44	-0.44
38.95	-83.75	4.80
39.10	-84.07	10.44
39.24	-84.40	16.43
39.39	-84.73	22.71
39.54	-85.06	29.22
39.69	-85.38	35.91
39.84	-85.68	42.71
39.99	-85.97	49.58
40.14	-86.23	56.45
40.29	-86.45	63.25
40.45	-86.64	69.93
40.60	-86.79	76.41
40.75	-86.88	82.64
40.90	-86.92	88.53
41.06	-86.89	94.03
41.21	-86.80	99.09
41.37	-86.64	103.71
41.53	-86.43	107.90
41.68	-86.18	111.68
41.84	-85.88	115.04
42.00	-85.54	118.01
42.16	-85.17	120.58
42.32	-84.79	122.78
42.47	-84.39	124.62
42.63	-83.98	126.09
42.80	-83.57	127.23
42.96	-83.16	128.03
43.12	-82.77	128.51
43.28	-82.41	128.68
43.45	-82.07	128.56
43.61	-81.77	128.15
43.77	-81.53	127.48
43.94	-81.33	126.55
44.10	-81.20	125.39
44.27	-81.13	124.06
44.44	-81.12	122.61
44.61	-81.16	121.12
44.77	-81.25	119.65
44.94	-81.39	118.29
45.11	-81.57	117.09
45.28	-81.78	116.13
45.45	-82.03	115.49
45.63	-82.31	115.26
45.80	-82.61	115.49
45.97	-82.93	116.28
46.14	-83.27	117.71
46.32	-83.61	119.87
46.49	-83.96	122.84
46.67	-84.31	126.70
46.84	-84.66	131.55
47.02	-84.99	137.46
47.20	-85.31	144.42
47.38	-85.60	152.33
47.56	-85.87	161.14
47.74	-86.11	170.76
47.92	-86.31	-178.88
48.10	-86.46	-167.87
48.28	-86.57	-156.28
48.46	-86.63	-144.20
48.64	-86.62	-131.72
48.83	-86.54	-118.91
49.01	-86.40	-105.88
49.20	-86.17	-92.72
49.38	-85.86	-79.50
49.57	-85.46	-66.35
49.75	-84.95	-53.34
49.94	-84.35	-40.58
50.13	-83.64	-28.10
50.32	-82.86	-15.88
50.51	-82.02	-3.92
50.70	-81.13	7.78
50.89	-80.22	19.23
51.08	-79.31	30.44
51.28	-78.40	41.42
51.47	-77.53	52.17
51.66	-76.72	62.70
51.86	-75.97	73.03
52.05	-75.33	83.15
52.25	-74.80	93.08
52.45	-74.40	102.82
52.65	-74.17	112.39
52.85	-74.12	121.78
53.04	-74.25	130.99
53.24	-74.52	139.93
53.45	-74.92	148.54
53.65	-75.40	156.78
53.85	-75.93	164.55
54.05	-76.49	171.80
54.26	-77.04	178.46
54.46	-77.54	-175.54
54.67	-77.96	-170.27
54.87	-78.27	-165.82
55.08	-78.43	-162.25
55.29	-78.39	-159.65
55.50	-78.14	-158.08
55.71	-77.62	-157.64
55.92	-76.81	-158.35
56.13	-75.76	-160.11
56.34	-74.50	-162.84
56.55	-73.08	-166.40
56.77	-71.53	-170.70
56.98	-69.91	-175.61
57.19	-68.26	178.97
57.41	-66.62	173.18
57.63	-65.05	167.13
57.84	-63.58	160.96
58.06	-62.28	154.78
58.28	-61.18	148.74
58.50	-60.35	142.96
58.72	-59.84	137.59
58.94	-59.64	132.63
59.17	-59.73	128.01
59.39	-60.09	123.67
59.61	-60.68	119.52
59.84	-61.46	115.48
60.06	-62.41	111.47
60.29	-63.50	107.41
60.52	-64.69	103.20
60.75	-65.94	98.77
60.98	-67.22	94.03
61.21	-68.49	88.88
61.44	-69.72	83.22
61.67	-70.87	76.98
61.90	-71.92	70.21
62.14	-72.88	63.05
62.37	-73.74	55.66
62.61	-74.51	48.22
62.84	-75.18	40.87
63.08	-75.77	33.79
63.32	-76.26	27.16
63.56	-76.67	21.14
63.80	-76.98	15.92
64.04	-77.20	11.69
64.28	-77.34	8.63
64.52	-77.40	6.93
64.76	-77.36	6.68
65.01	-77.25	7.77
65.25	-77.06	10.06
65.50	-76.79	13.43
65.75	-76.45	17.72
66.00	-76.04	22.80
66.24	-75.57	28.53
66.49	-75.03	34.74
66.75	-74.44	41.29
67.00	-73.79	48.02
67.25	-73.09	54.77
67.50	-72.35	61.38
67.76	-71.56	67.70
68.01	-70.74	73.62
68.27	-69.89	79.03
68.53	-69.02	83.81
68.79	-68.13	87.83
69.05	-67.22	90.97
69.31	-66.32	93.10
69.57	-65.42	94.10
69.83	-64.52	93.83
70.09	-63.65	92.15
70.36	-62.79	88.94
70.62	-61.97	84.13
70.89	-61.19	77.85
71.16	-60.44	70.28
71.43	-59.75	61.59
71.70	-59.10	51.96
71.97	-58.51	41.57
72.24	-57.99	30.60
72.51	-57.53	19.24
72.79	-57.15	7.70
73.06	-56.85	-3.84
73.34	-56.64	-15.17
73.61	-56.52	-26.14
73.89	-56.49	-36.68
74.17	-56.54	-46.73
74.45	-56.68	-56.23
74.73	-56.90	-65.11
75.01	-57.20	-73.30
75.29	-57.58	-80.75
75.58	-58.04	-87.37
75.86	-58.57	-93.11
76.15	-59.17	-97.88
76.44	-59.84	-101.64
76.73	-60.57	-104.41
77.02	-61.33	-106.25
77.31	-62.11	-107.24
77.60	-62.89	-107.42
77.89	-63.66	-106.88
78.18	-64.39	-105.67
78.48	-65.07	-103.86
78.78	-65.68	-101.53
79.07	-66.19	-98.75
79.37	-66.59	-95.60
79.67	-66.90	-92.18
79.97	-67.17	-88.62
80.27	-67.42	-85.05
80.58	-67.68	-81.60
80.88	-68.01	-78.39
81.19	-68.42	-75.57
81.49	-68.96	-73.27
81.80	-69.68	-71.63
82.11	-70.60	-70.80
82.42	-71.74	-70.83
82.73	-73.02	-71.64
83.04	-74.36	-73.09
83.35	-75.70	-75.07
83.67	-76.95	-77.44
83.99	-78.02	-80.08
84.30	-78.83	-82.85
84.62	-79.29	-85.62
84.94	-79.32	-88.25
85.26	-78.85	-90.60
85.58	-77.95	-92.54
85.90	-76.73	-93.96
86.23	-75.31	-94.73
86.55	-73.80	-94.71
86.88	-72.32	-93.78
87.21	-71.00	-91.81
87.54	-69.95	-88.65
87.87	-69.31	-84.18
88.20	-69.18	-78.33
88.53	-69.50	-71.51
88.87	-70.17	-64.25
89.20	-71.10	-57.12
89.54	-72.17	-50.69
89.88	-73.28	-45.54
90.22	-74.32	-42.26
90.56	-75.18	-41.47
90.90	-75.74	-43.79
91.24	-75.94	-49.45
91.59	-75.81	-57.87
91.93	-75.43	-68.37
92.28	-74.85	-80.22
92.63	-74.12	-92.70
92.98	-73.32	-105.06
93.33	-72.50	-116.54
93.68	-71.73	-126.37
94.03	-71.06	-133.83
94.39	-70.53	-138.93
94.74	-70.15	-142.00
95.10	-69.90	-143.36
95.46	-69.82	-143.36
95.82	-69.89	-142.36
96.18	-70.13	-140.70
96.54	-70.55	-138.76
96.91	-71.15	-136.91
97.27	-71.91	-135.32
97.64	-72.78	-134.06
98.01	-73.70	-133.18
98.38	-74.63	-132.76
98.75	-75.52	-132.84
99.12	-76.31	-133.49
99.50	-76.95	-134.78
99.87	-77.38	-136.75
100.25	-77.61	-139.23
100.63	-77.67	-141.90
101.01	-77.57	-144.46
101.39	-77.36	-146.58
101.77	-77.06	-147.92
102.16	-76.71	-148.16
102.54	-76.33	-146.95
102.93	-75.95	-144.09
103.32	-75.60	-140.01
103.71	-75.29	-135.29
104.10	-75.04	-130.55
104.49	-74.88	-126.39
104.88	-74.83	-123.46
105.28	-74.90	-122.39
105.68	-75.11	-123.81
106.08	-75.45	-127.62
106.48	-75.84	-133.01
106.88	-76.22	-139.14
107.28	-76.53	-145.13
107.69	-76.69	-150.11
108.09	-76.63	-153.15
108.50	-76.27	-153.33
108.91	-75.61	-150.28
109.32	-74.74	-144.70
109.73	-73.77	-137.47
110.15	-72.82	-129.45
110.56	-72.01	-121.54
110.98	-71.45	-114.66
111.40	-71.28	-109.75
111.82	-71.54	-107.43
112.24	-72.12	-107.55
112.67	-72.89	-109.82
113.09	-73.69	-113.95
113.52	-74.37	-119.63
113.95	-74.79	-126.55
114.38	-74.79	-134.40
114.81	-74.31	-142.84
115.24	-73.47	-151.47
115.68	-72.42	-159.88
116.11	-71.30	-167.65
116.55	-70.26	-174.36
116.99	-69.46	-179.56
117.43	-69.04	177.16
117.87	-69.05	175.85
118.32	-69.40	176.21
118.77	-70.01	177.91
119.21	-70.80	-179.38
119.66	-71.67	-176.00
120.12	-72.56	-172.30
120.57	-73.37	-168.59
121.02	-74.11	-165.12
121.48	-74.77	-162.07
121.94	-75.35	-159.66
122.40	-75.88	-158.08
122.86	-76.34	-157.57
123.32	-76.74	-158.31
123.79	-77.09	-160.16
124.26	-77.36	-162.70
124.73	-77.54	-165.49
125.20	-77.62	-168.09
125.67	-77.59	-170.03
126.14	-77.43	-170.87
126.62	-77.14	-170.55
127.10	-76.74	-169.69
127.58	-76.26	-168.93
128.06	-75.72	-168.95
128.54	-75.15	-170.45
129.03	-74.58	-174.12
129.51	-74.04	179.80
130.00	-73.57	172.03
130.49	-73.21	163.44
130.98	-73.02	154.89
131.48	-73.05	147.28
131.98	-73.33	141.52
132.47	-73.89	138.03
132.97	-74.66	136.35
133.48	-75.58	135.89
133.98	-76.59	136.08
134.48	-77.60	136.29
134.99	-78.55	135.94
135.50	-79.37	134.66
136.01	-79.95	132.41
136.53	-80.22	129.16
137.04	-80.07	124.86
137.56	-79.41	119.50
138.08	-78.17	113.07
138.60	-76.54	106.05
139.12	-74.87	99.13
139.65	-73.50	93.03
140.17	-72.77	88.50
140.70	-73.07	86.29
141.23	-74.54	86.68
141.77	-76.81	88.65
142.30	-79.40	90.98
142.84	-81.81	92.38
143.38	-83.55	91.57
143.92	-84.14	87.39
144.46	-83.66	80.54
145.01	-82.53	73.02
145.55	-81.19	66.85
146.10	-80.08	64.11
146.65	-79.65	66.90
147.21	-80.09	75.67
147.76	-81.10	87.99
148.32	-82.31	101.10
148.88	-83.36	112.21
149.44	-83.89	118.43
150.01	-83.65	117.63
150.57	-82.84	110.40
151.14	-81.77	97.98
151.71	-80.75	81.62
152.28	-80.11	62.59
152.86	-80.10	42.22
153.43	-80.63	21.95
154.01	-81.47	3.28
154.59	-82.38	-12.25
155.18	-83.12	-23.07
155.76	-83.49	-28.02
156.35	-83.50	-28.90
156.94	-83.25	-28.72
157.53	-82.85	-30.60
158.13	-82.41	-37.71
158.72	-82.03	-52.56
159.32	-81.70	-73.35
159.93	-81.38	-96.64
160.53	-81.02	-118.91
161.13	-80.59	-136.58
161.74	-80.06	-146.90
162.35	-79.56	-150.80
162.97	-79.25	-150.19
163.58	-79.28	-147.00
164.20	-79.81	-143.21
164.82	-80.86	-140.19
165.44	-82.08	-137.91
166.06	-83.11	-136.19
166.69	-83.55	-134.82
167.32	-83.02	-133.62
167.95	-81.56	-132.87
168.58	-79.64	-133.32
169.22	-77.76	-135.73
169.86	-76.42	-140.92
170.50	-75.99	-149.38
171.14	-76.17	-160.02
171.79	-76.39	-171.16
172.44	-76.08	178.92
173.09	-74.66	171.92
173.74	-72.16	167.90
174.40	-69.46	164.43
175.06	-67.55	158.83
175.72	-67.45	148.38
176.38	-69.91	131.28
177.04	-74.26	111.18
177.71	-79.30	93.66
178.38	-83.84	84.42
179.06	-86.66	89.01
179.73	-87.46	106.78
180.41	-86.84	130.95
181.09	-85.45	154.32
181.77	-83.94	169.53
182.46	-82.76	172.30
183.15	-81.86	165.62
183.84	-81.13	153.56
184.53	-80.45	140.30
185.23	-79.70	129.58
185.93	-78.93	122.74
186.63	-78.21	120.42
187.33	-77.59	123.30
188.04	-77.14	131.62
188.75	-76.76	142.25
189.46	-76.29	150.28
190.18	-75.55	150.67
190.90	-74.41	138.79
191.62	-73.07	116.54
192.34	-71.99	90.32
193.07	-71.65	66.77
193.79	-72.51	52.31
194.53	-74.38	47.97
195.26	-76.60	50.44
196.00	-78.47	56.24
196.74	-79.32	61.94
197.48	-79.14	66.12
198.22	-78.38	68.99
198.97	-77.56	70.76
199.72	-77.14	71.61
200.48	-77.15	70.89
201.23	-77.31	67.41
201.99	-77.34	59.96
202.75	-76.99	47.66
203.52	-76.30	32.56
204.29	-75.47	18.05
205.06	-74.69	7.64
205.83	-74.15	3.73
206.61	-74.02	3.82
207.39	-74.47	3.96
208.17	-75.68	0.15
208.96	-77.63	-8.80
209.74	-79.85	-17.70
210.54	-81.79	-20.38
211.33	-82.91	-10.82
212.13	-83.14	10.13
212.93	-82.86	34.52
213.73	-82.47	53.90
214.54	-82.34	60.85
215.35	-82.39	56.23
216.16	-82.39	44.39
216.98	-82.08	29.76
217.80	-81.36	15.29
218.62	-80.48	0.57
219.44	-79.71	-15.25
220.27	-79.36	-32.89
221.10	-79.68	-51.43
221.94	-80.88	-68.77
222.77	-83.22	-82.75
223.61	-86.62	-91.78
224.46	-90.25	-95.82
225.30	-93.14	-95.12
226.15	-94.36	-90.18
227.01	-93.91	-84.44
227.86	-92.42	-83.31
228.72	-90.50	-92.33
229.59	-88.63	-113.24
230.45	-86.88	-140.00
231.32	-85.33	-165.50
232.20	-83.99	176.40
233.07	-82.92	165.05
233.95	-82.11	157.18
234.84	-81.61	149.53
235.72	-81.45	141.40
236.61	-81.73	134.51
237.50	-82.52	130.71
238.40	-83.68	130.87
239.30	-84.60	133.66
240.20	-84.58	137.42
241.11	-83.11	140.46
242.02	-80.52	140.97
242.93	-77.41	137.06
243.85	-74.38	127.04
244.77	-72.04	111.13
245.69	-70.98	90.55
246.62	-71.79	66.71
247.55	-74.10	43.21
248.48	-76.73	25.62
249.42	-78.49	19.46
250.36	-78.98	24.16
251.31	-78.82	31.46
252.26	-78.71	32.53
253.21	-78.99	24.24
254.16	-79.43	12.85
255.12	-79.72	5.62
256.09	-79.69	5.57
257.05	-79.45	7.33
258.02	-79.13	4.39
259.00	-79.01	-5.81
259.97	-79.63	-17.24
260.95	-81.58	-22.62
261.94	-84.85	-18.81
262.93	-88.10	-11.82
263.92	-89.84	-8.97
264.92	-89.31	-14.21
265.92	-87.42	-24.64
266.92	-85.24	-36.54
267.93	-83.58	-47.88
268.94	-82.78	-59.54
269.95	-83.12	-72.73
270.97	-84.41	-90.34
271.99	-85.78	-117.41
273.02	-86.39	-158.66
274.05	-86.18	151.87
275.08	-85.85	109.90
276.12	-86.05	90.12
277.16	-86.51	89.73
278.21	-86.39	95.39
279.26	-85.03	94.99
280.31	-83.03	85.21
281.37	-81.41	65.81
282.43	-80.81	39.02
283.50	-80.79	14.23
284.57	-80.70	2.11
285.64	-80.34	4.32
286.72	-80.17	9.16
287.80	-80.66	4.65
288.89	-81.59	-8.78
289.98	-82.24	-21.83
291.07	-82.06	-27.09
292.17	-81.30	-27.99
293.27	-80.50	-31.21
294.38	-80.02	-38.67
295.49	-79.98	-43.32
296.61	-80.44	-37.82
297.73	-81.08	-25.04
298.85	-81.31	-15.24
299.98	-80.72	-16.52
301.11	-79.57	-27.37
302.25	-78.31	-43.91
303.39	-77.36	-62.18
304.53	-77.02	-78.09
305.68	-77.54	-88.46
306.83	-78.60	-96.15
307.99	-79.67	-106.35
309.15	-80.37	-120.39
310.32	-80.54	-133.25
311.49	-80.16	-140.37
312.67	-79.97	-145.74
313.85	-81.10	-157.12
315.03	-83.72	-176.10
316.22	-86.35	166.28
317.41	-87.57	158.13
318.61	-87.21	154.63
319.81	-85.62	145.80
321.02	-83.44	129.13
322.23	-81.61	112.26
323.45	-80.88	101.03
324.67	-80.70	89.66
325.89	-80.28	69.69
327.12	-79.69	43.93
328.36	-79.80	24.83
329.60	-81.03	19.01
330.84	-82.69	18.22
332.09	-83.93	13.18
333.34	-84.22	3.19
334.60	-83.18	-8.84
335.86	-81.67	-20.39
337.13	-81.81	-29.36
338.40	-84.65	-36.32
339.68	-88.25	-48.52
340.96	-90.46	-70.05
342.25	-90.62	-79.53
343.54	-88.73	-48.53
344.83	-85.64	7.48
346.14	-82.99	37.93
347.44	-81.74	22.90
348.75	-81.74	-6.79
350.07	-82.66	-23.26
351.39	-83.87	-22.76
352.72	-84.62	-7.91
354.05	-83.89	8.54
355.38	-80.75	11.04
356.72	-76.63	-2.19
358.07	-74.49	-23.84
359.42	-74.99	-47.72
360.78	-76.33	-69.04
362.14	-77.83	-86.54
363.51	-80.89	-104.73
364.88	-85.67	-121.66
366.25	-88.77	-117.69
367.64	-87.47	-83.05
369.02	-83.83	-55.48
370.42	-81.00	-72.30
371.81	-81.94	-108.37
373.22	-88.47	-121.92
374.63	-94.75	-101.22
376.04	-92.67	-50.47
377.46	-84.47	-0.59
378.88	-77.76	6.47
380.31	-75.44	-25.99
381.75	-77.10	-65.61
383.19	-79.89	-92.90
384.63	-79.46	-99.44
386.09	-76.41	-95.88
387.54	-75.22	-106.86
389.00	-76.83	-130.67
390.47	-79.05	-143.71
391.95	-80.75	-145.62
393.43	-81.89	-155.68
394.91	-83.58	-170.88
396.40	-87.63	-170.18
397.90	-92.21	-153.29
399.40	-93.01	-135.64
400.90	-90.80	-117.88
402.42	-89.62	-91.91
403.94	-89.45	-72.41
405.46	-88.04	-82.85
406.99	-85.93	-101.12
408.53	-84.74	-90.28
410.07	-83.89	-69.31
411.61	-82.19	-71.37
413.17	-79.84	-88.51
414.73	-77.59	-105.68
416.29	-76.62	-126.60
417.86	-77.78	-152.96
419.44	-80.95	-171.57
421.02	-84.72	-172.40
422.61	-85.92	-155.01
424.21	-84.61	-133.35
425.81	-84.37	-134.73
427.41	-85.21	-162.24
429.03	-84.79	162.51
430.65	-84.66	161.03
432.27	-86.85	-138.30
433.90	-88.06	-86.18
435.54	-85.57	-93.97
437.18	-81.50	-106.57
438.83	-78.20	-98.43
440.49	-77.23	-101.20
442.15	-77.30	-118.67
443.82	-75.71	-133.76
445.49	-73.98	-145.27
447.18	-74.06	-156.43
448.86	-74.31	-164.84
450.56	-73.57	-170.09
452.26	-72.27	-176.11
453.96	-71.32	172.58
455.68	-71.49	153.27
457.40	-72.05	133.86
459.12	-72.48	119.28
460.85	-73.88	101.30
462.59	-77.65	89.44
464.34	-84.23	106.17
466.09	-87.56	132.39
467.85	-83.35	143.83
469.62	-78.76	148.46
471.39	-77.42	147.38
473.17	-77.52	132.53
474.95	-78.21	118.61
476.74	-78.82	118.44
478.54	-78.01	118.21
480.35	-76.80	104.35
482.16	-77.77	74.14
483.98	-80.19	60.75
485.81	-83.05	62.12
487.64	-86.38	16.04
489.48	-87.97	9.80
491.33	-86.53	124.13
493.18	-86.80	176.91
495.04	-87.70	141.86
496.91	-83.89	143.66
498.79	-80.04	142.09
500.67	-80.31	111.53
502.56	-83.34	102.99
504.45	-81.58	110.29
506.36	-78.88	94.18
508.27	-97.44	11.42
510.19	-106.67	-103.86
512.11	-82.87	170.34
514.04	-73.74	141.87
515.98	-78.44	136.41
517.93	-74.89	112.56
519.89	-72.89	92.30
521.85	-76.80	75.56
523.82	-82.36	61.77
525.79	-81.17	87.85
527.78	-76.66	111.50
529.77	-75.79	90.79
531.77	-76.88	85.90
533.78	-76.59	86.92
535.79	-74.44	71.57
537.81	-74.57	68.59
539.84	-75.07	68.74
541.88	-74.14	58.72
543.92	-73.78	44.88
545.98	-75.11	34.29
548.04	-75.93	33.34
550.10	-73.79	39.33
552.18	-74.05	26.73
554.26	-75.22	11.65
556.35	-73.97	12.82
558.45	-73.22	4.11
560.56	-73.71	-5.15
562.68	-75.38	-15.84
564.80	-78.23	-36.54
566.93	-81.28	-20.37
569.07	-79.50	-3.40
571.22	-76.38	-31.55
573.37	-84.77	-63.92
575.54	-85.77	-8.56
577.71	-78.39	45.29
579.89	-75.77	-3.71
582.08	-77.44	-25.50
584.27	-78.19	-27.59
586.48	-78.90	-35.70
588.69	-82.20	-35.78
590.91	-83.31	-9.37
593.14	-80.62	-4.90
595.38	-77.61	-20.10
597.63	-77.78	-23.58
599.88	-78.64	-30.64
602.15	-75.79	-51.77
604.42	-92.18	-68.18
606.70	-111.13	-48.15
608.99	-83.55	9.75
611.29	-70.32	38.60
613.59	-68.37	2.52
615.91	-66.13	-62.70
618.23	-69.96	-98.86
620.57	-75.89	-100.41
622.91	-79.48	-95.87
625.26	-79.71	-65.89
627.62	-76.52	-45.00
629.99	-72.77	-72.23
632.36	-73.58	-83.61
634.75	-72.08	-97.74
637.15	-71.81	-122.81
639.55	-75.28	-132.86
641.96	-77.83	-122.57
644.39	-76.70	-121.42
646.82	-77.55	-119.83
649.26	-77.86	-127.74
651.71	-75.45	-136.60
654.17	-74.24	-147.62
656.64	-77.15	-164.50
659.11	-79.43	-168.79
661.60	-79.71	-168.41
664.10	-89.34	173.33
666.60	-84.16	-143.60
669.12	-73.19	-119.08
671.64	-72.51	-158.61
674.18	-71.24	176.33
676.72	-72.59	135.77
679.28	-79.85	119.24
681.84	-87.45	65.46
684.41	-88.63	168.10
687.00	-81.81	-127.43
689.59	-79.60	167.24
692.19	-83.28	152.84
694.80	-81.85	-176.41
697.42	-81.07	-178.59
700.06	-79.08	179.42
702.70	-81.97	149.10
705.35	-77.55	-178.93
708.01	-76.67	155.77
710.68	-78.71	139.21
713.36	-76.84	150.84
716.06	-75.14	122.12
718.76	-76.06	94.12
721.47	-77.35	102.62
724.19	-79.99	96.37
726.93	-80.60	76.63
729.67	-78.64	73.53
732.42	-85.65	43.13
735.19	-88.22	152.54
737.96	-78.21	153.66
740.75	-75.80	90.71
743.54	-79.92	79.14
746.35	-79.73	58.38
749.16	-80.19	63.74
751.99	-85.29	61.16
754.83	-84.21	81.40
757.68	-79.33	81.49
760.54	-76.88	47.64
763.41	-78.21	22.99
766.29	-87.73	-36.70
769.18	-87.40	39.55
772.08	-81.61	114.87
774.99	-81.88	66.99
777.92	-78.50	40.26
780.85	-78.29	-2.42
783.80	-77.02	-16.84
786.76	-77.35	-55.07
789.73	-80.75	-84.89
792.71	-80.98	-86.60
795.70	-75.34	-124.98
798.70	-78.91	164.85
801.71	-88.31	-165.41
804.74	-76.93	158.40
807.78	-75.74	90.85
810.83	-80.16	17.85
813.88	-98.68	-3.19
816.96	-87.89	-83.31
820.04	-81.32	149.94
823.13	-77.24	105.56
826.24	-75.72	63.88
829.36	-76.41	19.37
832.49	-81.10	-36.72
835.63	-82.50	-82.78
838.78	-82.53	160.30
841.95	-84.30	117.66
845.12	-82.81	95.04
848.31	-79.95	89.83
851.51	-76.11	70.49
854.73	-73.31	48.82
857.95	-73.41	15.85
861.19	-74.60	-16.71
864.44	-75.43	-37.38
867.70	-82.58	-72.82
870.98	-86.67	-26.47
874.26	-83.28	-6.35
877.56	-81.01	-2.18
880.87	-80.92	-12.32
884.20	-78.21	1.55
887.53	-78.03	-35.12
890.88	-77.71	-58.13
894.25	-82.55	-51.80
897.62	-83.08	-58.68
901.01	-83.03	-47.18
904.41	-88.65	-58.07
907.82	-89.72	-58.54
911.25	-81.56	-22.16
914.68	-77.73	-44.74
918.14	-78.26	-61.25
921.60	-79.96	-87.65
925.08	-79.84	-95.73
928.57	-85.67	-76.55
932.07	-79.21	-53.83
935.59	-76.83	-78.85
939.12	-78.66	-71.56
942.67	-77.22	-86.62
946.22	-74.79	-97.11
949.79	-76.38	-126.01
953.38	-79.28	-111.62
956.97	-79.25	-124.17
960.59	-75.13	-110.53
964.21	-73.69	-136.96
967.85	-76.55	-166.17
971.50	-78.11	-123.36
975.17	-73.38	-153.20
978.85	-75.28	-174.94
982.54	-78.06	-168.95
986.25	-77.24	-156.15
989.97	-72.73	-167.70
993.71	-75.09	151.17
997.46	-76.12	178.12
1001.22	-73.50	164.89
1005.00	-72.67	145.42
1008.79	-72.64	119.44
1012.60	-79.13	108.78
1016.42	-83.09	76.48
1020.25	-76.69	152.84
1024.10	-76.23	132.08
1027.97	-74.54	108.96
1031.85	-76.96	85.83
1035.74	-81.89	105.52
1039.65	-78.29	95.05
1043.57	-79.08	110.09
1047.51	-74.01	109.07
1051.46	-76.17	103.96
1055.43	-73.64	88.86
1059.41	-73.65	73.31
1063.41	-73.11	62.06
1067.43	-75.16	60.90
1071.45	-72.48	61.38
1075.50	-72.42	12.80
1079.55	-76.99	15.36
1083.63	-76.13	-1.07
1087.72	-82.58	-4.08
1091.82	-80.64	39.13
1095.94	-79.54	21.75
1100.08	-79.04	44.46
1104.23	-75.86	17.49
1108.40	-77.80	6.42
1112.58	-78.00	-2.05
1116.78	-78.37	-3.21
1120.99	-76.97	5.56
1125.22	-75.93	-2.84
1129.47	-75.15	-29.99
1133.73	-76.71	-18.45
1138.01	-74.18	-22.03
1142.30	-73.55	-54.49
1146.61	-76.64	-67.40
1150.94	-77.05	-64.36
1155.28	-73.90	-73.06
1159.64	-76.09	-103.32
1164.02	-80.99	-113.52
1168.41	-82.28	-44.69
1172.82	-76.40	-57.94
1177.25	-76.45	-76.51
1181.69	-75.76	-105.34
1186.15	-78.38	-86.95
1190.62	-76.43	-94.99
1195.12	-73.50	-104.20
1199.63	-76.28	-127.58
1204.15	-77.17	-132.52
1208.70	-76.45	-121.35
1213.26	-74.45	-130.82
1217.84	-71.71	-131.38
1222.43	-69.79	-153.67
1227.04	-70.55	170.79
1231.67	-72.87	149.94
1236.32	-74.08	147.69
1240.99	-73.46	140.76
1245.67	-73.52	125.19
1250.37	-76.84	116.57
1255.09	-76.05	122.32
1259.83	-80.50	94.53
1264.58	-78.16	94.01
1269.35	-81.46	85.87
1274.14	-84.47	112.09
1278.95	-79.79	121.12
1283.78	-77.72	88.91
1288.62	-82.37	106.66
1293.48	-79.91	73.47
1298.36	-81.97	47.86
1303.26	-79.23	78.29
1308.18	-77.46	46.81
1313.12	-89.26	140.79
1318.07	-78.40	100.44
1323.05	-77.70	50.27
1328.04	-76.92	38.75
1333.05	-76.41	39.13
1338.08	-77.38	36.12
1343.13	-78.74	1.02
1348.20	-76.47	-12.79
1353.29	-79.67	-49.37
1358.39	-90.76	-26.09
1363.52	-84.39	74.47
1368.67	-78.52	9.40
1373.83	-80.19	-32.71
1379.01	-80.94	-55.34
1384.22	-86.06	-59.80
1389.44	-123.23	179.84
1394.68	-86.46	18.74
1399.95	-83.62	-19.45
1405.23	-84.10	-59.71
1410.53	-89.32	-32.39
1415.86	-83.72	-33.29
1421.20	-80.41	-36.90
1426.56	-85.92	-34.18
1431.94	-81.64	-56.59
1437.35	-82.31	-91.15
1442.77	-87.96	175.86
1448.22	-96.90	92.61
1453.68	-90.17	-85.83
1459.17	-88.46	-138.82
1464.67	-87.18	62.54
1470.20	-78.80	3.26
1475.75	-78.94	-42.99
1481.32	-77.62	-97.07
1486.91	-78.45	-109.93
1492.52	-83.77	-136.71
1498.15	-82.08	-99.77
1503.80	-75.57	-136.20
1509.48	-77.97	-171.02
1515.17	-81.59	106.28
1520.89	-81.15	-179.29
1526.63	-79.26	-175.29
1532.39	-81.67	159.98
1538.17	-85.85	136.90
1543.98	-81.79	-161.57
1549.81	-83.40	-118.43
1555.65	-80.47	-175.91
1561.52	-79.21	148.40
1567.42	-87.77	141.83
1573.33	-80.38	170.64
1579.27	-76.42	144.81
1585.23	-74.00	134.79
1591.21	-74.49	123.06
1597.21	-73.07	104.15
1603.24	-75.16	94.83
1609.29	-72.72	71.58
1615.36	-73.88	49.22
1621.46	-76.76	38.39
1627.58	-80.27	27.25
1633.72	-77.96	66.27
1639.89	-73.25	41.47
1646.07	-74.52	2.10
1652.29	-78.22	11.97
1658.52	-77.49	4.07
1664.78	-73.71	4.71
1671.06	-76.13	-45.03
1677.37	-80.19	0.03
1683.70	-76.95	-16.64
1690.05	-78.70	-42.59
1696.43	-76.88	-51.90
1702.83	-79.90	-44.80
1709.26	-78.18	-43.09
1715.70	-75.39	-53.25
1722.18	-73.48	-71.71
1728.68	-72.08	-99.34
1735.20	-72.53	-128.75
1741.75	-75.42	-147.71
1748.32	-76.58	-143.74
1754.92	-77.01	-142.91
1761.54	-76.09	-159.09
1768.19	-76.47	-158.44
1774.86	-76.22	173.52
1781.56	-79.31	179.82
1788.28	-76.45	-178.15
1795.03	-75.74	164.35
1801.80	-78.45	137.82
1808.60	-76.57	144.90
1815.43	-74.35	122.01
1822.28	-76.53	111.06
1829.15	-74.35	80.83
1836.06	-79.41	66.30
1842.99	-79.93	66.91
1849.94	-82.84	107.38
1856.92	-78.12	79.12
1863.93	-80.65	52.06
1870.96	-79.59	74.34
1878.02	-75.05	68.50
1885.11	-76.34	42.99
1892.22	-75.81	27.68
1899.36	-76.50	-27.12
1906.53	-80.91	56.22
1913.72	-80.10	13.11
1920.95	-75.37	20.68
1928.19	-75.45	-23.57
1935.47	-76.39	-43.21
1942.77	-83.08	-115.71
1950.11	-84.35	-59.28
1957.46	-87.22	-66.81
1964.85	-80.63	-69.37
1972.27	-82.63	-119.57
1979.71	-85.39	-66.80
1987.18	-89.48	-112.24
1994.68	-79.43	-19.63
2002.20	-79.48	-73.74
2009.76	-80.70	-76.79
2017.34	-80.13	-94.19
2024.96	-81.55	-139.00
2032.60	-83.13	-129.79
2040.27	-79.16	-119.98
2047.97	-78.70	-150.30
2055.70	-82.60	-151.97
2063.45	-77.94	-138.12
2071.24	-73.15	-177.85
2079.06	-79.02	-177.36
2086.90	-73.38	159.02
2094.78	-74.47	129.02
2102.68	-74.57	119.18
2110.62	-77.94	110.29
2118.58	-77.27	99.02
2126.57	-77.49	95.89
2134.60	-77.83	87.58
2142.65	-76.47	67.50
2150.74	-76.12	61.11
2158.86	-74.42	58.35
2167.00	-74.56	35.61
2175.18	-75.73	5.18
2183.39	-80.32	22.69
2191.63	-77.68	21.73
2199.90	-76.10	-2.35
2208.20	-74.58	-18.38
2216.53	-74.89	-36.00
2224.90	-75.40	-65.24
2233.29	-78.76	-78.66
2241.72	-79.83	-89.51
2250.18	-78.11	-46.05
2258.67	-76.74	-87.55
2267.19	-75.41	-107.34
2275.75	-76.11	-142.99
2284.34	-77.97	-140.49
2292.96	-77.90	-155.37
2301.61	-76.46	-164.29
2310.29	-78.53	-163.93
2319.01	-73.70	-176.54
2327.76	-73.52	147.69
2336.55	-74.86	126.75
2345.36	-77.69	106.50
2354.21	-77.73	90.45
2363.10	-79.10	77.38
2372.02	-77.84	77.49
2380.97	-78.07	55.36
2389.95	-83.02	24.30
2398.97	-81.56	49.76
2408.02	-78.96	37.78
2417.11	-82.36	1.90
2426.23	-88.97	-17.02
2435.39	-81.33	41.20
2444.58	-80.99	-2.54
2453.80	-80.22	-62.73
2463.06	-90.32	-64.58
2472.35	-86.19	-48.65
2481.68	-85.32	-64.27
2491.05	-92.22	161.59
2500.45	-88.52	-5.20
2509.88	-85.55	-26.89
2519.36	-86.91	-12.78
2528.86	-83.50	-39.22
2538.41	-83.75	-54.22
2547.98	-82.48	-112.53
2557.60	-82.74	108.09
2567.25	-84.05	-55.54
2576.94	-79.37	-113.39
2586.66	-84.28	-134.82
2596.42	-88.07	-164.12
2606.22	-82.82	-134.87
2616.06	-81.79	-167.15
2625.93	-82.74	139.94
2635.84	-91.38	151.56
2645.78	-80.07	148.73
2655.77	-78.60	124.33
2665.79	-78.58	93.38
2675.85	-80.04	100.70
2685.95	-76.48	102.00
2696.08	-76.81	50.02
2706.26	-79.87	26.81
2716.47	-81.27	7.22
2726.72	-82.00	74.23
2737.01	-78.98	10.40
2747.34	-81.30	3.98
2757.70	-80.00	3.73
2768.11	-78.97	-34.54
2778.56	-83.16	-46.19
2789.04	-79.84	-46.25
2799.57	-81.12	-66.44
2810.13	-83.15	-117.88
2820.73	-84.34	-84.56
2831.38	-80.24	-131.90
2842.06	-80.89	-122.86
2852.79	-80.81	-153.97
2863.55	-80.98	174.15
2874.36	-79.34	167.66
2885.21	-78.38	142.92
2896.09	-82.12	169.59
2907.02	-79.91	131.16
2917.99	-79.80	127.98
2929.00	-76.83	108.50
2940.06	-75.95	73.32
2951.15	-78.55	60.62
2962.29	-81.30	26.62
2973.47	-80.30	-1.10
2984.69	-83.86	38.76
2995.95	-82.00	-1.12
3007.25	-86.33	-19.53
3018.60	-84.16	-1.23
3029.99	-82.47	16.58
3041.43	-85.98	-16.24
3052.90	-84.98	-75.61
3064.42	-85.71	-53.39
3075.99	-84.42	-85.24
3087.60	-84.29	-63.02
3099.25	-87.29	84.95
3110.94	-86.67	-108.49
3122.68	-85.88	-64.50
3134.47	-82.28	-127.42
3146.29	-81.38	-169.75
3158.17	-85.93	178.53
3170.08	-82.49	127.82
3182.05	-83.65	113.98
3194.05	-83.45	105.63
3206.11	-79.80	136.49
3218.21	-80.86	118.79
3230.35	-83.49	101.66
3242.54	-81.60	64.27
3254.77	-80.04	75.89
3267.06	-79.38	32.93
3279.39	-77.46	9.06
3291.76	-79.33	-6.57
3304.18	-81.00	2.66
3316.65	-77.20	-35.33
3329.17	-76.22	-68.34
3341.73	-81.86	-110.97
3354.34	-79.53	-115.76
3367.00	-82.35	-140.36
3379.70	-80.68	-154.98
3392.46	-84.95	-174.42
3405.26	-82.41	160.89
3418.11	-81.16	163.01
3431.01	-79.99	130.33
3443.95	-79.99	107.45
3456.95	-81.04	100.61
3469.99	-81.64	77.37
3483.09	-79.58	65.51
3496.23	-84.27	48.52
3509.43	-85.94	43.33
3522.67	-86.29	15.29
3535.96	-88.24	5.17
3549.31	-87.43	165.37
3562.70	-88.37	155.00
3576.14	-86.19	53.47
3589.64	-84.31	6.82
3603.18	-84.97	-38.32
3616.78	-84.54	-31.20
3630.43	-82.02	-52.27
3644.13	-81.82	-99.16
3657.88	-85.12	-131.24
3671.68	-83.76	-145.85
3685.54	-83.40	-170.35
3699.45	-87.33	-23.84
3713.41	-89.47	160.08
3727.42	-86.00	128.12
3741.49	-80.74	130.69
3755.60	-84.45	92.15
3769.78	-87.06	81.50
3784.00	-85.23	80.95
3798.28	-82.32	84.26
3812.61	-82.06	46.61
3827.00	-83.64	32.80
3841.44	-82.24	-16.94
3855.94	-85.07	-22.54
3870.49	-87.87	-53.45
3885.09	-86.41	-33.31
3899.75	-83.75	-41.21
3914.47	-87.86	-88.72
3929.24	-83.87	-46.39
3944.07	-79.87	-133.72
3958.95	-82.12	-154.26
3973.89	-81.59	-175.26
3988.89	-85.96	155.24
4003.94	-82.47	135.29
4019.05	-79.06	115.64
4034.22	-83.63	74.71
4049.44	-78.91	70.23
4064.72	-84.58	51.19
4080.06	-82.58	63.48
4095.46	-81.20	33.90
4110.91	-85.15	25.14
4126.42	-81.64	-11.23
4141.99	-82.27	-75.39
4157.62	-82.32	-68.66
4173.31	-84.03	-170.86
4189.06	-87.19	-157.88
4204.87	-86.01	-128.89
4220.74	-85.40	125.74
4236.66	-87.09	-150.49
4252.65	-84.65	173.48
4268.70	-83.35	127.75
4284.81	-85.76	126.30
4300.98	-83.03	101.42
4317.21	-85.46	96.46
4333.50	-84.20	75.56
4349.85	-87.37	41.97
4366.26	-81.69	49.48
4382.74	-83.63	-26.81
4399.28	-83.78	-45.34
4415.88	-87.03	-12.51
4432.54	-84.05	-38.50
4449.27	-80.40	-67.77
4466.06	-78.51	-173.44
4482.91	-87.37	-48.89
4499.83	-80.44	150.71
4516.81	-85.73	84.39
4533.85	-82.89	133.00
4550.96	-79.89	74.85
4568.14	-80.51	7.15
4585.37	-86.95	58.47
4602.68	-84.40	-4.05
4620.05	-85.26	48.48
4637.48	-84.90	42.48
4654.98	-82.59	105.10
4672.55	-89.69	-25.42
4690.18	-83.94	-87.40
4707.88	-83.91	100.54
4725.64	-83.54	-9.74
4743.48	-88.67	122.79
4761.38	-85.06	-33.78
4779.34	-82.94	-146.84
4797.38	-85.59	135.01
4815.48	-84.66	100.27
4833.65	-86.08	132.74
4851.89	-84.27	65.15
4870.20	-82.21	98.93
4888.58	-82.13	42.51
4907.03	-85.42	-67.01
4925.54	-83.55	12.48
4944.13	-84.19	-12.21
4962.79	-82.88	-97.30
4981.52	-82.88	-142.74
5000.31	-81.88	121.10
5019.18	-82.36	93.57
5038.12	-80.34	47.75
5057.14	-83.76	-38.59
5076.22	-88.09	-176.38
5095.37	-82.18	-39.82
5114.60	-82.97	-170.08
5133.90	-85.65	-175.47
5153.27	-79.55	147.87
5172.72	-81.60	87.89
5192.24	-80.32	37.98
5211.83	-80.09	42.59
5231.50	-82.14	30.41
5251.24	-79.32	-44.68
5271.06	-84.48	-99.72
5290.95	-81.82	-156.12
5310.91	-85.39	140.04
5330.96	-82.49	174.44
5351.07	-80.75	112.31
5371.27	-85.74	99.32
5391.53	-80.65	65.80
5411.88	-79.85	23.04
5432.30	-83.16	-51.28
5452.80	-86.57	52.98
5473.38	-85.49	142.53
5494.03	-86.87	-164.29
5514.76	-84.74	-77.10
5535.57	-86.70	1.50
5556.46	-86.31	39.17
5577.43	-84.79	-145.92
5598.48	-86.51	167.77
5619.60	-85.76	110.52
5640.81	-84.98	88.05
5662.10	-87.14	-179.00
5683.46	-88.24	130.84
5704.91	-84.73	44.65
5726.44	-80.27	49.86
5748.05	-86.13	163.96
5769.74	-83.72	-60.17
5791.51	-83.60	-170.20
5813.36	-86.75	-29.24
5835.30	-84.53	99.17
5857.32	-86.36	107.17
5879.42	-84.25	95.84
5901.61	-82.41	135.47
5923.88	-84.00	53.52
5946.23	-82.88	-16.39
5968.67	-87.96	34.19
5991.20	-83.70	-23.55
6013.80	-88.96	77.24
6036.50	-85.62	-19.07
6059.28	-85.70	-133.83
6082.14	-85.70	158.08
6105.09	-84.78	109.96
6128.13	-84.81	84.54
6151.26	-80.71	47.36
6174.47	-82.72	177.61
6197.77	-81.36	56.63
6221.16	-81.66	-163.91
6244.63	-88.62	74.94
6268.20	-84.01	31.93
6291.85	-88.62	-27.05
6315.59	-87.32	-8.79
6339.42	-88.01	-164.43
6363.35	-85.83	41.03
6387.36	-86.85	55.38
6411.46	-84.79	164.96
6435.66	-80.49	107.61
6459.94	-83.20	56.82
6484.32	-79.99	49.84
6508.79	-80.78	4.38
6533.35	-79.85	-43.34
6558.00	-80.45	-81.75
6582.75	-82.07	-126.82
6607.59	-78.10	177.63
6632.53	-77.96	119.23
6657.55	-77.57	114.95
6682.68	-75.78	57.94
6707.90	-79.30	29.91
6733.21	-76.05	-12.07
6758.62	-81.63	-50.28
6784.12	-79.91	-71.48
6809.72	-78.54	-127.07
6835.42	-82.45	-158.99
6861.21	-83.72	171.88
6887.10	-80.26	123.35
6913.09	-78.65	144.35
6939.18	-81.82	78.35
6965.36	-75.42	81.30
6991.65	-73.97	18.48
7018.03	-75.04	-5.53
7044.51	-73.45	-58.73
7071.10	-76.16	-102.15
7097.78	-72.44	-151.86
7124.56	-73.61	169.10
7151.45	-73.04	124.73
7178.44	-71.41	95.93
7205.52	-71.59	42.54
7232.71	-72.07	16.15
7260.01	-71.99	-35.17
7287.40	-74.25	-77.14
7314.90	-75.34	-123.98
7342.51	-74.46	-173.16
7370.21	-70.82	-120.33
7398.03	-70.64	130.16
7425.94	-71.67	93.06
7453.97	-71.17	49.21
7482.09	-71.31	4.25
7510.33	-72.19	-27.29
7538.67	-74.10	-70.49
7567.12	-72.60	-122.21
7595.67	-73.95	167.50
7624.33	-72.05	121.20
7653.10	-76.26	-46.90
7681.98	-76.95	63.33
7710.97	-79.88	27.30
7740.07	-81.97	45.82
7769.28	-79.26	19.10
7798.60	-77.76	-8.81
7828.02	-76.65	-77.18
7857.56	-76.10	-110.32
7887.21	-74.33	179.45
7916.98	-72.88	114.12
7946.85	-74.49	61.46
7976.84	-76.99	31.83
8006.94	-75.97	-20.64
8037.16	-80.17	-88.11
8067.49	-83.02	52.93
8097.93	-80.63	159.38
8128.49	-82.82	106.15
8159.16	-85.06	-54.62
8189.95	-85.92	123.97
8220.86	-81.37	-1.04
8251.88	-79.48	108.81
8283.02	-78.86	67.18
8314.27	-78.85	23.45
8345.65	-80.15	131.06
8377.14	-80.91	-133.61
8408.75	-83.85	-68.32
8440.48	-84.26	179.19
8472.33	-78.44	150.60
8504.30	-78.29	110.99
8536.40	-79.91	56.33
8568.61	-80.97	6.41
8600.94	-82.92	-9.84
8633.40	-83.13	-61.68
8665.98	-82.95	-57.97
8698.68	-84.64	122.51
8731.51	-83.46	143.92
8764.46	-82.67	-134.05
8797.53	-80.18	126.14
8830.73	-77.13	76.75
8864.05	-76.09	38.59
8897.50	-77.50	-15.83
8931.07	-79.71	-73.03
8964.78	-78.15	-130.58
8998.61	-76.26	168.93
9032.56	-76.59	118.01
9066.65	-75.80	73.71
9100.86	-76.31	48.95
9135.20	-81.65	-5.10
9169.68	-82.70	-41.17
9204.28	-82.61	-15.73
9239.01	-78.64	-175.66
9273.88	-83.75	159.77
9308.87	-78.55	126.04
9344.00	-76.71	114.97
9379.26	-75.72	46.24
9414.65	-78.00	-0.94
9450.18	-76.43	-32.76
9485.84	-75.92	-107.31
9521.64	-77.09	172.86
9557.57	-78.32	126.88
9593.64	-76.06	73.94
9629.84	-79.22	44.12
9666.18	-78.45	15.49
9702.65	-81.92	-51.34
9739.27	-82.07	-83.18
9776.02	-82.46	50.25
9812.91	-80.40	151.07
9849.94	-79.19	106.00
9887.11	-77.48	59.82
9924.42	-79.83	19.73
9961.87	-79.59	-21.41
9999.46	-83.79	-106.98
10037.19	-87.88	-157.63
10075.07	-80.60	154.52
10113.09	-81.29	85.36
10151.25	-80.40	76.63
10189.55	-82.97	50.54
10228.01	-79.38	29.35
10266.60	-82.55	-45.04
10305.34	-85.17	-79.31
10344.23	-82.04	176.11
10383.27	-83.11	123.44
10422.45	-79.97	81.18
10461.78	-80.53	47.21
10501.26	-83.18	26.46
10540.88	-80.18	-33.86
10580.66	-83.11	-28.50
10620.59	-80.70	-163.08
10660.66	-79.37	140.98
10700.89	-76.13	99.50
10741.27	-75.83	34.83
10781.81	-78.89	-5.48
10822.49	-77.30	-69.37
10863.33	-78.42	-152.38
10904.33	-77.11	153.75
10945.47	-77.80	81.11
10986.78	-78.83	39.56
11028.24	-81.78	22.49
11069.85	-80.45	-17.16
11111.63	-80.84	2.79
11153.56	-80.93	-152.53
11195.64	-77.45	132.17
11237.89	-76.36	64.40
11280.30	-75.30	18.10
11322.87	-82.18	-45.50
11365.59	-84.11	-103.56
11408.48	-81.58	-170.41
11451.53	-81.68	131.42
11494.75	-78.63	83.46
11538.12	-79.40	30.53
11581.66	-81.89	7.83
11625.37	-86.34	145.55
11669.24	-85.66	-106.18
11713.27	-82.99	151.07
11757.47	-76.83	110.12
11801.84	-78.88	47.01
11846.37	-79.44	-5.73
11891.08	-84.49	-80.84
11935.95	-84.49	177.95
11980.99	-80.71	116.12
12026.20	-81.61	73.42
12071.58	-81.42	46.81
12117.14	-83.16	9.14
12162.86	-86.27	-35.80
12208.76	-87.32	-155.42
12254.83	-86.55	116.97
12301.07	-83.19	74.42
12347.49	-82.33	55.45
12394.08	-84.74	11.35
12440.85	-85.62	-146.95
12487.80	-87.32	82.47
12534.92	-84.96	-170.44
12582.23	-82.71	93.07
12629.71	-82.69	48.93
12677.37	-84.14	19.25
12725.20	-87.30	-50.73
12773.22	-88.12	-78.22
12821.42	-84.09	132.63
12869.81	-80.87	75.49
12918.37	-81.00	29.91
12967.12	-84.78	-10.34
13016.05	-85.25	-135.25
13065.17	-84.31	134.22
13114.47	-82.63	75.86
13163.96	-82.32	45.48
13213.64	-85.68	-21.45
13263.50	-89.62	11.80
13313.55	-87.85	-140.29
13363.79	-86.76	168.57
13414.22	-81.77	82.57
13464.84	-80.70	39.00
13515.65	-84.51	-35.47
13566.65	-89.58	107.04
13617.84	-86.78	111.33
13669.23	-83.91	91.07
13720.81	-82.36	53.65
13772.59	-83.50	4.37
13824.56	-86.08	-21.71
13876.73	-84.69	146.03
13929.09	-83.17	82.61
13981.66	-84.29	49.80
14034.42	-85.14	41.00
14087.38	-87.26	37.07
14140.54	-86.83	120.95
14193.90	-84.18	139.55
14247.46	-81.81	73.08
14301.22	-82.94	33.23
14355.19	-86.71	-148.28
14409.36	-87.82	145.86
14463.73	-87.94	124.33
14518.31	-84.48	85.86
14573.10	-81.89	56.52
14628.09	-81.51	1.14
14683.29	-84.63	-113.83
14738.70	-80.07	124.55
14794.32	-79.17	42.89
14850.15	-83.72	-17.55
14906.18	-89.52	36.24
14962.43	-87.27	115.62
15018.90	-85.75	120.70
15075.57	-82.31	67.55
15132.46	-82.04	20.94
15189.56	-85.66	-99.73
15246.88	-85.96	153.46
15304.42	-81.37	85.33
15362.17	-82.50	32.24
15420.14	-86.59	-26.63
15478.33	-88.63	155.82
15536.74	-83.55	115.37
15595.37	-81.11	78.77
15654.22	-81.95	31.77
15713.29	-85.50	-65.42
15772.58	-85.25	141.49
15832.10	-81.90	87.61
15891.85	-81.94	33.26
15951.81	-85.77	-35.13
16012.01	-89.37	-165.41
16072.43	-85.06	93.66
16133.08	-83.64	67.80
16193.96	-85.37	34.41
16255.07	-88.77	138.88
16316.41	-88.74	159.18
16377.98	-82.00	102.55
16439.79	-82.84	36.52
16501.82	-87.18	-0.82
16564.09	-87.84	3.68
16626.60	-84.41	95.24
16689.34	-83.99	60.91
16752.32	-84.55	20.41
16815.54	-89.10	23.42
16878.99	-85.31	92.61
16942.69	-83.92	72.16
17006.62	-83.56	27.25
17070.79	-88.78	-48.36
17135.21	-86.04	-139.75
17199.87	-84.79	62.77
17264.78	-84.46	60.02
17329.93	-85.70	-0.68
17395.32	-88.38	114.66
17460.97	-82.55	101.35
17526.86	-80.94	41.04
17593.00	-85.60	60.59
17659.38	-84.67	111.65
17726.02	-84.12	71.61
17792.91	-84.64	37.76
17860.06	-86.71	40.85
17927.45	-88.61	-169.10
17995.10	-84.44	91.60
18063.01	-82.02	38.26
18131.17	-87.62	32.60
18199.59	-87.38	176.63
18268.27	-85.47	71.43
18337.21	-85.91	51.12
18406.40	-84.55	34.90
18475.86	-88.49	-96.95
18545.58	-83.34	66.99
18615.56	-85.22	49.22
18685.81	-89.55	33.39
18756.32	-87.06	45.05
18827.10	-86.76	70.09
18898.15	-83.95	66.14
18969.46	-85.46	28.18
19041.04	-88.10	-58.84
19112.90	-84.27	71.99
19185.02	-85.00	47.16
19257.42	-88.51	88.91
19330.09	-87.59	100.66
19403.03	-85.01	68.74
19476.25	-84.81	36.82
19549.74	-88.77	23.00
19623.51	-85.41	98.96
19697.56	-83.93	50.85
19771.89	-84.67	30.20
19846.51	-78.86	167.98
19921.40	-54.05	12.71
19996.57	-82.98	118.41
20072.03	-88.63	-17.44
20147.78	-86.89	-4.72
20223.80	-81.96	70.07
20300.12	-83.53	9.66
20376.72	-86.72	102.76
20453.62	-83.21	79.27
20530.80	-83.75	36.53
20608.28	-88.58	39.73
20686.04	-85.96	72.67
20764.10	-82.41	56.51
20842.46	-87.51	6.63
20921.11	-87.46	86.39
21000.06	-82.63	72.92
21079.30	-84.81	36.32
21158.85	-87.62	69.15
21238.69	-84.77	83.37
21318.84	-84.92	49.64
21399.29	-87.65	57.07
21480.04	-87.09	-114.06
21561.09	-84.81	42.70
21642.46	-87.73	29.05
21724.12	-85.43	74.41
21806.10	-84.17	63.21
21888.39	-86.29	55.84
21970.99	-87.65	60.72
22053.89	-85.51	64.34
22137.12	-84.89	57.64
22220.65	-86.60	46.16
22304.50	-86.37	-38.88
