Freq[Hz]	[dBV]	Phase[Deg]
10.00	-70.18	-171.00
10.04	-70.37	-168.88
10.08	-70.56	-166.77
10.11	-70.76	-164.66
10.15	-70.95	-162.55
10.19	-71.14	-160.45
10.23	-71.33	-158.35
10.27	-71.52	-156.26
10.31	-71.71	-154.18
10.34	-71.90	-152.10
10.38	-72.09	-150.04
10.42	-72.27	-147.99
10.46	-72.46	-145.95
10.50	-72.64	-143.93
10.54	-72.82	-141.93
10.58	-72.99	-139.95
10.62	-73.17	-137.98
10.66	-73.34	-136.04
10.70	-73.50	-134.12
10.74	-73.67	-132.23
10.78	-73.83	-130.37
10.82	-73.98	-128.54
10.86	-74.13	-126.73
10.90	-74.27	-124.97
10.95	-74.41	-123.23
10.99	-74.55	-121.54
11.03	-74.67	-119.88
11.07	-74.80	-118.27
11.11	-74.91	-116.70
11.15	-75.02	-115.17
11.20	-75.12	-113.69
11.24	-75.21	-112.27
11.28	-75.30	-110.89
11.32	-75.37	-109.57
11.37	-75.44	-108.31
11.41	-75.50	-107.11
11.45	-75.55	-105.97
11.50	-75.58	-104.90
11.54	-75.61	-103.89
11.58	-75.63	-102.95
11.63	-75.64	-102.09
11.67	-75.63	-101.30
11.71	-75.61	-100.59
11.76	-75.58	-99.96
11.80	-75.54	-99.41
11.85	-75.49	-98.93
11.89	-75.42	-98.54
11.94	-75.34	-98.22
11.98	-75.25	-97.97
12.03	-75.15	-97.80
12.07	-75.04	-97.69
12.12	-74.92	-97.66
12.16	-74.79	-97.69
12.21	-74.64	-97.78
12.26	-74.49	-97.94
12.30	-74.33	-98.15
12.35	-74.16	-98.43
12.39	-73.98	-98.76
12.44	-73.80	-99.15
12.49	-73.61	-99.58
12.54	-73.40	-100.07
12.58	-73.20	-100.60
12.63	-72.98	-101.18
12.68	-72.76	-101.79
12.73	-72.54	-102.45
12.77	-72.30	-103.15
12.82	-72.07	-103.87
12.87	-71.83	-104.63
12.92	-71.58	-105.42
12.97	-71.33	-106.23
13.02	-71.08	-107.07
13.07	-70.83	-107.92
13.12	-70.57	-108.79
13.16	-70.32	-109.67
13.21	-70.06	-110.56
13.26	-69.80	-111.46
13.31	-69.54	-112.36
13.36	-69.29	-113.26
13.41	-69.03	-114.15
13.47	-68.78	-115.04
13.52	-68.53	-115.91
13.57	-68.28	-116.77
13.62	-68.04	-117.61
13.67	-67.80	-118.43
13.72	-67.56	-119.21
13.77	-67.34	-119.97
13.83	-67.12	-120.69
13.88	-66.90	-121.36
13.93	-66.70	-122.00
13.98	-66.50	-122.58
14.04	-66.31	-123.11
14.09	-66.13	-123.57
14.14	-65.97	-123.98
14.19	-65.81	-124.31
14.25	-65.67	-124.57
14.30	-65.55	-124.75
14.36	-65.43	-124.85
14.41	-65.33	-124.86
14.46	-65.25	-124.77
14.52	-65.19	-124.58
14.57	-65.14	-124.28
14.63	-65.11	-123.87
14.68	-65.11	-123.34
14.74	-65.12	-122.69
14.80	-65.15	-121.92
14.85	-65.20	-121.04
14.91	-65.27	-120.04
14.96	-65.36	-118.93
15.02	-65.46	-117.72
15.08	-65.59	-116.39
15.13	-65.72	-114.96
15.19	-65.88	-113.43
15.25	-66.05	-111.80
15.31	-66.23	-110.07
15.36	-66.43	-108.24
15.42	-66.64	-106.33
15.48	-66.86	-104.32
15.54	-67.10	-102.23
15.60	-67.34	-100.05
15.66	-67.60	-97.79
15.71	-67.87	-95.46
15.77	-68.14	-93.05
15.83	-68.42	-90.57
15.89	-68.71	-88.02
15.95	-69.01	-85.41
16.01	-69.31	-82.73
16.07	-69.62	-80.00
16.13	-69.93	-77.22
16.19	-70.25	-74.38
16.26	-70.56	-71.50
16.32	-70.88	-68.57
16.38	-71.20	-65.61
16.44	-71.51	-62.62
16.50	-71.83	-59.59
16.56	-72.14	-56.54
16.63	-72.45	-53.47
16.69	-72.75	-50.38
16.75	-73.05	-47.28
16.82	-73.34	-44.17
16.88	-73.62	-41.06
16.94	-73.89	-37.96
17.01	-74.15	-34.86
17.07	-74.40	-31.77
17.14	-74.64	-28.71
17.20	-74.86	-25.66
17.27	-75.07	-22.65
17.33	-75.26	-19.67
17.40	-75.43	-16.74
17.46	-75.58	-13.85
17.53	-75.70	-11.01
17.59	-75.81	-8.23
17.66	-75.89	-5.52
17.73	-75.95	-2.87
17.79	-75.99	-0.28
17.86	-76.01	2.23
17.93	-76.00	4.68
18.00	-75.98	7.06
18.06	-75.94	9.37
18.13	-75.88	11.61
18.20	-75.80	13.77
18.27	-75.71	15.86
18.34	-75.60	17.88
18.41	-75.48	19.82
18.48	-75.34	21.69
18.55	-75.20	23.48
18.62	-75.04	25.19
18.69	-74.88	26.82
18.76	-74.71	28.36
18.83	-74.53	29.83
18.90	-74.34	31.21
18.97	-74.15	32.51
19.04	-73.96	33.73
19.11	-73.76	34.85
19.19	-73.56	35.89
19.26	-73.37	36.84
19.33	-73.17	37.70
19.40	-72.98	38.46
19.48	-72.80	39.14
19.55	-72.62	39.72
19.62	-72.45	40.20
19.70	-72.29	40.59
19.77	-72.14	40.87
19.85	-72.00	41.06
19.92	-71.88	41.15
20.00	-71.77	41.14
20.07	-71.68	41.02
20.15	-71.61	40.79
20.22	-71.57	40.46
20.30	-71.54	40.02
20.38	-71.54	39.48
20.45	-71.57	38.82
20.53	-71.63	38.05
20.61	-71.72	37.16
20.69	-71.83	36.17
20.77	-71.97	35.08
20.84	-72.14	33.90
20.92	-72.34	32.62
21.00	-72.56	31.26
21.08	-72.80	29.82
21.16	-73.06	28.31
21.24	-73.34	26.73
21.32	-73.64	25.09
21.40	-73.95	23.40
21.48	-74.28	21.67
21.56	-74.62	19.89
21.64	-74.98	18.08
21.73	-75.34	16.25
21.81	-75.71	14.40
21.89	-76.09	12.54
21.97	-76.47	10.67
22.06	-76.86	8.81
22.14	-77.25	6.97
22.22	-77.63	5.14
22.31	-78.01	3.35
22.39	-78.39	1.60
22.47	-78.76	-0.11
22.56	-79.12	-1.76
22.64	-79.47	-3.35
22.73	-79.81	-4.86
22.82	-80.13	-6.29
22.90	-80.43	-7.62
22.99	-80.71	-8.85
23.07	-80.97	-9.96
23.16	-81.20	-10.95
23.25	-81.41	-11.80
23.34	-81.58	-12.50
23.43	-81.72	-13.05
23.51	-81.83	-13.43
23.60	-81.90	-13.64
23.69	-81.94	-13.67
23.78	-81.95	-13.53
23.87	-81.93	-13.20
23.96	-81.89	-12.70
24.05	-81.82	-12.01
24.14	-81.73	-11.14
24.23	-81.62	-10.08
24.32	-81.49	-8.83
24.42	-81.35	-7.39
24.51	-81.20	-5.75
24.60	-81.04	-3.92
24.69	-80.88	-1.89
24.79	-80.71	0.34
24.88	-80.53	2.78
24.97	-80.37	5.42
25.07	-80.20	8.27
25.16	-80.04	11.33
25.26	-79.90	14.61
25.35	-79.77	18.10
25.45	-79.65	21.80
25.54	-79.56	25.73
25.64	-79.49	29.88
25.74	-79.45	34.26
25.84	-79.43	38.87
25.93	-79.45	43.71
26.03	-79.51	48.78
26.13	-79.61	54.09
26.23	-79.76	59.63
26.33	-79.95	65.42
26.43	-80.20	71.45
26.53	-80.50	77.72
26.63	-80.85	84.17
26.73	-81.24	90.80
26.83	-81.68	97.56
26.93	-82.15	104.43
27.03	-82.66	111.37
27.13	-83.19	118.35
27.23	-83.76	125.33
27.34	-84.34	132.28
27.44	-84.94	139.17
27.54	-85.55	145.95
27.65	-86.18	152.59
27.75	-86.80	159.04
27.86	-87.43	165.28
27.96	-88.04	171.26
28.07	-88.65	176.94
28.17	-89.24	-177.72
28.28	-89.81	-172.76
28.39	-90.36	-168.24
28.49	-90.87	-164.19
28.60	-91.35	-160.65
28.71	-91.78	-157.68
28.82	-92.16	-155.32
28.93	-92.49	-153.63
29.03	-92.76	-152.64
29.14	-92.96	-152.42
29.25	-93.09	-153.01
29.36	-93.14	-154.45
29.48	-93.11	-156.75
29.59	-93.01	-159.86
29.70	-92.84	-163.72
29.81	-92.61	-168.28
29.92	-92.32	-173.48
30.04	-91.99	-179.27
30.15	-91.61	174.40
30.26	-91.19	167.60
30.38	-90.74	160.39
30.49	-90.27	152.82
30.61	-89.78	144.96
30.72	-89.28	136.88
30.84	-88.77	128.64
30.95	-88.27	120.30
31.07	-87.78	111.94
31.19	-87.31	103.63
31.31	-86.86	95.43
31.42	-86.45	87.42
31.54	-86.09	79.69
31.66	-85.77	72.29
31.78	-85.51	65.32
31.90	-85.32	58.85
32.02	-85.21	52.97
32.14	-85.18	47.75
32.26	-85.25	43.29
32.39	-85.41	39.62
32.51	-85.67	36.69
32.63	-86.01	34.46
32.75	-86.42	32.87
32.88	-86.90	31.86
33.00	-87.45	31.37
33.13	-88.04	31.36
33.25	-88.67	31.75
33.38	-89.34	32.49
33.50	-90.03	33.50
33.63	-90.73	34.74
33.76	-91.44	36.13
33.88	-92.14	37.61
34.01	-92.83	39.10
34.14	-93.49	40.54
34.27	-94.12	41.85
34.40	-94.70	42.96
34.53	-95.22	43.80
34.66	-95.67	44.28
34.79	-96.03	44.33
34.92	-96.31	43.87
35.05	-96.48	42.81
35.18	-96.54	41.08
35.32	-96.47	38.62
35.45	-96.29	35.50
35.58	-95.99	31.77
35.72	-95.60	27.51
35.85	-95.11	22.79
35.99	-94.55	17.67
36.12	-93.91	12.23
36.26	-93.20	6.55
36.40	-92.44	0.70
36.53	-91.64	-5.24
36.67	-90.81	-11.19
36.81	-89.95	-17.07
36.95	-89.08	-22.80
37.09	-88.20	-28.29
37.23	-87.34	-33.44
37.37	-86.49	-38.18
37.51	-85.68	-42.42
37.65	-84.91	-46.04
37.79	-84.20	-48.98
37.94	-83.55	-51.11
38.08	-82.99	-52.35
38.22	-82.51	-52.62
38.37	-82.13	-51.93
38.51	-81.83	-50.34
38.66	-81.61	-47.90
38.80	-81.46	-44.66
38.95	-81.38	-40.69
39.10	-81.35	-36.02
39.24	-81.38	-30.73
39.39	-81.46	-24.87
39.54	-81.58	-18.50
39.69	-81.73	-11.69
39.84	-81.91	-4.49
39.99	-82.11	3.02
40.14	-82.32	10.79
40.29	-82.54	18.74
40.45	-82.75	26.80
40.60	-82.96	34.90
40.75	-83.15	42.97
40.90	-83.31	50.94
41.06	-83.43	58.72
41.21	-83.52	66.28
41.37	-83.57	73.64
41.53	-83.58	80.81
41.68	-83.56	87.83
41.84	-83.50	94.73
42.00	-83.41	101.53
42.16	-83.30	108.26
42.32	-83.15	114.96
42.47	-82.99	121.64
42.63	-82.79	128.35
42.80	-82.58	135.11
42.96	-82.35	141.95
43.12	-82.10	148.91
43.28	-81.84	156.02
43.45	-81.57	163.32
43.61	-81.28	170.84
43.77	-80.99	178.62
43.94	-80.70	-173.31
44.10	-80.40	-164.93
44.27	-80.10	-156.27
44.44	-79.81	-147.43
44.61	-79.52	-138.46
44.77	-79.24	-129.45
44.94	-78.96	-120.46
45.11	-78.71	-111.57
45.28	-78.46	-102.87
45.45	-78.23	-94.44
45.63	-78.02	-86.35
45.80	-77.84	-78.70
45.97	-77.68	-71.56
46.14	-77.55	-65.04
46.32	-77.45	-59.20
46.49	-77.39	-54.16
46.67	-77.36	-50.01
46.84	-77.37	-46.83
47.02	-77.43	-44.71
47.20	-77.53	-43.56
47.38	-77.65	-43.24
47.56	-77.81	-43.60
47.74	-77.98	-44.47
47.92	-78.16	-45.71
48.10	-78.34	-47.14
48.28	-78.52	-48.60
48.46	-78.68	-49.92
48.64	-78.83	-50.93
48.83	-78.95	-51.44
49.01	-79.03	-51.28
49.20	-79.06	-50.26
49.38	-79.04	-48.19
49.57	-78.96	-44.87
49.75	-78.81	-40.11
49.94	-78.57	-33.72
50.13	-78.26	-25.76
50.32	-77.87	-16.39
50.51	-77.43	-5.80
50.70	-76.93	5.84
50.89	-76.38	18.33
51.08	-75.81	31.49
51.28	-75.20	45.12
51.47	-74.58	59.02
51.66	-73.95	72.98
51.86	-73.33	86.80
52.05	-72.72	100.26
52.25	-72.13	113.14
52.45	-71.57	125.22
52.65	-71.06	136.27
52.85	-70.61	146.06
53.04	-70.21	154.52
53.24	-69.87	161.68
53.45	-69.57	167.60
53.65	-69.31	172.33
53.85	-69.09	175.93
54.05	-68.89	178.45
54.26	-68.72	179.95
54.46	-68.57	-179.51
54.67	-68.42	-179.88
54.87	-68.28	178.92
55.08	-68.14	176.93
55.29	-67.98	174.23
55.50	-67.81	170.88
55.71	-67.61	166.95
55.92	-67.39	162.50
56.13	-67.14	157.55
56.34	-66.87	152.12
56.55	-66.59	146.25
56.77	-66.30	139.94
56.98	-66.00	133.23
57.19	-65.71	126.15
57.41	-65.43	118.71
57.63	-65.16	110.95
57.84	-64.92	102.89
58.06	-64.70	94.57
58.28	-64.52	86.00
58.50	-64.38	77.22
58.72	-64.28	68.27
58.94	-64.23	59.23
59.17	-64.24	50.25
59.39	-64.31	41.48
59.61	-64.44	33.07
59.84	-64.63	25.17
60.06	-64.88	17.94
60.29	-65.21	11.55
60.52	-65.60	6.16
60.75	-66.07	1.93
60.98	-66.62	-0.95
61.21	-67.25	-2.32
61.44	-67.96	-1.99
61.67	-68.76	0.21
61.90	-69.64	4.19
62.14	-70.57	9.71
62.37	-71.52	16.52
62.61	-72.47	24.34
62.84	-73.40	32.91
63.08	-74.28	41.95
63.32	-75.08	51.17
63.56	-75.78	60.28
63.80	-76.34	69.00
64.04	-76.75	77.00
64.28	-76.96	83.99
64.52	-76.96	89.64
64.76	-76.73	93.80
65.01	-76.29	96.60
65.25	-75.68	98.20
65.50	-74.92	98.77
65.75	-74.06	98.49
66.00	-73.12	97.53
66.24	-72.13	96.07
66.49	-71.13	94.30
66.75	-70.16	92.41
67.00	-69.24	90.59
67.25	-68.43	89.04
67.50	-67.74	87.96
67.76	-67.19	87.38
68.01	-66.76	87.18
68.27	-66.42	87.19
68.53	-66.14	87.26
68.79	-65.90	87.24
69.05	-65.66	86.97
69.31	-65.39	86.29
69.57	-65.08	85.02
69.83	-64.68	83.00
70.09	-64.17	80.05
70.36	-63.52	75.99
70.62	-62.70	70.73
70.89	-61.77	64.39
71.16	-60.75	57.11
71.43	-59.68	49.06
71.70	-58.62	40.40
71.97	-57.60	31.29
72.24	-56.67	21.89
72.51	-55.88	12.37
72.79	-55.27	2.92
73.06	-54.89	-6.29
73.34	-54.78	-15.08
73.61	-54.97	-23.31
73.89	-55.41	-30.96
74.17	-56.06	-37.97
74.45	-56.89	-44.31
74.73	-57.83	-49.95
75.01	-58.86	-54.84
75.29	-59.92	-58.94
75.58	-60.97	-62.22
75.86	-61.95	-64.63
76.15	-62.82	-66.13
76.44	-63.53	-66.71
76.73	-64.10	-66.51
77.02	-64.54	-65.72
77.31	-64.88	-64.56
77.60	-65.15	-63.21
77.89	-65.37	-61.90
78.18	-65.56	-60.84
78.48	-65.76	-60.24
78.78	-65.98	-60.34
79.07	-66.26	-61.35
79.37	-66.63	-63.46
79.67	-67.07	-66.52
79.97	-67.58	-70.26
80.27	-68.15	-74.42
80.58	-68.78	-78.72
80.88	-69.45	-82.87
81.19	-70.14	-86.61
81.49	-70.87	-89.62
81.80	-71.60	-91.62
82.11	-72.33	-92.29
82.42	-73.05	-91.49
82.73	-73.73	-89.42
83.04	-74.35	-86.30
83.35	-74.87	-82.36
83.67	-75.28	-77.86
83.99	-75.54	-73.03
84.30	-75.64	-68.13
84.62	-75.53	-63.42
84.94	-75.19	-59.15
85.26	-74.61	-55.57
85.58	-73.82	-52.66
85.90	-72.89	-50.36
86.23	-71.87	-48.59
86.55	-70.83	-47.28
86.88	-69.85	-46.35
87.21	-68.97	-45.73
87.54	-68.28	-45.34
87.87	-67.84	-45.10
88.20	-67.70	-44.95
88.53	-67.83	-45.01
88.87	-68.15	-45.42
89.20	-68.62	-46.36
89.54	-69.14	-47.98
89.88	-69.67	-50.45
90.22	-70.11	-53.95
90.56	-70.40	-58.65
90.90	-70.46	-64.72
91.24	-70.27	-72.19
91.59	-69.88	-80.72
91.93	-69.39	-89.93
92.28	-68.87	-99.41
92.63	-68.41	-108.77
92.98	-68.09	-117.59
93.33	-68.02	-125.46
93.68	-68.26	-131.94
94.03	-68.91	-136.65
94.39	-69.93	-139.60
94.74	-71.23	-141.03
95.10	-72.71	-141.14
95.46	-74.29	-140.18
95.82	-75.87	-138.36
96.18	-77.34	-135.93
96.54	-78.62	-133.13
96.91	-79.60	-130.21
97.27	-80.27	-127.38
97.64	-80.69	-124.82
98.01	-80.90	-122.73
98.38	-80.96	-121.29
98.75	-80.93	-120.71
99.12	-80.87	-121.19
99.50	-80.83	-122.93
99.87	-80.87	-126.12
100.25	-80.98	-130.53
100.63	-81.12	-135.71
101.01	-81.25	-141.22
101.39	-81.33	-146.56
101.77	-81.31	-151.27
102.16	-81.13	-154.85
102.54	-80.77	-156.78
102.93	-80.18	-156.71
103.32	-79.43	-154.82
103.71	-78.57	-151.44
104.10	-77.68	-146.93
104.49	-76.84	-141.63
104.88	-76.13	-135.91
105.28	-75.62	-130.13
105.68	-75.38	-124.67
106.08	-75.43	-119.79
106.48	-75.72	-115.65
106.88	-76.21	-112.40
107.28	-76.83	-110.20
107.69	-77.53	-109.22
108.09	-78.26	-109.61
108.50	-78.96	-111.56
108.91	-79.58	-114.99
109.32	-80.08	-119.42
109.73	-80.42	-124.28
110.15	-80.57	-128.99
110.56	-80.49	-132.96
110.98	-80.13	-135.59
111.40	-79.46	-136.26
111.82	-78.47	-134.67
112.24	-77.22	-131.25
112.67	-75.80	-126.60
113.09	-74.28	-121.31
113.52	-72.75	-115.98
113.95	-71.30	-111.23
114.38	-70.01	-107.69
114.81	-68.95	-105.91
115.24	-68.17	-106.26
115.68	-67.69	-109.08
116.11	-67.55	-114.75
116.55	-67.79	-123.62
116.99	-68.44	-136.08
117.43	-69.53	-152.46
117.87	-71.01	-172.08
118.32	-72.73	166.65
118.77	-74.53	145.39
119.21	-76.26	125.82
119.66	-77.77	109.68
120.12	-78.87	98.74
120.57	-79.47	94.33
121.02	-79.64	95.91
121.48	-79.51	102.42
121.94	-79.22	112.81
122.40	-78.90	125.95
122.86	-78.69	140.73
123.32	-78.74	156.03
123.79	-79.05	170.97
124.26	-79.52	-175.07
124.73	-80.05	-162.75
125.20	-80.53	-152.73
125.67	-80.87	-145.68
126.14	-80.95	-142.29
126.62	-80.74	-142.65
127.10	-80.31	-145.96
127.58	-79.73	-151.30
128.06	-79.10	-157.78
128.54	-78.50	-164.44
129.03	-78.01	-170.34
129.51	-77.69	-174.93
130.00	-77.55	-178.56
130.49	-77.57	178.30
130.98	-77.75	175.20
131.48	-78.09	171.66
131.98	-78.57	167.19
132.47	-79.16	161.67
132.97	-79.82	155.59
133.48	-80.46	149.54
133.98	-81.01	144.12
134.48	-81.42	139.95
134.99	-81.60	137.61
135.50	-81.54	136.95
136.01	-81.32	136.89
136.53	-80.98	136.27
137.04	-80.61	133.93
137.56	-80.28	128.65
138.08	-80.04	119.36
138.60	-79.91	106.31
139.12	-79.85	90.48
139.65	-79.85	72.91
140.17	-79.86	54.63
140.70	-79.87	36.71
141.23	-79.85	20.09
141.77	-79.83	5.30
142.30	-79.84	-7.21
142.84	-79.91	-16.94
143.38	-80.09	-23.41
143.92	-80.38	-26.23
144.46	-80.79	-26.28
145.01	-81.25	-25.27
145.55	-81.72	-24.99
146.10	-82.15	-27.25
146.65	-82.47	-33.87
147.21	-82.67	-44.97
147.76	-82.80	-57.75
148.32	-82.89	-69.06
148.88	-83.01	-75.67
149.44	-83.19	-74.28
150.01	-83.46	-63.01
150.57	-83.73	-45.05
151.14	-83.85	-24.78
151.71	-83.71	-6.68
152.28	-83.17	4.65
152.86	-82.14	5.49
153.43	-80.76	-2.78
154.01	-79.28	-16.90
154.59	-77.92	-33.57
155.18	-76.92	-49.39
155.76	-76.50	-61.35
156.35	-76.56	-69.44
156.94	-76.90	-74.87
157.53	-77.30	-78.88
158.13	-77.55	-82.76
158.72	-77.46	-87.61
159.32	-77.09	-93.38
159.93	-76.55	-99.58
160.53	-75.97	-105.72
161.13	-75.51	-111.30
161.74	-75.26	-115.88
162.35	-75.24	-119.31
162.97	-75.44	-121.53
163.58	-75.85	-122.47
164.20	-76.45	-122.07
164.82	-77.17	-120.47
165.44	-77.84	-118.32
166.06	-78.27	-116.30
166.69	-78.25	-115.15
167.32	-77.59	-115.58
167.95	-76.36	-117.78
168.58	-74.90	-121.48
169.22	-73.55	-126.35
169.86	-72.66	-132.07
170.50	-72.52	-138.35
171.14	-72.84	-145.12
171.79	-73.20	-152.39
172.44	-73.13	-160.19
173.09	-72.19	-168.51
173.74	-70.44	-177.30
174.40	-68.74	173.66
175.06	-68.05	164.54
175.72	-69.32	155.57
176.38	-73.23	147.07
177.04	-78.83	140.05
177.71	-84.57	135.76
178.38	-88.87	135.48
179.06	-90.20	140.43
179.73	-88.45	149.91
180.41	-84.92	161.38
181.09	-81.02	172.10
181.77	-78.19	179.33
182.46	-77.27	-178.50
183.15	-77.69	179.88
183.84	-78.65	176.15
184.53	-79.37	172.07
185.23	-79.18	169.10
185.93	-78.18	167.43
186.63	-76.67	166.82
187.33	-74.98	167.05
188.04	-73.42	167.70
188.75	-72.13	166.89
189.46	-71.20	161.97
190.18	-70.69	150.22
190.90	-70.67	129.30
191.62	-71.23	102.18
192.34	-72.46	75.56
193.07	-74.45	56.36
193.79	-77.27	51.17
194.53	-80.51	59.47
195.26	-83.42	75.02
196.00	-85.20	91.27
196.74	-85.12	101.79
197.48	-83.58	103.67
198.22	-81.87	96.76
198.97	-81.31	80.98
199.72	-83.13	56.48
200.48	-86.96	26.01
201.23	-91.38	-5.93
201.99	-94.93	-34.69
202.75	-96.29	-56.11
203.52	-95.67	-70.29
204.29	-93.95	-79.34
205.06	-92.06	-85.40
205.83	-90.79	-90.24
206.61	-90.32	-93.71
207.39	-90.65	-95.14
208.17	-91.79	-93.82
208.96	-93.48	-90.64
209.74	-94.89	-89.95
210.54	-95.08	-96.68
211.33	-93.14	-115.57
212.13	-89.19	-145.04
212.93	-84.42	-176.86
213.73	-80.07	157.68
214.54	-77.31	145.81
215.35	-76.40	143.54
216.16	-77.23	142.14
216.98	-79.68	132.69
217.80	-83.34	109.40
218.62	-87.16	73.51
219.44	-89.97	27.18
220.27	-90.69	-27.04
221.10	-89.45	-82.42
221.94	-87.20	-129.31
222.77	-84.94	-157.82
223.61	-83.30	-164.03
224.46	-81.96	-160.48
225.30	-80.41	-162.74
226.15	-78.25	174.94
227.01	-76.22	137.24
227.86	-75.85	101.33
228.72	-78.68	84.92
229.59	-84.95	95.23
230.45	-92.13	117.95
231.32	-97.33	135.88
232.20	-98.10	134.82
233.07	-95.23	120.86
233.95	-90.76	108.11
234.84	-86.72	110.38
235.72	-84.02	128.65
236.61	-82.50	151.38
237.50	-81.96	166.34
238.40	-82.10	166.97
239.30	-82.43	159.11
240.20	-82.47	150.35
241.11	-81.80	146.71
242.02	-80.53	146.77
242.93	-78.89	146.93
243.85	-77.16	143.91
244.77	-75.63	137.78
245.69	-74.64	130.41
246.62	-74.51	123.60
247.55	-75.12	116.98
248.48	-75.94	108.35
249.42	-76.46	95.47
250.36	-76.55	79.53
251.31	-76.56	65.93
252.26	-76.88	60.39
253.21	-77.71	64.04
254.16	-78.83	70.36
255.12	-80.04	72.04
256.09	-81.18	66.26
257.05	-82.22	59.22
258.02	-83.15	58.32
259.00	-83.91	66.98
259.97	-84.27	79.90
260.95	-84.02	90.54
261.94	-83.18	95.24
262.93	-82.39	96.80
263.92	-82.34	98.90
264.92	-83.31	103.38
265.92	-84.75	108.33
266.92	-85.98	111.35
267.93	-86.39	111.73
268.94	-85.52	111.46
269.95	-82.95	112.77
270.97	-79.10	114.52
271.99	-75.56	111.28
273.02	-73.95	97.66
274.05	-74.45	76.90
275.08	-75.94	60.16
276.12	-77.29	57.77
277.16	-78.00	66.55
278.21	-77.89	75.14
279.26	-76.92	74.04
280.31	-75.51	65.84
281.37	-74.27	57.39
282.43	-73.67	53.32
283.50	-73.70	51.53
284.57	-74.27	48.67
285.64	-75.19	43.45
286.72	-76.11	37.57
287.80	-76.68	32.73
288.89	-76.97	27.15
289.98	-77.30	16.53
291.07	-78.02	-1.32
292.17	-79.45	-17.94
293.27	-81.91	-21.62
294.38	-85.17	-8.54
295.49	-87.99	10.28
296.61	-89.06	22.78
297.73	-88.04	26.53
298.85	-85.24	26.03
299.98	-81.49	25.26
301.11	-79.49	25.15
302.25	-82.32	25.97
303.39	-89.07	29.21
304.53	-93.91	37.89
305.68	-91.89	54.08
306.83	-86.04	73.18
307.99	-82.44	87.99
309.15	-83.46	95.43
310.32	-85.37	99.19
311.49	-84.36	102.76
312.67	-80.87	103.15
313.85	-77.24	94.42
315.03	-74.91	75.56
316.22	-73.74	53.80
317.41	-73.47	36.26
318.61	-73.85	23.33
319.81	-74.66	12.70
321.02	-75.73	3.59
322.23	-76.90	-2.74
323.45	-78.02	-5.65
324.67	-78.92	-8.17
325.89	-79.44	-13.98
327.12	-80.04	-20.39
328.36	-81.74	-19.17
329.60	-84.71	-6.75
330.84	-87.04	8.88
332.09	-86.91	19.02
333.34	-85.05	22.12
334.60	-83.27	19.75
335.86	-82.32	13.77
337.13	-81.86	6.43
338.40	-81.59	1.31
339.68	-81.53	5.08
340.96	-81.70	22.29
342.25	-81.88	40.96
343.54	-81.80	43.97
344.83	-81.46	32.66
346.14	-81.12	23.20
347.44	-80.80	22.12
348.75	-80.20	19.83
350.07	-79.18	10.65
351.39	-78.22	5.72
352.72	-77.76	15.57
354.05	-77.22	26.57
355.38	-75.81	17.71
356.72	-74.21	-9.22
358.07	-74.06	-37.52
359.42	-75.55	-55.74
360.78	-77.23	-58.44
362.14	-78.33	-47.66
363.51	-79.29	-37.46
364.88	-80.41	-36.10
366.25	-81.17	-34.20
367.64	-81.04	-24.12
369.02	-79.88	-15.30
370.42	-77.84	-18.71
371.81	-76.06	-31.88
373.22	-75.83	-47.58
374.63	-76.96	-56.17
376.04	-78.53	-48.82
377.46	-79.40	-34.60
378.88	-78.41	-31.20
380.31	-76.38	-40.61
381.75	-75.29	-54.67
383.19	-75.47	-68.54
384.63	-76.01	-79.95
386.09	-76.80	-86.59
387.54	-78.39	-86.35
389.00	-80.07	-82.33
390.47	-80.21	-81.87
391.95	-79.16	-87.55
393.43	-79.03	-97.28
394.91	-80.35	-102.58
396.40	-82.31	-91.02
397.90	-83.49	-70.78
399.40	-82.30	-64.87
400.90	-80.06	-74.39
402.42	-79.79	-85.22
403.94	-80.37	-89.51
405.46	-78.69	-85.39
406.99	-77.02	-87.38
408.53	-79.30	-111.52
410.07	-82.76	-129.04
411.61	-83.03	-106.34
413.17	-81.08	-74.84
414.73	-79.06	-72.27
416.29	-77.60	-88.99
417.86	-76.90	-108.22
419.44	-76.99	-121.03
421.02	-77.82	-125.10
422.61	-79.30	-127.22
424.21	-81.49	-132.14
425.81	-84.47	-141.23
427.41	-86.24	-154.52
429.03	-84.33	-166.86
430.65	-84.28	-141.66
432.27	-91.49	-54.38
433.90	-95.26	8.06
435.54	-88.09	-14.97
437.18	-79.82	-53.81
438.83	-76.36	-71.26
440.49	-75.24	-95.60
442.15	-75.38	-124.47
443.82	-76.80	-135.07
445.49	-77.86	-138.22
447.18	-77.66	-152.88
448.86	-79.26	177.36
450.56	-84.74	148.74
452.26	-93.22	159.20
453.96	-98.44	-151.80
455.68	-93.07	-93.97
457.40	-83.69	-59.86
459.12	-77.79	-66.10
460.85	-74.87	-92.76
462.59	-74.17	-122.54
464.34	-75.49	-146.14
466.09	-77.08	-159.25
467.85	-77.49	-161.62
469.62	-77.69	-158.48
471.39	-78.06	-156.24
473.17	-78.09	-160.66
474.95	-77.79	-170.86
476.74	-77.86	178.64
478.54	-79.84	177.11
480.35	-82.32	-173.76
482.16	-82.04	-160.54
483.98	-79.78	-154.91
485.81	-77.32	-158.86
487.64	-75.87	-158.44
489.48	-75.02	-162.58
491.33	-74.23	175.23
493.18	-75.03	148.72
495.04	-77.30	135.73
496.91	-79.15	146.96
498.79	-78.89	163.72
500.67	-76.71	165.04
502.56	-75.18	142.21
504.45	-76.16	114.23
506.36	-79.43	104.05
508.27	-81.89	117.91
510.19	-83.38	126.25
512.11	-84.19	114.68
514.04	-82.57	130.00
515.98	-81.63	119.93
517.93	-84.09	56.17
519.89	-84.79	96.72
521.85	-81.96	163.60
523.82	-78.31	119.23
525.79	-79.73	70.42
527.78	-86.89	57.61
529.77	-94.12	43.53
531.77	-91.31	-30.95
533.78	-83.37	-119.42
535.79	-79.32	-167.55
537.81	-79.81	154.84
539.84	-79.87	123.57
541.88	-78.47	102.94
543.92	-81.02	89.78
545.98	-84.57	84.51
548.04	-84.34	79.73
550.10	-79.98	62.79
552.18	-80.90	31.71
554.26	-84.02	-24.47
556.35	-83.97	-101.31
558.45	-86.44	-155.40
560.56	-85.25	-164.44
562.68	-79.86	-160.09
564.80	-78.09	169.02
566.93	-77.70	147.23
569.07	-76.58	137.07
571.22	-75.28	119.12
573.37	-75.96	97.02
575.54	-78.22	77.86
577.71	-81.63	59.20
579.89	-84.79	51.72
582.08	-84.25	86.33
584.27	-80.82	99.21
586.48	-79.15	71.68
588.69	-82.09	52.78
590.91	-85.44	80.46
593.14	-86.27	108.85
595.38	-84.32	119.58
597.63	-81.81	120.48
599.88	-81.67	99.78
602.15	-82.91	78.66
604.42	-82.65	69.92
606.70	-84.84	73.36
608.99	-92.43	103.76
611.29	-83.50	-166.15
613.59	-71.01	179.51
615.91	-68.93	82.14
618.23	-73.99	60.30
620.57	-77.39	86.18
622.91	-74.14	84.12
625.26	-72.07	80.44
627.62	-71.97	80.53
629.99	-69.96	50.35
632.36	-72.12	19.10
634.75	-73.46	29.55
637.15	-74.58	35.08
639.55	-75.14	14.63
641.96	-76.91	4.71
644.39	-82.45	27.72
646.82	-79.51	54.61
649.26	-75.73	47.41
651.71	-74.11	28.27
654.17	-73.28	16.14
656.64	-73.48	11.61
659.11	-73.60	20.77
661.60	-71.62	14.36
664.10	-71.14	-5.57
666.60	-74.70	-18.41
669.12	-75.15	-7.74
671.64	-71.07	-3.54
674.18	-70.19	-33.05
676.72	-72.17	-54.20
679.28	-74.24	-59.42
681.84	-73.65	-55.20
684.41	-74.35	-53.46
687.00	-73.68	-63.87
689.59	-79.59	-83.61
692.19	-85.59	-64.61
694.80	-76.96	-20.42
697.42	-73.20	-49.43
700.06	-73.19	-69.89
702.70	-75.43	-81.86
705.35	-75.71	-74.17
708.01	-75.42	-75.34
710.68	-73.26	-82.88
713.36	-72.72	-102.07
716.06	-75.76	-134.29
718.76	-80.46	-128.83
721.47	-83.25	-121.14
724.19	-80.98	-125.03
726.93	-78.84	-51.11
729.67	-77.59	-96.57
732.42	-82.60	-103.29
735.19	-85.50	-83.86
737.96	-75.92	-66.45
740.75	-74.21	-97.50
743.54	-75.93	-107.55
746.35	-75.73	-119.69
749.16	-77.76	-119.21
751.99	-77.20	-127.53
754.83	-79.56	-120.92
757.68	-77.82	-111.27
760.54	-75.56	-132.03
763.41	-74.35	-151.34
766.29	-77.44	-165.45
769.18	-79.89	-166.72
772.08	-78.90	-147.64
774.99	-80.23	-152.05
777.92	-77.83	-152.60
780.85	-76.91	-174.04
783.80	-76.75	-166.49
786.76	-79.30	179.72
789.73	-77.15	-164.17
792.71	-74.35	158.94
795.70	-79.53	135.52
798.70	-80.50	-163.40
801.71	-76.12	173.68
804.74	-78.12	170.18
807.78	-73.92	155.75
810.83	-75.58	107.58
813.88	-78.14	85.77
816.96	-85.42	41.38
820.04	-89.58	-99.04
823.13	-80.98	-163.73
826.24	-80.40	151.97
829.36	-88.46	163.49
832.49	-78.43	-165.50
835.63	-77.89	165.16
838.78	-77.46	176.06
841.95	-74.97	144.88
845.12	-73.63	116.99
848.31	-75.06	85.24
851.51	-80.80	63.48
854.73	-84.99	48.73
857.95	-101.76	-49.97
861.19	-77.88	-175.21
864.44	-74.77	114.68
867.70	-83.96	84.88
870.98	-82.77	112.87
874.26	-84.62	124.41
877.56	-77.81	158.08
880.87	-73.04	122.52
884.20	-73.35	82.51
887.53	-80.94	82.98
890.88	-81.60	115.45
894.25	-78.88	112.39
897.62	-77.05	96.43
901.01	-79.29	120.28
904.41	-74.87	118.24
907.82	-73.38	94.07
911.25	-71.83	96.57
914.68	-71.26	68.87
918.14	-72.09	55.93
921.60	-74.09	30.16
925.08	-74.22	37.50
928.57	-75.39	37.80
932.07	-73.26	37.03
935.59	-75.85	18.67
939.12	-76.69	27.81
942.67	-77.81	40.16
946.22	-73.18	47.76
949.79	-72.14	21.28
953.38	-71.01	13.53
956.97	-72.23	-4.54
960.59	-72.23	-12.69
964.21	-72.17	-21.76
967.85	-72.94	-25.58
971.50	-75.86	-62.63
975.17	-76.89	-19.67
978.85	-74.64	-33.86
982.54	-76.89	-39.18
986.25	-76.61	-27.77
989.97	-74.25	-32.44
993.71	-72.85	-47.46
997.46	-72.83	-63.48
1001.22	-74.05	-83.14
1005.00	-79.57	-85.31
1008.79	-77.74	-75.28
1012.60	-77.94	-65.96
1016.42	-75.33	-72.58
1020.25	-77.07	-87.97
1024.10	-79.76	-79.81
1027.97	-76.47	-92.48
1031.85	-75.85	-73.46
1035.74	-73.14	-99.37
1039.65	-73.43	-96.40
1043.57	-72.15	-112.96
1047.51	-72.35	-124.10
1051.46	-72.88	-131.68
1055.43	-72.32	-158.62
1059.41	-78.91	165.41
1063.41	-78.93	-115.69
1067.43	-72.79	-165.61
1071.45	-72.97	161.31
1075.50	-79.19	149.67
1079.55	-76.32	133.70
1083.63	-81.69	56.14
1087.72	-82.89	-108.66
1091.82	-86.97	177.43
1095.94	-86.29	-56.03
1100.08	-80.42	-126.55
1104.23	-78.64	-151.88
1108.40	-80.91	-169.58
1112.58	-80.12	-138.04
1116.78	-76.09	170.87
1120.99	-83.75	156.49
1125.22	-82.97	-178.23
1129.47	-78.78	-173.06
1133.73	-76.37	157.63
1138.01	-81.40	139.23
1142.30	-83.54	159.23
1146.61	-81.90	-153.73
1150.94	-76.19	179.81
1155.28	-74.33	151.85
1159.64	-75.22	117.72
1164.02	-79.00	97.06
1168.41	-80.49	118.64
1172.82	-79.73	114.68
1177.25	-79.72	134.50
1181.69	-77.79	137.03
1186.15	-76.48	148.20
1190.62	-71.20	127.49
1195.12	-74.26	102.83
1199.63	-72.07	113.43
1204.15	-73.03	88.96
1208.70	-73.13	84.46
1213.26	-75.38	79.00
1217.84	-73.78	88.50
1222.43	-72.74	82.17
1227.04	-70.30	78.47
1231.67	-68.78	65.50
1236.32	-66.84	48.62
1240.99	-67.37	21.07
1245.67	-69.67	6.04
1250.37	-70.73	-0.93
1255.09	-70.13	-5.41
1259.83	-70.81	-18.60
1264.58	-72.00	-28.04
1269.35	-72.81	-32.92
1274.14	-72.86	-38.26
1278.95	-78.66	-53.65
1283.78	-73.46	-6.02
1288.62	-71.65	-33.34
1293.48	-71.10	-47.13
1298.36	-68.80	-59.36
1303.26	-71.71	-100.75
1308.18	-75.17	-93.26
1313.12	-76.19	-96.44
1318.07	-75.61	-86.27
1323.05	-76.40	-96.79
1328.04	-74.83	-108.88
1333.05	-74.98	-106.99
1338.08	-76.54	-99.09
1343.13	-71.25	-120.28
1348.20	-73.77	-151.77
1353.29	-77.32	-145.96
1358.39	-76.88	-143.35
1363.52	-73.92	-140.18
1368.67	-75.17	-156.10
1373.83	-75.49	171.44
1379.01	-79.65	-178.51
1384.22	-79.88	163.77
1389.44	-81.78	-175.30
1394.68	-79.05	162.35
1399.95	-84.70	161.21
1405.23	-80.74	-154.42
1410.53	-76.47	-171.12
1415.86	-76.20	162.03
1421.20	-74.81	143.67
1426.56	-77.84	115.94
1431.94	-82.10	127.58
1437.35	-80.51	113.03
1442.77	-84.53	124.65
1448.22	-83.30	125.83
1453.68	-90.08	124.48
1459.17	-81.04	156.12
1464.67	-81.15	118.32
1470.20	-79.71	130.01
1475.75	-79.37	112.10
1481.32	-79.88	117.59
1486.91	-76.83	88.39
1492.52	-79.91	99.46
1498.15	-79.35	70.03
1503.80	-80.30	86.02
1509.48	-82.23	83.89
1515.17	-82.76	60.55
1520.89	-81.87	84.52
1526.63	-82.30	109.07
1532.39	-78.18	89.60
1538.17	-75.37	86.29
1543.98	-73.37	57.99
1549.81	-74.64	35.47
1555.65	-76.71	42.75
1561.52	-74.89	32.82
1567.42	-73.76	23.55
1573.33	-74.58	10.51
1579.27	-71.85	-0.52
1585.23	-71.63	-22.51
1591.21	-74.48	-39.57
1597.21	-75.37	-35.45
1603.24	-75.61	-46.15
1609.29	-71.84	-41.95
1615.36	-73.07	-85.90
1621.46	-77.95	-89.38
1627.58	-77.41	-83.75
1633.72	-76.39	-77.53
1639.89	-81.31	-105.97
1646.07	-82.36	-61.02
1652.29	-76.07	-72.03
1658.52	-74.25	-90.82
1664.78	-74.30	-109.19
1671.06	-76.37	-121.91
1677.37	-74.35	-129.54
1683.70	-74.44	-143.48
1690.05	-78.51	-159.58
1696.43	-74.49	-138.50
1702.83	-75.32	-167.77
1709.26	-74.41	165.91
1715.70	-78.32	150.36
1722.18	-79.09	139.40
1728.68	-80.66	-145.65
1735.20	-77.03	173.65
1741.75	-75.44	144.10
1748.32	-77.24	117.59
1754.92	-81.36	125.75
1761.54	-79.58	53.82
1768.19	-78.16	167.36
1774.86	-75.37	126.97
1781.56	-79.67	100.23
1788.28	-77.54	86.78
1795.03	-82.43	77.08
1801.80	-84.47	126.89
1808.60	-76.19	115.21
1815.43	-75.54	90.08
1822.28	-74.74	76.54
1829.15	-74.15	40.13
1836.06	-81.90	46.24
1842.99	-79.19	74.00
1849.94	-75.26	53.88
1856.92	-76.94	20.88
1863.93	-78.68	42.37
1870.96	-75.86	26.98
1878.02	-77.86	22.16
1885.11	-76.34	17.31
1892.22	-76.25	16.28
1899.36	-72.81	-26.35
1906.53	-74.76	-30.08
1913.72	-74.82	-30.92
1920.95	-75.61	-62.00
1928.19	-76.72	-56.84
1935.47	-73.95	-64.15
1942.77	-77.91	-77.18
1950.11	-75.16	-86.73
1957.46	-76.36	-102.91
1964.85	-75.54	-118.56
1972.27	-78.55	-131.29
1979.71	-77.50	-111.46
1987.18	-76.29	-144.52
1994.68	-76.57	-133.87
2002.20	-76.50	-170.08
2009.76	-80.98	179.78
2017.34	-76.92	-146.31
2024.96	-73.33	-177.12
2032.60	-77.77	139.49
2040.27	-76.61	138.32
2047.97	-76.66	129.82
2055.70	-79.53	119.16
2063.45	-77.08	105.73
2071.24	-86.44	106.25
2079.06	-80.09	137.61
2086.90	-81.88	79.78
2094.78	-93.29	102.10
2102.68	-85.10	147.17
2110.62	-79.18	138.39
2118.58	-75.12	117.37
2126.57	-75.24	84.42
2134.60	-75.37	74.38
2142.65	-79.72	39.89
2150.74	-79.26	85.27
2158.86	-74.59	61.32
2167.00	-76.45	35.53
2175.18	-77.69	0.82
2183.39	-85.52	-0.51
2191.63	-76.26	53.37
2199.90	-73.98	17.88
2208.20	-74.21	-10.95
2216.53	-73.72	-7.09
2224.90	-74.43	-38.00
2233.29	-78.67	-54.76
2241.72	-73.77	-42.46
2250.18	-74.33	-75.21
2258.67	-73.69	-87.35
2267.19	-74.06	-125.26
2275.75	-76.97	-130.52
2284.34	-82.01	-146.07
2292.96	-77.41	-119.47
2301.61	-76.67	-150.00
2310.29	-78.94	-140.00
2319.01	-77.39	-170.16
2327.76	-79.38	176.60
2336.55	-77.77	-173.17
2345.36	-78.60	153.33
2354.21	-77.97	149.56
2363.10	-79.91	146.98
2372.02	-81.13	127.77
2380.97	-83.30	128.00
2389.95	-78.70	135.67
2398.97	-80.50	107.44
2408.02	-77.68	105.46
2417.11	-82.72	63.06
2426.23	-83.73	127.20
2435.39	-79.65	122.83
2444.58	-76.03	101.48
2453.80	-77.33	54.03
2463.06	-79.26	59.22
2472.35	-80.55	57.86
2481.68	-77.08	45.29
2491.05	-76.49	25.20
2500.45	-78.01	8.96
2509.88	-76.21	5.23
2519.36	-76.61	-30.05
2528.86	-78.92	-11.05
2538.41	-77.69	-32.23
2547.98	-76.83	-48.30
2557.60	-77.58	-65.96
2567.25	-78.08	-70.19
2576.94	-78.49	-93.69
2586.66	-78.32	-92.69
2596.42	-78.38	-109.33
2606.22	-77.77	-128.61
2616.06	-79.69	-148.73
2625.93	-81.03	-147.93
2635.84	-80.19	-164.58
2645.78	-79.18	-163.48
2655.77	-79.86	176.59
2665.79	-76.92	137.87
2675.85	-78.66	163.45
2685.95	-78.86	128.83
2696.08	-79.68	101.53
2706.26	-87.50	125.64
2716.47	-83.00	136.25
2726.72	-81.36	133.32
2737.01	-77.36	119.16
2747.34	-78.29	91.71
2757.70	-79.10	86.55
2768.11	-76.80	77.92
2778.56	-75.64	62.56
2789.04	-75.87	48.89
2799.57	-74.60	21.93
2810.13	-76.93	6.50
2820.73	-77.38	0.71
2831.38	-79.69	-9.15
2842.06	-79.34	-22.48
2852.79	-79.72	-22.81
2863.55	-76.16	-36.28
2874.36	-77.97	-63.34
2885.21	-78.84	-68.56
2896.09	-80.28	-86.13
2907.02	-77.64	-94.95
2917.99	-77.26	-115.56
2929.00	-80.58	-125.93
2940.06	-76.96	-139.69
2951.15	-79.53	-158.53
2962.29	-76.28	171.71
2973.47	-81.10	-178.79
2984.69	-79.24	164.92
2995.95	-77.66	156.48
3007.25	-79.49	143.19
3018.60	-78.45	132.59
3029.99	-81.42	121.78
3041.43	-78.68	120.59
3052.90	-77.38	103.55
3064.42	-75.87	84.16
3075.99	-75.54	57.50
3087.60	-78.68	57.76
3099.25	-78.00	52.25
3110.94	-76.69	27.14
3122.68	-78.83	-4.63
3134.47	-80.31	8.79
3146.29	-78.11	1.59
3158.17	-78.68	-27.26
3170.08	-80.02	-14.73
3182.05	-77.67	-31.31
3194.05	-77.29	-62.49
3206.11	-75.10	-83.06
3218.21	-77.76	-96.66
3230.35	-76.36	-104.68
3242.54	-76.32	-143.08
3254.77	-78.22	-159.95
3267.06	-81.49	-176.90
3279.39	-81.73	-162.04
3291.76	-77.57	154.62
3304.18	-80.36	172.17
3316.65	-76.98	133.63
3329.17	-77.98	135.90
3341.73	-78.40	126.52
3354.34	-77.26	91.30
3367.00	-79.50	87.14
3379.70	-77.41	67.16
3392.46	-78.38	49.84
3405.26	-78.48	41.81
3418.11	-79.96	26.33
3431.01	-82.36	29.53
3443.95	-81.57	11.27
3456.95	-80.06	24.24
3469.99	-75.73	-7.62
3483.09	-76.76	-40.24
3496.23	-77.92	-58.17
3509.43	-78.68	-60.35
3522.67	-76.59	-86.70
3535.96	-81.28	-119.08
3549.31	-78.71	-127.20
3562.70	-80.87	-146.40
3576.14	-79.48	-169.97
3589.64	-82.03	177.26
3603.18	-79.64	-152.64
3616.78	-79.68	146.32
3630.43	-80.12	124.73
3644.13	-82.36	121.62
3657.88	-79.23	125.00
3671.68	-79.90	99.70
3685.54	-79.24	108.32
3699.45	-79.81	78.68
3713.41	-79.63	58.59
3727.42	-81.77	58.43
3741.49	-78.84	61.94
3755.60	-76.93	18.31
3769.78	-77.45	5.67
3784.00	-79.90	3.36
3798.28	-78.51	-20.90
3812.61	-78.57	-52.01
3827.00	-79.25	-72.64
3841.44	-78.56	-87.26
3855.94	-82.24	-120.73
3870.49	-81.51	-104.71
3885.09	-80.28	-122.51
3899.75	-79.67	-141.42
3914.47	-79.95	-164.84
3929.24	-78.03	-172.94
3944.07	-77.84	154.78
3958.95	-79.91	133.95
3973.89	-77.79	141.11
3988.89	-79.43	116.26
4003.94	-77.97	104.87
4019.05	-76.08	79.01
4034.22	-77.07	60.12
4049.44	-77.36	62.59
4064.72	-73.91	34.59
4080.06	-77.65	7.48
4095.46	-76.35	-6.03
4110.91	-77.64	-22.45
4126.42	-75.79	-39.87
4141.99	-76.22	-61.17
4157.62	-77.78	-88.83
4173.31	-79.22	-92.27
4189.06	-76.73	-117.55
4204.87	-75.31	-140.59
4220.74	-80.15	-162.74
4236.66	-77.33	-177.75
4252.65	-76.70	178.10
4268.70	-75.58	143.16
4284.81	-75.74	121.33
4300.98	-77.25	117.69
4317.21	-74.04	90.12
4333.50	-76.79	80.37
4349.85	-74.05	66.27
4366.26	-74.25	33.94
4382.74	-75.27	15.02
4399.28	-75.32	-3.80
4415.88	-76.12	-21.47
4432.54	-77.00	-48.12
4449.27	-76.12	-65.90
4466.06	-75.92	-72.85
4482.91	-76.30	-113.24
4499.83	-78.01	-131.78
4516.81	-83.26	-157.15
4533.85	-77.50	-139.23
4550.96	-77.24	-172.72
4568.14	-76.07	162.58
4585.37	-75.14	142.78
4602.68	-74.32	131.58
4620.05	-75.01	99.97
4637.48	-74.23	101.26
4654.98	-71.54	66.35
4672.55	-73.17	30.16
4690.18	-73.99	28.17
4707.88	-72.94	-4.46
4725.64	-75.66	-40.64
4743.48	-75.70	-46.78
4761.38	-74.64	-66.88
4779.34	-75.29	-121.76
4797.38	-83.21	-133.60
4815.48	-79.67	-111.81
4833.65	-76.75	-145.27
4851.89	-79.34	-163.81
4870.20	-74.57	-166.20
4888.58	-73.00	162.41
4907.03	-73.61	127.16
4925.54	-72.44	108.70
4944.13	-72.95	73.47
4962.79	-74.80	56.05
4981.52	-74.26	50.01
5000.31	-72.41	22.59
5019.18	-75.14	-34.63
5038.12	-74.50	-21.03
5057.14	-75.36	-67.97
5076.22	-79.97	-70.51
5095.37	-73.99	-88.83
5114.60	-78.38	-132.08
5133.90	-81.15	-128.57
5153.27	-76.90	-131.40
5172.72	-71.81	-149.47
5192.24	-71.98	155.28
5211.83	-71.15	141.54
5231.50	-71.75	98.33
5251.24	-74.74	80.61
5271.06	-72.20	67.40
5290.95	-74.00	40.70
5310.91	-72.48	9.36
5330.96	-73.62	-9.18
5351.07	-74.30	-38.03
5371.27	-76.46	-63.71
5391.53	-78.19	-79.96
5411.88	-77.02	-88.78
5432.30	-75.04	-108.60
5452.80	-73.63	-148.47
5473.38	-75.27	-179.69
5494.03	-73.16	170.32
5514.76	-73.42	132.83
5535.57	-72.70	118.33
5556.46	-71.36	82.44
5577.43	-73.03	44.71
5598.48	-75.20	33.38
5619.60	-73.31	18.46
5640.81	-73.85	-17.64
5662.10	-74.45	-28.52
5683.46	-74.24	-67.30
5704.91	-75.48	-80.12
5726.44	-74.66	-119.96
5748.05	-77.20	-144.00
5769.74	-76.21	-147.61
5791.51	-74.52	172.21
5813.36	-75.01	147.75
5835.30	-72.89	120.23
5857.32	-73.12	94.24
5879.42	-74.42	73.01
5901.61	-73.21	49.39
5923.88	-74.98	14.10
5946.23	-73.87	1.39
5968.67	-74.05	-43.22
5991.20	-75.86	-79.70
6013.80	-77.76	-94.29
6036.50	-80.27	-110.51
6059.28	-77.47	-129.13
6082.14	-77.16	-160.59
6105.09	-77.49	178.32
6128.13	-74.47	160.55
6151.26	-75.46	115.54
6174.47	-72.02	111.36
6197.77	-72.32	57.54
6221.16	-73.08	36.18
6244.63	-74.30	-1.63
6268.20	-75.56	-7.04
6291.85	-75.82	-37.02
6315.59	-75.74	-63.91
6339.42	-78.83	-103.54
6363.35	-76.57	-110.45
6387.36	-74.42	-139.54
6411.46	-73.36	-175.72
6435.66	-74.62	139.96
6459.94	-73.63	132.07
6484.32	-73.71	101.99
6508.79	-71.07	78.41
6533.35	-72.14	40.01
6558.00	-73.47	8.53
6582.75	-73.63	-14.47
6607.59	-76.19	-33.23
6632.53	-73.78	-58.41
6657.55	-73.33	-91.32
6682.68	-73.13	-140.05
6707.90	-75.83	-156.35
6733.21	-71.32	-179.10
6758.62	-71.14	138.85
6784.12	-71.57	106.83
6809.72	-71.90	71.35
6835.42	-72.54	55.63
6861.21	-70.51	18.76
6887.10	-73.91	-23.09
6913.09	-73.11	-5.87
6939.18	-73.24	-59.74
6965.36	-72.40	-79.48
6991.65	-69.88	-122.99
7018.03	-70.54	-159.88
7044.51	-70.16	159.04
7071.10	-71.17	134.59
7097.78	-68.25	101.11
7124.56	-70.23	57.47
7151.45	-70.71	38.06
7178.44	-72.40	23.78
7205.52	-68.61	-18.72
7232.71	-69.82	-38.83
7260.01	-68.46	-82.64
7287.40	-67.44	-116.82
7314.90	-64.78	-164.61
7342.51	-67.82	145.01
7370.21	-66.40	117.24
7398.03	-67.63	73.44
7425.94	-67.61	42.44
7453.97	-70.54	3.85
7482.09	-70.76	-12.19
7510.33	-70.87	-49.55
7538.67	-70.27	-71.62
7567.12	-69.56	-118.99
7595.67	-69.62	-171.61
7624.33	-70.54	156.15
7653.10	-70.06	117.06
7681.98	-70.51	69.51
7710.97	-73.81	62.23
7740.07	-73.31	18.73
7769.28	-73.02	9.68
7798.60	-75.78	-27.93
7828.02	-76.42	-60.86
7857.56	-74.96	-61.39
7887.21	-71.80	-128.50
7916.98	-74.50	-176.30
7946.85	-71.76	136.55
7976.84	-74.25	102.90
8006.94	-75.16	69.26
8037.16	-74.29	56.73
8067.49	-74.55	-3.45
8097.93	-77.53	6.37
8128.49	-78.47	-65.50
8159.16	-80.88	-14.24
8189.95	-73.44	-86.50
8220.86	-73.43	-149.92
8251.88	-74.74	151.98
8283.02	-72.71	121.31
8314.27	-75.21	75.21
8345.65	-74.73	52.82
8377.14	-78.90	18.91
8408.75	-77.07	-4.36
8440.48	-78.57	-18.07
8472.33	-75.57	-55.06
8504.30	-73.64	-100.94
8536.40	-73.44	-158.20
8568.61	-72.18	121.97
8600.94	-79.77	97.09
8633.40	-74.72	77.01
8665.98	-77.71	38.57
8698.68	-77.95	11.13
8731.51	-76.85	-27.64
8764.46	-81.19	-48.45
8797.53	-75.43	-75.28
8830.73	-75.58	-140.88
8864.05	-75.23	152.00
8897.50	-78.55	100.12
8931.07	-81.09	-89.67
8964.78	-74.06	93.88
8998.61	-76.25	24.76
9032.56	-80.41	-96.13
9066.65	-77.27	-7.76
9100.86	-76.46	155.70
9135.20	-72.92	-113.59
9169.68	-75.05	-177.79
9204.28	-77.13	96.26
9239.01	-74.58	131.11
9273.88	-75.53	72.09
9308.87	-75.78	20.58
9344.00	-80.23	21.51
9379.26	-78.77	-26.15
9414.65	-77.04	-67.11
9450.18	-76.90	-126.35
9485.84	-78.68	168.49
9521.64	-76.09	138.55
9557.57	-78.09	85.01
9593.64	-74.65	65.90
9629.84	-77.51	11.38
9666.18	-78.74	-15.85
9702.65	-77.37	-48.91
9739.27	-76.65	-103.01
9776.02	-80.42	-174.50
9812.91	-79.68	149.25
9849.94	-76.76	125.36
9887.11	-76.50	59.54
9924.42	-78.79	46.86
9961.87	-78.67	7.38
9999.46	-81.37	-47.77
10037.19	-79.17	-58.18
10075.07	-80.16	-150.70
10113.09	-82.74	166.71
10151.25	-77.61	150.46
10189.55	-78.50	100.75
10228.01	-78.28	57.21
10266.60	-76.96	28.18
10305.34	-78.41	-12.95
10344.23	-83.11	-66.69
10383.27	-80.01	-110.52
10422.45	-80.80	-169.76
10461.78	-78.80	164.19
10501.26	-74.57	104.51
10540.88	-75.56	51.63
10580.66	-76.87	21.34
10620.59	-79.68	-28.60
10660.66	-80.28	-60.38
10700.89	-78.74	-104.94
10741.27	-75.88	-165.00
10781.81	-73.98	129.87
10822.49	-72.53	93.10
10863.33	-73.54	30.16
10904.33	-75.90	-3.31
10945.47	-74.66	-62.00
10986.78	-77.10	-113.59
11028.24	-75.25	-179.20
11069.85	-74.96	130.90
11111.63	-71.70	82.53
11153.56	-74.63	31.84
11195.64	-75.78	-18.80
11237.89	-78.00	-72.31
11280.30	-77.58	-110.60
11322.87	-79.91	168.78
11365.59	-77.25	128.96
11408.48	-77.91	67.00
11451.53	-79.37	47.55
11494.75	-78.29	22.24
11538.12	-80.88	-22.57
11581.66	-82.15	-109.88
11625.37	-82.27	-163.53
11669.24	-80.30	153.55
11713.27	-79.25	105.55
11757.47	-77.13	57.93
11801.84	-78.49	22.17
11846.37	-78.34	-23.80
11891.08	-80.06	-98.85
11935.95	-80.64	-171.84
11980.99	-78.95	146.29
12026.20	-77.51	84.56
12071.58	-78.48	46.39
12117.14	-77.98	6.48
12162.86	-80.33	-43.36
12208.76	-81.58	42.48
12254.83	-82.44	159.41
12301.07	-80.02	114.24
12347.49	-79.68	69.60
12394.08	-81.64	41.36
12440.85	-80.66	4.27
12487.80	-85.09	-91.62
12534.92	-84.98	-154.61
12582.23	-81.49	135.54
12629.71	-79.35	86.56
12677.37	-83.99	66.50
12725.20	-79.65	48.07
12773.22	-81.64	-6.36
12821.42	-82.33	-85.69
12869.81	-83.41	173.29
12918.37	-80.47	101.87
12967.12	-82.04	93.17
13016.05	-79.13	48.69
13065.17	-79.87	-3.92
13114.47	-85.11	17.94
13163.96	-87.93	171.86
13213.64	-82.22	148.71
13263.50	-79.57	76.29
13313.55	-81.48	73.51
13363.79	-78.26	20.33
13414.22	-83.02	-69.11
13464.84	-84.21	-158.85
13515.65	-80.73	140.93
13566.65	-80.12	91.44
13617.84	-80.39	43.44
13669.23	-79.86	19.21
13720.81	-82.78	-78.28
13772.59	-85.68	-175.52
13824.56	-83.08	131.96
13876.73	-79.11	70.93
13929.09	-82.24	48.06
13981.66	-80.90	13.98
14034.42	-85.63	-60.47
14087.38	-88.20	31.69
14140.54	-82.07	127.47
14193.90	-81.52	72.27
14247.46	-83.16	48.82
14301.22	-79.66	0.11
14355.19	-86.23	-95.46
14409.36	-84.23	172.70
14463.73	-81.56	113.36
14518.31	-79.75	67.36
14573.10	-79.64	31.19
14628.09	-81.04	-54.97
14683.29	-86.62	150.84
14738.70	-82.00	136.37
14794.32	-80.31	75.66
14850.15	-81.19	38.69
14906.18	-83.10	-5.36
14962.43	-84.81	-101.73
15018.90	-84.66	108.02
15075.57	-81.53	85.65
15132.46	-81.44	49.12
15189.56	-83.77	13.20
15246.88	-86.17	-23.85
15304.42	-84.24	147.76
15362.17	-83.33	99.30
15420.14	-80.49	64.55
15478.33	-84.27	2.55
15536.74	-89.55	-55.11
15595.37	-86.61	-66.99
15654.22	-82.89	84.25
15713.29	-82.33	63.79
15772.58	-86.01	33.70
15832.10	-88.47	-141.78
15891.85	-85.78	80.27
15951.81	-85.05	65.31
16012.01	-84.93	42.23
16072.43	-85.65	26.35
16133.08	-85.84	59.46
16193.96	-87.00	151.44
16255.07	-85.29	66.40
16316.41	-85.87	59.51
16377.98	-84.51	160.11
16439.79	-87.60	47.17
16501.82	-85.61	138.31
16564.09	-85.78	48.80
16626.60	-88.10	42.62
16689.34	-84.63	74.11
16752.32	-86.07	51.12
16815.54	-85.63	61.63
16878.99	-87.57	48.69
16942.69	-86.59	147.88
17006.62	-84.82	83.26
17070.79	-85.17	58.54
17135.21	-86.66	39.79
17199.87	-87.63	42.64
17264.78	-86.94	72.49
17329.93	-82.32	62.78
17395.32	-86.73	67.77
17460.97	-86.71	30.56
17526.86	-86.93	-158.74
17593.00	-85.39	92.74
17659.38	-83.87	41.21
17726.02	-86.93	49.22
17792.91	-87.39	-116.34
17860.06	-86.83	69.00
17927.45	-85.85	85.86
17995.10	-85.23	42.69
18063.01	-86.83	61.08
18131.17	-87.39	52.64
18199.59	-85.41	35.26
18268.27	-84.51	69.28
18337.21	-86.43	47.41
18406.40	-86.75	-132.37
18475.86	-89.42	-120.86
18545.58	-85.04	113.67
18615.56	-84.32	49.80
18685.81	-87.81	82.82
18756.32	-88.10	-40.14
18827.10	-84.99	80.32
18898.15	-84.00	61.37
18969.46	-86.76	22.42
19041.04	-86.90	78.26
19112.90	-86.46	56.41
19185.02	-83.96	59.95
19257.42	-86.46	45.10
19330.09	-87.20	62.74
19403.03	-85.56	68.86
19476.25	-85.33	78.90
19549.74	-85.09	107.70
19623.51	-85.06	38.86
19697.56	-84.31	120.16
19771.89	-84.40	111.04
19846.51	-77.01	113.66
19921.40	-45.78	-124.44
19996.57	-80.37	-34.90
20072.03	-84.37	0.40
20147.78	-82.89	66.19
20223.80	-85.07	26.06
20300.12	-86.22	45.38
20376.72	-84.75	81.35
20453.62	-82.11	54.40
20530.80	-84.21	32.28
20608.28	-88.16	-46.27
20686.04	-85.95	89.38
20764.10	-82.92	59.05
20842.46	-85.41	23.35
20921.11	-88.68	58.17
21000.06	-84.94	96.12
21079.30	-83.20	50.18
21158.85	-85.66	16.08
21238.69	-87.54	12.42
21318.84	-83.07	79.41
21399.29	-83.27	35.00
21480.04	-87.43	52.25
21561.09	-86.05	93.39
21642.46	-82.84	58.25
21724.12	-86.97	150.87
21806.10	-86.70	79.15
21888.39	-84.52	55.82
21970.99	-86.45	39.68
22053.89	-84.38	69.84
22137.12	-84.76	42.28
22220.65	-88.48	53.37
22304.50	-84.38	70.63
