Freq[Hz]	[dBV]	Phase[Deg]
10.00	-52.60	147.40
10.04	-52.52	147.30
10.08	-52.45	147.24
10.11	-52.37	147.20
10.15	-52.30	147.19
10.19	-52.22	147.20
10.23	-52.15	147.24
10.27	-52.08	147.31
10.31	-52.01	147.41
10.34	-51.93	147.53
10.38	-51.86	147.68
10.42	-51.80	147.86
10.46	-51.73	148.06
10.50	-51.66	148.29
10.54	-51.60	148.54
10.58	-51.53	148.82
10.62	-51.47	149.13
10.66	-51.41	149.46
10.70	-51.35	149.82
10.74	-51.30	150.20
10.78	-51.24	150.61
10.82	-51.19	151.04
10.86	-51.14	151.50
10.90	-51.09	151.98
10.95	-51.05	152.49
10.99	-51.01	153.02
11.03	-50.97	153.58
11.07	-50.93	154.16
11.11	-50.89	154.77
11.15	-50.86	155.39
11.20	-50.84	156.04
11.24	-50.81	156.72
11.28	-50.79	157.41
11.32	-50.77	158.13
11.37	-50.76	158.87
11.41	-50.75	159.64
11.45	-50.75	160.42
11.50	-50.75	161.23
11.54	-50.75	162.06
11.58	-50.76	162.90
11.63	-50.77	163.77
11.67	-50.79	164.66
11.71	-50.81	165.57
11.76	-50.84	166.49
11.80	-50.88	167.44
11.85	-50.92	168.40
11.89	-50.96	169.39
11.94	-51.01	170.39
11.98	-51.06	171.41
12.03	-51.12	172.45
12.07	-51.19	173.50
12.12	-51.26	174.58
12.16	-51.33	175.67
12.21	-51.41	176.78
12.26	-51.49	177.90
12.30	-51.58	179.05
12.35	-51.68	-179.79
12.39	-51.77	-178.62
12.44	-51.88	-177.43
12.49	-51.98	-176.22
12.54	-52.10	-174.99
12.58	-52.21	-173.75
12.63	-52.33	-172.50
12.68	-52.46	-171.23
12.73	-52.58	-169.94
12.77	-52.72	-168.64
12.82	-52.85	-167.33
12.87	-52.99	-166.00
12.92	-53.14	-164.66
12.97	-53.28	-163.31
13.02	-53.43	-161.94
13.07	-53.59	-160.57
13.12	-53.75	-159.18
13.16	-53.91	-157.77
13.21	-54.07	-156.36
13.26	-54.24	-154.94
13.31	-54.41	-153.50
13.36	-54.58	-152.06
13.41	-54.76	-150.60
13.47	-54.94	-149.14
13.52	-55.12	-147.67
13.57	-55.30	-146.19
13.62	-55.49	-144.70
13.67	-55.67	-143.20
13.72	-55.86	-141.70
13.77	-56.05	-140.19
13.83	-56.25	-138.68
13.88	-56.44	-137.16
13.93	-56.64	-135.63
13.98	-56.83	-134.11
14.04	-57.03	-132.57
14.09	-57.23	-131.04
14.14	-57.43	-129.50
14.19	-57.63	-127.96
14.25	-57.83	-126.42
14.30	-58.03	-124.88
14.36	-58.23	-123.34
14.41	-58.43	-121.80
14.46	-58.63	-120.26
14.52	-58.83	-118.72
14.57	-59.03	-117.18
14.63	-59.22	-115.65
14.68	-59.42	-114.13
14.74	-59.61	-112.60
14.80	-59.81	-111.09
14.85	-60.00	-109.57
14.91	-60.19	-108.06
14.96	-60.38	-106.56
15.02	-60.57	-105.06
15.08	-60.76	-103.57
15.13	-60.95	-102.08
15.19	-61.14	-100.60
15.25	-61.33	-99.12
15.31	-61.52	-97.65
15.36	-61.70	-96.18
15.42	-61.89	-94.72
15.48	-62.08	-93.27
15.54	-62.26	-91.82
15.60	-62.45	-90.37
15.66	-62.64	-88.93
15.71	-62.82	-87.50
15.77	-63.01	-86.08
15.83	-63.20	-84.66
15.89	-63.39	-83.25
15.95	-63.57	-81.84
16.01	-63.76	-80.44
16.07	-63.96	-79.05
16.13	-64.15	-77.66
16.19	-64.34	-76.28
16.26	-64.53	-74.91
16.32	-64.73	-73.54
16.38	-64.93	-72.18
16.44	-65.13	-70.83
16.50	-65.33	-69.49
16.56	-65.53	-68.15
16.63	-65.73	-66.82
16.69	-65.94	-65.50
16.75	-66.15	-64.19
16.82	-66.36	-62.89
16.88	-66.58	-61.59
16.94	-66.80	-60.30
17.01	-67.02	-59.02
17.07	-67.24	-57.75
17.14	-67.47	-56.48
17.20	-67.70	-55.23
17.27	-67.93	-53.98
17.33	-68.17	-52.75
17.40	-68.41	-51.52
17.46	-68.66	-50.30
17.53	-68.91	-49.09
17.59	-69.17	-47.89
17.66	-69.43	-46.70
17.73	-69.69	-45.51
17.79	-69.96	-44.34
17.86	-70.23	-43.18
17.93	-70.50	-42.02
18.00	-70.78	-40.87
18.06	-71.06	-39.74
18.13	-71.34	-38.61
18.20	-71.62	-37.48
18.27	-71.89	-36.37
18.34	-72.17	-35.26
18.41	-72.45	-34.16
18.48	-72.73	-33.07
18.55	-73.00	-31.99
18.62	-73.27	-30.91
18.69	-73.54	-29.84
18.76	-73.80	-28.77
18.83	-74.05	-27.72
18.90	-74.31	-26.66
18.97	-74.55	-25.61
19.04	-74.79	-24.57
19.11	-75.02	-23.54
19.19	-75.24	-22.50
19.26	-75.45	-21.48
19.33	-75.65	-20.45
19.40	-75.84	-19.43
19.48	-76.01	-18.42
19.55	-76.18	-17.41
19.62	-76.33	-16.40
19.70	-76.47	-15.39
19.77	-76.59	-14.38
19.85	-76.69	-13.38
19.92	-76.78	-12.38
20.00	-76.85	-11.38
20.07	-76.90	-10.38
20.15	-76.93	-9.38
20.22	-76.94	-8.38
20.30	-76.92	-7.39
20.38	-76.89	-6.39
20.45	-76.83	-5.39
20.53	-76.74	-4.38
20.61	-76.63	-3.38
20.69	-76.49	-2.37
20.77	-76.33	-1.36
20.84	-76.15	-0.34
20.92	-75.95	0.68
21.00	-75.73	1.71
21.08	-75.49	2.75
21.16	-75.23	3.80
21.24	-74.96	4.86
21.32	-74.68	5.93
21.40	-74.39	7.01
21.48	-74.08	8.11
21.56	-73.77	9.22
21.64	-73.46	10.35
21.73	-73.13	11.49
21.81	-72.81	12.66
21.89	-72.48	13.84
21.97	-72.16	15.05
22.06	-71.83	16.28
22.14	-71.52	17.53
22.22	-71.20	18.81
22.31	-70.90	20.12
22.39	-70.61	21.46
22.47	-70.33	22.82
22.56	-70.07	24.22
22.64	-69.82	25.65
22.73	-69.60	27.12
22.82	-69.39	28.62
22.90	-69.21	30.16
22.99	-69.06	31.75
23.07	-68.94	33.37
23.16	-68.85	35.04
23.25	-68.79	36.75
23.34	-68.77	38.51
23.43	-68.79	40.32
23.51	-68.86	42.18
23.60	-68.96	44.09
23.69	-69.10	46.04
23.78	-69.29	48.03
23.87	-69.50	50.06
23.96	-69.75	52.11
24.05	-70.04	54.20
24.14	-70.35	56.31
24.23	-70.68	58.44
24.32	-71.05	60.58
24.42	-71.43	62.73
24.51	-71.84	64.88
24.60	-72.26	67.04
24.69	-72.69	69.18
24.79	-73.14	71.32
24.88	-73.60	73.44
24.97	-74.07	75.54
25.07	-74.54	77.61
25.16	-75.01	79.65
25.26	-75.48	81.64
25.35	-75.95	83.60
25.45	-76.41	85.50
25.54	-76.85	87.35
25.64	-77.29	89.13
25.74	-77.70	90.84
25.84	-78.10	92.47
25.93	-78.47	94.03
26.03	-78.82	95.49
26.13	-79.14	96.85
26.23	-79.42	98.12
26.33	-79.66	99.27
26.43	-79.86	100.30
26.53	-80.03	101.21
26.63	-80.15	102.04
26.73	-80.23	102.78
26.83	-80.29	103.45
26.93	-80.31	104.07
27.03	-80.30	104.67
27.13	-80.27	105.25
27.23	-80.22	105.83
27.34	-80.15	106.43
27.44	-80.06	107.08
27.54	-79.96	107.79
27.65	-79.85	108.57
27.75	-79.74	109.45
27.86	-79.63	110.46
27.96	-79.51	111.60
28.07	-79.41	112.90
28.17	-79.31	114.39
28.28	-79.22	116.08
28.39	-79.16	118.01
28.49	-79.11	120.18
28.60	-79.09	122.63
28.71	-79.09	125.38
28.82	-79.14	128.45
28.93	-79.21	131.87
29.03	-79.34	135.66
29.14	-79.50	139.86
29.25	-79.73	144.48
29.36	-80.00	149.56
29.48	-80.33	155.08
29.59	-80.71	161.01
29.70	-81.14	167.32
29.81	-81.61	173.96
29.92	-82.11	-179.10
30.04	-82.64	-171.89
30.15	-83.20	-164.46
30.26	-83.77	-156.86
30.38	-84.35	-149.11
30.49	-84.94	-141.26
30.61	-85.53	-133.35
30.72	-86.12	-125.44
30.84	-86.69	-117.56
30.95	-87.24	-109.76
31.07	-87.77	-102.08
31.19	-88.26	-94.58
31.31	-88.72	-87.31
31.42	-89.12	-80.31
31.54	-89.48	-73.64
31.66	-89.77	-67.34
31.78	-89.99	-61.48
31.90	-90.13	-56.11
32.02	-90.19	-51.28
32.14	-90.16	-47.06
32.26	-90.02	-43.49
32.39	-89.78	-40.60
32.51	-89.44	-38.35
32.63	-89.01	-36.69
32.75	-88.50	-35.56
32.88	-87.91	-34.92
33.00	-87.26	-34.71
33.13	-86.55	-34.88
33.25	-85.78	-35.36
33.38	-84.97	-36.10
33.50	-84.13	-37.05
33.63	-83.27	-38.14
33.76	-82.38	-39.31
33.88	-81.50	-40.50
34.01	-80.61	-41.64
34.14	-79.74	-42.67
34.27	-78.89	-43.51
34.40	-78.08	-44.11
34.53	-77.30	-44.39
34.66	-76.59	-44.27
34.79	-75.93	-43.69
34.92	-75.36	-42.56
35.05	-74.87	-40.82
35.18	-74.48	-38.38
35.32	-74.19	-35.20
35.45	-74.01	-31.33
35.58	-73.92	-26.82
35.72	-73.92	-21.74
35.85	-74.00	-16.15
35.99	-74.16	-10.11
36.12	-74.38	-3.69
36.26	-74.67	3.06
36.40	-75.00	10.05
36.53	-75.38	17.23
36.67	-75.80	24.51
36.81	-76.25	31.84
36.95	-76.72	39.13
37.09	-77.20	46.31
37.23	-77.68	53.31
37.37	-78.16	60.03
37.51	-78.63	66.41
37.65	-79.07	72.36
37.79	-79.49	77.79
37.94	-79.86	82.62
38.08	-80.18	86.76
38.22	-80.44	90.15
38.37	-80.64	92.80
38.51	-80.78	94.78
38.66	-80.88	96.14
38.80	-80.92	96.94
38.95	-80.92	97.25
39.10	-80.88	97.12
39.24	-80.79	96.63
39.39	-80.68	95.82
39.54	-80.53	94.79
39.69	-80.35	93.58
39.84	-80.16	92.27
39.99	-79.94	90.93
40.14	-79.71	89.64
40.29	-79.46	88.47
40.45	-79.21	87.49
40.60	-78.96	86.80
40.75	-78.71	86.45
40.90	-78.47	86.54
41.06	-78.24	87.16
41.21	-78.02	88.34
41.37	-77.82	90.08
41.53	-77.63	92.35
41.68	-77.46	95.14
41.84	-77.30	98.43
42.00	-77.15	102.19
42.16	-77.01	106.41
42.32	-76.89	111.05
42.47	-76.77	116.10
42.63	-76.66	121.52
42.80	-76.56	127.31
42.96	-76.47	133.43
43.12	-76.39	139.85
43.28	-76.31	146.56
43.45	-76.24	153.52
43.61	-76.17	160.70
43.77	-76.11	168.08
43.94	-76.05	175.62
44.10	-75.99	-176.70
44.27	-75.93	-168.96
44.44	-75.88	-161.23
44.61	-75.82	-153.59
44.77	-75.77	-146.13
44.94	-75.72	-138.92
45.11	-75.66	-132.05
45.28	-75.61	-125.61
45.45	-75.56	-119.68
45.63	-75.50	-114.36
45.80	-75.44	-109.74
45.97	-75.39	-105.90
46.14	-75.32	-102.96
46.32	-75.26	-101.00
46.49	-75.19	-100.12
46.67	-75.12	-100.44
46.84	-75.05	-102.04
47.02	-74.97	-105.03
47.20	-74.89	-109.29
47.38	-74.80	-114.68
47.56	-74.72	-121.02
47.74	-74.63	-128.15
47.92	-74.55	-135.88
48.10	-74.47	-144.04
48.28	-74.39	-152.44
48.46	-74.33	-160.89
48.64	-74.26	-169.21
48.83	-74.21	-177.19
49.01	-74.17	175.36
49.20	-74.14	168.66
49.38	-74.13	162.91
49.57	-74.13	158.32
49.75	-74.15	155.13
49.94	-74.19	153.52
50.13	-74.24	153.46
50.32	-74.31	154.78
50.51	-74.38	157.32
50.70	-74.46	160.90
50.89	-74.54	165.34
51.08	-74.61	170.45
51.28	-74.67	176.05
51.47	-74.72	-178.06
51.66	-74.75	-172.07
51.86	-74.75	-166.18
52.05	-74.72	-160.61
52.25	-74.65	-155.55
52.45	-74.54	-151.23
52.65	-74.39	-147.87
52.85	-74.18	-145.68
53.04	-73.92	-144.72
53.24	-73.61	-144.91
53.45	-73.26	-146.16
53.65	-72.85	-148.38
53.85	-72.41	-151.47
54.05	-71.93	-155.34
54.26	-71.42	-159.90
54.46	-70.88	-165.03
54.67	-70.31	-170.64
54.87	-69.71	-176.63
55.08	-69.10	177.11
55.29	-68.47	170.70
55.50	-67.84	164.25
55.71	-67.19	157.86
55.92	-66.54	151.62
56.13	-65.91	145.47
56.34	-65.29	139.37
56.55	-64.70	133.24
56.77	-64.16	127.04
56.98	-63.66	120.70
57.19	-63.24	114.16
57.41	-62.89	107.35
57.63	-62.64	100.21
57.84	-62.48	92.67
58.06	-62.44	84.67
58.28	-62.53	76.13
58.50	-62.77	66.99
58.72	-63.15	57.17
58.94	-63.69	46.77
59.17	-64.35	36.00
59.39	-65.12	25.06
59.61	-65.97	14.19
59.84	-66.88	3.61
60.06	-67.82	-6.44
60.29	-68.76	-15.73
60.52	-69.69	-24.02
60.75	-70.57	-31.05
60.98	-71.39	-36.57
61.21	-72.10	-40.32
61.44	-72.69	-42.04
61.67	-73.13	-41.48
61.90	-73.41	-38.71
62.14	-73.57	-34.02
62.37	-73.61	-27.75
62.61	-73.56	-20.20
62.84	-73.45	-11.72
63.08	-73.29	-2.63
63.32	-73.10	6.72
63.56	-72.92	15.97
63.80	-72.77	24.76
64.04	-72.66	32.72
64.28	-72.63	39.47
64.52	-72.70	44.64
64.76	-72.89	48.04
65.01	-73.15	49.91
65.25	-73.48	50.53
65.50	-73.84	50.17
65.75	-74.21	49.13
66.00	-74.55	47.70
66.24	-74.84	46.19
66.49	-75.05	44.91
66.75	-75.15	44.17
67.00	-75.10	44.31
67.25	-74.88	45.64
67.50	-74.45	48.50
67.76	-73.80	52.90
68.01	-72.98	58.49
68.27	-72.00	64.92
68.53	-70.89	71.82
68.79	-69.69	78.79
69.05	-68.42	85.46
69.31	-67.12	91.42
69.57	-65.82	96.27
69.83	-64.54	99.58
70.09	-63.33	100.95
70.36	-62.22	99.92
70.62	-61.24	96.27
70.89	-60.38	90.26
71.16	-59.66	82.25
71.43	-59.06	72.58
71.70	-58.60	61.61
71.97	-58.27	49.73
72.24	-58.07	37.30
72.51	-58.01	24.73
72.79	-58.08	12.40
73.06	-58.29	0.73
73.34	-58.64	-9.88
73.61	-59.12	-19.17
73.89	-59.71	-27.17
74.17	-60.39	-33.93
74.45	-61.14	-39.49
74.73	-61.94	-43.90
75.01	-62.77	-47.22
75.29	-63.60	-49.48
75.58	-64.41	-50.75
75.86	-65.17	-51.08
76.15	-65.87	-50.51
76.44	-66.49	-49.13
76.73	-67.01	-47.03
77.02	-67.46	-44.32
77.31	-67.85	-41.13
77.60	-68.18	-37.58
77.89	-68.46	-33.80
78.18	-68.70	-29.92
78.48	-68.92	-26.07
78.78	-69.12	-22.37
79.07	-69.32	-18.98
79.37	-69.52	-16.02
79.67	-69.73	-13.53
79.97	-69.94	-11.55
80.27	-70.14	-10.10
80.58	-70.35	-9.19
80.88	-70.54	-8.87
81.19	-70.73	-9.15
81.49	-70.90	-10.07
81.80	-71.05	-11.65
82.11	-71.19	-13.92
82.42	-71.30	-16.84
82.73	-71.39	-20.24
83.04	-71.44	-23.94
83.35	-71.45	-27.75
83.67	-71.43	-31.47
83.99	-71.35	-34.90
84.30	-71.23	-37.84
84.62	-71.05	-40.08
84.94	-70.82	-41.41
85.26	-70.52	-41.68
85.58	-70.17	-41.15
85.90	-69.81	-40.16
86.23	-69.46	-39.09
86.55	-69.14	-38.33
86.88	-68.88	-38.25
87.21	-68.71	-39.27
87.54	-68.66	-41.77
87.87	-68.75	-46.19
88.20	-69.01	-52.81
88.53	-69.40	-61.19
88.87	-69.90	-70.70
89.20	-70.45	-80.67
89.54	-71.03	-90.42
89.88	-71.58	-99.26
90.22	-72.07	-106.48
90.56	-72.45	-111.36
90.90	-72.68	-113.15
91.24	-72.73	-111.58
91.59	-72.62	-107.35
91.93	-72.40	-101.31
92.28	-72.09	-94.33
92.63	-71.72	-87.29
92.98	-71.33	-81.10
93.33	-70.95	-76.69
93.68	-70.61	-75.00
94.03	-70.36	-76.86
94.39	-70.19	-81.96
94.74	-70.11	-89.49
95.10	-70.10	-98.59
95.46	-70.16	-108.39
95.82	-70.28	-118.02
96.18	-70.46	-126.57
96.54	-70.70	-133.12
96.91	-70.98	-136.76
97.27	-71.30	-137.36
97.64	-71.66	-135.31
98.01	-72.04	-131.04
98.38	-72.44	-124.98
98.75	-72.85	-117.57
99.12	-73.25	-109.25
99.50	-73.66	-100.50
99.87	-74.04	-91.77
100.25	-74.43	-83.44
100.63	-74.85	-75.82
101.01	-75.33	-69.24
101.39	-75.90	-64.02
101.77	-76.58	-60.50
102.16	-77.42	-59.03
102.54	-78.44	-59.96
102.93	-79.65	-63.49
103.32	-80.96	-69.16
103.71	-82.23	-76.36
104.10	-83.35	-84.44
104.49	-84.19	-92.75
104.88	-84.62	-100.63
105.28	-84.49	-107.40
105.68	-83.69	-112.37
106.08	-82.25	-115.22
106.48	-80.38	-115.95
106.88	-78.31	-114.59
107.28	-76.24	-111.17
107.69	-74.43	-105.70
108.09	-73.09	-98.23
108.50	-72.46	-88.77
108.91	-72.66	-77.72
109.32	-73.50	-66.20
109.73	-74.77	-55.43
110.15	-76.26	-46.66
110.56	-77.76	-41.16
110.98	-79.03	-40.26
111.40	-79.85	-45.27
111.82	-80.07	-56.65
112.24	-79.79	-72.66
112.67	-79.10	-91.17
113.09	-78.13	-110.02
113.52	-77.00	-126.99
113.95	-75.82	-139.81
114.38	-74.74	-146.17
114.81	-73.83	-145.41
115.24	-73.14	-139.89
115.68	-72.68	-132.40
116.11	-72.48	-125.75
116.55	-72.56	-122.84
116.99	-72.95	-126.63
117.43	-73.68	-139.93
117.87	-74.68	-162.08
118.32	-75.84	170.79
118.77	-77.01	142.73
119.21	-78.07	117.88
119.66	-78.88	100.46
120.12	-79.29	94.82
120.57	-79.23	103.98
121.02	-78.83	125.46
121.48	-78.32	155.26
121.94	-77.91	-170.71
122.40	-77.82	-136.62
122.86	-78.29	-106.74
123.32	-79.52	-85.23
123.79	-81.43	-73.09
124.26	-83.65	-68.77
124.73	-85.84	-70.65
125.20	-87.62	-77.06
125.67	-88.61	-86.30
126.14	-88.44	-96.62
126.62	-87.03	-106.81
127.10	-84.76	-116.46
127.58	-82.06	-125.20
128.06	-79.36	-132.67
128.54	-77.11	-138.50
129.03	-75.77	-142.30
129.51	-75.56	-144.11
130.00	-76.21	-144.76
130.49	-77.42	-145.19
130.98	-78.84	-146.38
131.48	-80.16	-149.31
131.98	-81.02	-155.01
132.47	-81.28	-163.75
132.97	-81.14	-174.50
133.48	-80.86	173.94
133.98	-80.70	162.79
134.48	-80.91	153.31
134.99	-81.76	146.76
135.50	-83.23	143.88
136.01	-84.96	144.81
136.53	-86.59	149.66
137.04	-87.73	158.53
137.56	-88.00	171.52
138.08	-87.05	-171.46
138.60	-85.06	-152.30
139.12	-82.53	-133.94
139.65	-79.94	-119.35
140.17	-77.80	-111.61
140.70	-76.63	-113.84
141.23	-76.71	-127.11
141.77	-77.73	-146.92
142.30	-79.23	-167.77
142.84	-80.77	175.97
143.38	-81.90	170.05
143.92	-82.19	179.71
144.46	-81.77	-157.37
145.01	-81.10	-128.42
145.55	-80.69	-100.93
146.10	-81.04	-82.57
146.65	-82.66	-81.10
147.21	-85.63	-98.79
147.76	-89.27	-128.56
148.32	-92.84	-162.25
148.88	-95.56	168.50
149.44	-96.64	152.20
150.01	-95.57	154.76
150.57	-92.89	172.43
151.14	-89.37	-160.79
151.71	-85.78	-130.99
152.28	-82.95	-104.44
152.86	-81.51	-86.54
153.43	-81.24	-77.39
154.01	-81.57	-75.21
154.59	-81.92	-78.18
155.18	-81.70	-84.42
155.76	-80.42	-92.13
156.35	-78.37	-100.12
156.94	-76.14	-107.41
157.53	-74.35	-113.03
158.13	-73.64	-115.96
158.72	-74.50	-115.46
159.32	-76.57	-112.46
159.93	-79.16	-108.51
160.53	-81.58	-105.19
161.13	-83.11	-104.14
161.74	-83.21	-106.50
162.35	-82.21	-111.34
162.97	-80.59	-117.21
163.58	-78.91	-122.62
164.20	-77.69	-126.02
164.82	-77.23	-126.72
165.44	-77.31	-125.77
166.06	-77.65	-124.48
166.69	-77.94	-124.20
167.32	-77.89	-126.23
167.95	-77.47	-130.64
168.58	-76.90	-136.30
169.22	-76.42	-141.97
169.86	-76.27	-146.40
170.50	-76.63	-148.61
171.14	-77.19	-149.17
171.79	-77.50	-149.21
172.44	-77.07	-149.89
173.09	-75.45	-152.38
173.74	-72.83	-157.69
174.40	-70.36	-166.60
175.06	-69.31	-179.90
175.72	-70.99	161.63
176.38	-76.31	138.16
177.04	-84.03	115.14
177.71	-92.16	99.95
178.38	-98.64	100.11
179.06	-101.47	122.87
179.73	-100.33	165.47
180.41	-96.59	-144.83
181.09	-91.74	-101.47
181.77	-87.28	-78.16
182.46	-84.22	-81.87
183.15	-82.39	-103.59
183.84	-81.44	-131.92
184.53	-81.00	-155.17
185.23	-80.73	-163.94
185.93	-80.41	-160.64
186.63	-79.82	-151.24
187.33	-78.76	-141.88
188.04	-77.08	-138.35
188.75	-75.22	-142.78
189.46	-73.88	-155.41
190.18	-73.81	-176.49
190.90	-75.68	153.79
191.62	-79.15	116.17
192.34	-83.14	72.04
193.07	-86.57	22.81
193.79	-88.38	-29.94
194.53	-88.45	-82.65
195.26	-87.42	-130.18
196.00	-85.96	-167.22
196.74	-84.74	171.33
197.48	-83.99	165.81
198.22	-83.61	172.86
198.97	-83.49	-171.08
199.72	-83.52	-149.70
200.48	-83.40	-127.54
201.23	-82.72	-109.72
201.99	-81.07	-101.51
202.75	-78.18	-107.32
203.52	-74.94	-124.33
204.29	-72.78	-146.33
205.06	-73.20	-166.93
205.83	-77.10	179.09
206.61	-82.82	171.37
207.39	-87.92	168.00
208.17	-89.95	167.02
208.96	-87.75	167.09
209.74	-83.18	168.27
210.54	-78.54	170.84
211.33	-76.11	175.03
212.13	-76.44	-179.96
212.93	-78.26	-176.00
213.73	-80.20	-175.04
214.54	-81.05	-178.72
215.35	-80.73	173.67
216.16	-79.65	163.90
216.98	-78.26	153.72
217.80	-76.97	144.46
218.62	-76.15	136.39
219.44	-76.18	129.68
220.27	-77.40	124.52
221.10	-79.42	121.88
221.94	-81.38	123.20
222.77	-82.38	129.97
223.61	-81.89	142.13
224.46	-80.38	155.39
225.30	-78.51	164.64
226.15	-76.92	165.17
227.01	-76.00	157.70
227.86	-75.96	146.61
228.72	-77.02	136.40
229.59	-79.12	130.02
230.45	-81.58	127.13
231.32	-83.69	127.00
232.20	-84.77	128.94
233.07	-84.74	132.58
233.95	-83.73	137.64
234.84	-81.90	143.84
235.72	-79.63	150.22
236.61	-77.58	155.21
237.50	-76.39	157.17
238.40	-76.33	155.70
239.30	-76.85	153.03
240.20	-77.25	151.78
241.11	-77.00	153.41
242.02	-76.39	154.04
242.93	-75.91	148.16
243.85	-76.02	131.37
244.77	-76.68	109.81
245.69	-77.59	95.37
246.62	-78.42	99.40
247.55	-78.88	119.17
248.48	-78.74	139.77
249.42	-77.75	145.91
250.36	-76.06	134.11
251.31	-74.36	115.70
252.26	-73.33	103.02
253.21	-73.27	100.68
254.16	-73.75	100.43
255.12	-74.26	92.72
256.09	-74.67	74.78
257.05	-75.50	57.40
258.02	-77.38	53.17
259.00	-80.39	66.70
259.97	-83.34	84.99
260.95	-84.87	92.53
261.94	-84.42	81.69
262.93	-83.16	62.37
263.92	-82.52	46.97
264.92	-83.24	44.51
265.92	-84.70	57.07
266.92	-86.10	85.83
267.93	-86.72	125.79
268.94	-86.06	161.64
269.95	-83.62	177.13
270.97	-79.84	167.97
271.99	-76.36	145.33
273.02	-74.85	121.31
274.05	-75.31	102.82
275.08	-76.25	91.99
276.12	-76.21	90.35
277.16	-75.34	94.53
278.21	-74.69	98.22
279.26	-75.09	96.10
280.31	-75.92	89.39
281.37	-76.05	81.64
282.43	-74.89	74.88
283.50	-73.54	66.65
284.57	-73.38	53.75
285.64	-74.79	37.81
286.72	-76.60	27.59
287.80	-77.60	31.47
288.89	-77.70	43.67
289.98	-77.63	48.23
291.07	-77.99	33.64
292.17	-78.60	11.75
293.27	-79.06	1.59
294.38	-79.28	9.67
295.49	-79.71	19.07
296.61	-80.84	10.98
297.73	-82.42	-20.88
298.85	-83.70	-73.83
299.98	-84.11	-142.50
301.11	-83.83	147.60
302.25	-83.25	93.24
303.39	-82.60	63.48
304.53	-81.89	57.83
305.68	-81.14	73.19
306.83	-80.40	94.38
307.99	-79.75	101.54
309.15	-79.29	88.56
310.32	-79.21	71.98
311.49	-79.65	67.47
312.67	-80.58	67.09
313.85	-81.87	52.37
315.03	-83.50	24.00
316.22	-85.69	14.96
317.41	-88.38	53.29
318.61	-89.88	111.16
319.81	-87.81	138.42
321.02	-82.54	119.76
322.23	-78.10	87.03
323.45	-77.65	68.95
324.67	-79.14	63.72
325.89	-79.20	61.25
327.12	-77.31	57.38
328.36	-75.39	52.96
329.60	-74.71	48.54
330.84	-74.91	43.60
332.09	-75.42	37.57
333.34	-76.19	30.99
334.60	-77.36	24.75
335.86	-78.66	17.59
337.13	-79.36	6.00
338.40	-79.22	-9.61
339.68	-79.27	-18.74
340.96	-80.48	-12.57
342.25	-81.85	-2.12
343.54	-81.84	-4.59
344.83	-80.88	-14.02
346.14	-81.05	-6.01
347.44	-82.87	22.89
348.75	-84.33	41.80
350.07	-83.95	29.84
351.39	-82.65	7.51
352.72	-81.65	-0.64
354.05	-80.97	4.13
355.38	-80.30	11.06
356.72	-80.50	12.82
358.07	-83.12	4.68
359.42	-86.75	-8.28
360.78	-86.79	-10.58
362.14	-82.37	1.93
363.51	-79.13	13.47
364.88	-80.57	12.62
366.25	-83.17	3.91
367.64	-83.53	-5.28
369.02	-82.84	-6.44
370.42	-82.84	6.17
371.81	-82.34	22.01
373.22	-79.70	26.66
374.63	-76.65	17.04
376.04	-76.13	-3.78
377.46	-78.06	-22.01
378.88	-80.70	-19.96
380.31	-82.48	-5.03
381.75	-82.12	0.37
383.19	-80.27	-3.49
384.63	-78.90	-0.34
386.09	-78.14	6.29
387.54	-76.73	-2.56
389.00	-75.65	-24.18
390.47	-77.65	-37.61
391.95	-81.09	-38.13
393.43	-80.85	-35.43
394.91	-78.05	-34.03
396.40	-78.74	-33.41
397.90	-81.83	-28.60
399.40	-80.98	-12.74
400.90	-77.00	0.61
402.42	-75.44	-12.98
403.94	-76.43	-37.90
405.46	-76.98	-39.38
406.99	-76.27	-31.06
408.53	-74.89	-44.81
410.07	-75.36	-69.36
411.61	-79.49	-81.65
413.17	-82.05	-86.37
414.73	-79.24	-92.34
416.29	-79.89	-93.63
417.86	-88.54	-86.71
419.44	-92.64	-81.69
421.02	-87.13	-75.11
422.61	-83.44	-39.02
424.21	-84.71	12.53
425.81	-83.51	20.25
427.41	-79.77	-10.97
429.03	-78.43	-32.88
430.65	-78.67	-39.08
432.27	-77.79	-41.44
433.90	-76.24	-46.23
435.54	-75.02	-56.10
437.18	-74.46	-68.62
438.83	-74.49	-81.83
440.49	-74.75	-95.38
442.15	-75.96	-108.32
443.82	-79.04	-118.17
445.49	-81.07	-116.13
447.18	-79.81	-99.34
448.86	-79.42	-89.39
450.56	-81.21	-94.89
452.26	-81.17	-100.46
453.96	-80.86	-106.24
455.68	-84.48	-118.13
457.40	-87.72	-107.93
459.12	-85.86	-72.79
460.85	-79.64	-85.24
462.59	-76.72	-121.95
464.34	-87.08	-79.68
466.09	-95.15	-18.10
467.85	-86.59	-19.23
469.62	-77.67	-42.65
471.39	-75.82	-61.27
473.17	-74.96	-81.07
474.95	-74.81	-100.02
476.74	-76.21	-112.28
478.54	-76.64	-113.15
480.35	-75.79	-110.24
482.16	-75.58	-116.68
483.98	-77.16	-120.45
485.81	-79.70	-121.35
487.64	-80.12	-145.22
489.48	-81.01	-158.78
491.33	-84.49	-126.32
493.18	-82.40	-103.89
495.04	-76.26	-114.64
496.91	-75.61	-136.41
498.79	-78.14	-148.08
500.67	-80.97	-144.08
502.56	-84.39	-136.31
504.45	-83.81	-121.52
506.36	-77.65	-105.76
508.27	-72.96	-119.42
510.19	-72.64	-157.38
512.11	-75.41	177.77
514.04	-77.11	-143.58
515.98	-76.63	-124.80
517.93	-75.53	168.87
519.89	-76.55	169.53
521.85	-79.72	-159.22
523.82	-82.58	170.60
525.79	-81.60	172.86
527.78	-78.38	-167.25
529.77	-77.49	174.43
531.77	-81.96	149.66
533.78	-84.94	148.07
535.79	-82.56	171.35
537.81	-83.31	-171.03
539.84	-82.47	-159.43
541.88	-77.22	-154.65
543.92	-74.41	-173.05
545.98	-74.22	151.13
548.04	-75.37	125.06
550.10	-78.38	121.02
552.18	-85.95	77.17
554.26	-90.23	94.76
556.35	-84.82	-139.27
558.45	-78.61	-127.80
560.56	-75.21	-173.74
562.68	-75.01	159.16
564.80	-77.53	134.41
566.93	-81.23	142.58
569.07	-81.06	163.18
571.22	-77.53	163.51
573.37	-79.16	153.25
575.54	-78.80	158.47
577.71	-75.30	164.68
579.89	-73.27	148.44
582.08	-72.74	128.68
584.27	-73.26	99.81
586.48	-75.08	72.20
588.69	-78.08	65.33
590.91	-80.38	70.72
593.14	-81.37	61.60
595.38	-82.86	17.88
597.63	-84.19	-59.97
599.88	-81.28	-145.29
602.15	-83.52	168.66
604.42	-85.73	156.13
606.70	-82.60	159.00
608.99	-80.41	178.26
611.29	-77.11	-175.61
613.59	-73.14	161.87
615.91	-71.51	122.39
618.23	-74.17	99.83
620.57	-78.36	117.53
622.91	-76.42	129.22
625.26	-73.22	126.59
627.62	-72.07	121.51
629.99	-70.21	108.81
632.36	-68.81	77.78
634.75	-70.73	58.84
637.15	-71.96	50.35
639.55	-73.64	23.18
641.96	-77.92	1.29
644.39	-80.34	41.53
646.82	-80.69	75.24
649.26	-79.84	71.70
651.71	-77.50	75.55
654.17	-75.94	72.68
656.64	-76.84	49.52
659.11	-77.50	62.85
661.60	-77.63	56.64
664.10	-76.25	56.76
666.60	-74.87	53.68
669.12	-73.04	53.85
671.64	-71.33	53.62
674.18	-71.55	36.53
676.72	-71.99	25.99
679.28	-73.14	4.45
681.84	-75.21	7.57
684.41	-74.32	1.80
687.00	-74.55	-14.42
689.59	-78.31	-22.22
692.19	-80.15	-7.05
694.80	-76.67	11.45
697.42	-72.79	-17.36
700.06	-76.94	-60.74
702.70	-85.57	-134.99
705.35	-78.84	3.70
708.01	-74.77	3.88
710.68	-74.81	-65.23
713.36	-99.82	-69.27
716.06	-106.13	-4.56
718.76	-82.58	60.92
721.47	-81.08	39.42
724.19	-77.08	23.94
726.93	-76.70	10.96
729.67	-74.71	8.75
732.42	-73.94	-4.52
735.19	-74.66	-15.20
737.96	-76.06	-16.85
740.75	-78.42	-37.12
743.54	-77.80	-32.84
746.35	-79.03	-37.62
749.16	-76.30	-30.49
751.99	-76.42	-78.31
754.83	-83.27	-1.95
757.68	-78.33	27.08
760.54	-72.92	-27.78
763.41	-74.56	-43.74
766.29	-74.86	-38.06
769.18	-72.72	-44.96
772.08	-71.89	-61.01
774.99	-71.07	-80.27
777.92	-76.13	-104.34
780.85	-83.82	-77.00
783.80	-82.06	-64.03
786.76	-78.49	0.41
789.73	-72.79	0.61
792.71	-67.07	-42.00
795.70	-73.06	-81.59
798.70	-72.79	-75.65
801.71	-70.25	-104.05
804.74	-69.92	-150.25
807.78	-71.66	-169.04
810.83	-74.30	-130.54
813.88	-74.23	-140.53
816.96	-79.03	-145.47
820.04	-78.46	-73.02
823.13	-72.50	-103.56
826.24	-73.53	-133.41
829.36	-74.53	-150.61
832.49	-75.18	-168.85
835.63	-79.50	175.64
838.78	-82.20	-147.53
841.95	-78.97	-118.58
845.12	-73.81	-139.98
848.31	-72.19	-160.92
851.51	-72.64	-159.30
854.73	-71.10	-170.53
857.95	-73.40	-175.86
861.19	-73.55	-161.33
864.44	-71.65	179.83
867.70	-72.77	176.58
870.98	-73.45	170.60
874.26	-72.80	163.51
877.56	-71.66	155.22
880.87	-73.86	143.20
884.20	-72.71	156.50
887.53	-72.29	152.22
890.88	-69.57	130.15
894.25	-72.54	108.14
897.62	-76.20	105.58
901.01	-78.72	116.40
904.41	-77.81	128.67
907.82	-80.10	125.85
911.25	-76.88	142.25
914.68	-75.79	121.31
918.14	-78.19	112.54
921.60	-75.51	149.43
925.08	-74.22	120.00
928.57	-71.61	104.30
932.07	-71.27	84.90
935.59	-75.16	87.53
939.12	-73.88	90.73
942.67	-74.48	102.39
946.22	-70.84	98.92
949.79	-69.43	61.83
953.38	-73.33	45.37
956.97	-75.33	36.91
960.59	-78.81	62.65
964.21	-77.38	62.16
967.85	-74.66	68.44
971.50	-71.64	43.05
975.17	-73.03	23.69
978.85	-74.96	20.09
982.54	-76.96	10.02
986.25	-79.38	-8.81
989.97	-82.76	53.22
993.71	-78.84	35.93
997.46	-77.46	22.34
1001.22	-80.62	23.33
1005.00	-78.24	51.66
1008.79	-73.29	5.97
1012.60	-78.87	-11.77
1016.42	-76.35	-10.94
1020.25	-76.58	-33.71
1024.10	-82.24	-131.19
1027.97	-87.61	142.77
1031.85	-80.62	44.66
1035.74	-86.48	31.58
1039.65	-81.60	74.09
1043.57	-76.65	64.08
1047.51	-74.44	63.86
1051.46	-70.69	37.78
1055.43	-70.06	7.48
1059.41	-71.85	-7.52
1063.41	-70.77	-12.65
1067.43	-70.69	-34.18
1071.45	-71.32	-39.01
1075.50	-72.19	-56.12
1079.55	-76.70	-69.68
1083.63	-78.13	-53.34
1087.72	-78.42	-40.61
1091.82	-76.20	-28.24
1095.94	-71.28	-36.09
1100.08	-71.81	-51.80
1104.23	-69.10	-64.69
1108.40	-69.75	-97.26
1112.58	-70.30	-87.63
1116.78	-70.88	-105.92
1120.99	-72.70	-111.69
1125.22	-71.60	-132.90
1129.47	-78.05	-123.23
1133.73	-73.29	-114.66
1138.01	-73.67	-129.22
1142.30	-72.72	-119.24
1146.61	-70.04	-131.36
1150.94	-71.03	-162.14
1155.28	-72.83	-178.32
1159.64	-74.55	177.45
1164.02	-78.87	131.99
1168.41	-81.52	-147.29
1172.82	-76.60	-143.00
1177.25	-73.29	-137.88
1181.69	-70.51	-162.93
1186.15	-71.48	159.88
1190.62	-74.98	169.81
1195.12	-74.17	144.60
1199.63	-82.75	142.25
1204.15	-76.87	151.87
1208.70	-76.76	156.56
1213.26	-76.64	147.62
1217.84	-74.36	140.34
1222.43	-81.44	152.32
1227.04	-72.22	150.36
1231.67	-73.79	134.11
1236.32	-72.50	115.80
1240.99	-73.64	85.83
1245.67	-83.33	99.60
1250.37	-80.27	138.99
1255.09	-75.65	130.48
1259.83	-75.45	127.62
1264.58	-70.34	114.48
1269.35	-69.52	100.67
1274.14	-68.88	74.97
1278.95	-69.90	40.43
1283.78	-75.38	35.28
1288.62	-75.97	41.00
1293.48	-77.03	45.65
1298.36	-79.04	63.62
1303.26	-74.81	49.95
1308.18	-74.88	25.19
1313.12	-74.54	14.49
1318.07	-78.96	-15.09
1323.05	-80.60	59.49
1328.04	-76.87	65.26
1333.05	-74.02	32.19
1338.08	-75.97	20.02
1343.13	-74.83	12.74
1348.20	-76.25	13.93
1353.29	-74.66	4.49
1358.39	-74.24	-5.55
1363.52	-74.44	-20.83
1368.67	-75.59	-56.31
1373.83	-77.86	-16.10
1379.01	-75.29	-6.75
1384.22	-75.86	-28.65
1389.44	-73.47	-21.62
1394.68	-73.90	-37.08
1399.95	-74.47	-61.86
1405.23	-75.85	-56.52
1410.53	-72.69	-56.44
1415.86	-74.75	-81.33
1421.20	-72.65	-75.21
1426.56	-73.36	-106.54
1431.94	-75.75	-129.20
1437.35	-77.60	-101.48
1442.77	-75.21	-121.60
1448.22	-78.14	-129.47
1453.68	-78.74	-141.68
1459.17	-79.14	-125.50
1464.67	-82.33	-137.02
1470.20	-80.03	-157.29
1475.75	-77.12	-153.38
1481.32	-76.55	-169.32
1486.91	-80.76	144.98
1492.52	-84.40	-142.65
1498.15	-81.51	-123.91
1503.80	-77.27	-173.26
1509.48	-80.61	142.98
1515.17	-86.74	166.79
1520.89	-89.51	-105.87
1526.63	-92.05	-151.13
1532.39	-87.09	-138.63
1538.17	-81.02	-112.51
1543.98	-74.85	-137.26
1549.81	-74.21	-170.79
1555.65	-73.61	162.03
1561.52	-74.93	153.60
1567.42	-77.78	155.33
1573.33	-74.75	130.18
1579.27	-77.49	123.83
1585.23	-78.86	118.69
1591.21	-75.92	146.75
1597.21	-73.83	104.37
1603.24	-76.99	104.85
1609.29	-74.07	104.01
1615.36	-75.58	81.11
1621.46	-75.35	83.95
1627.58	-74.92	81.65
1633.72	-75.40	59.40
1639.89	-73.06	54.80
1646.07	-74.90	2.17
1652.29	-83.99	-150.16
1658.52	-75.89	93.08
1664.78	-75.79	77.41
1671.06	-72.08	51.34
1677.37	-74.50	43.04
1683.70	-70.64	23.51
1690.05	-72.18	-3.59
1696.43	-75.05	-5.06
1702.83	-74.00	-9.33
1709.26	-72.34	-1.26
1715.70	-70.45	-38.56
1722.18	-75.13	-36.54
1728.68	-73.40	-33.71
1735.20	-73.97	-58.13
1741.75	-76.27	-75.38
1748.32	-76.31	-54.61
1754.92	-76.81	-56.05
1761.54	-72.27	-77.05
1768.19	-73.37	-104.64
1774.86	-76.33	-122.87
1781.56	-80.78	-109.24
1788.28	-79.42	-115.95
1795.03	-75.37	-113.64
1801.80	-78.24	-145.33
1808.60	-81.56	-164.56
1815.43	-79.47	-135.68
1822.28	-83.18	-138.36
1829.15	-78.38	-136.12
1836.06	-76.33	-116.16
1842.99	-73.76	-152.64
1849.94	-74.97	-158.02
1856.92	-75.90	-171.52
1863.93	-74.54	173.42
1870.96	-76.22	156.24
1878.02	-76.09	144.59
1885.11	-76.47	140.22
1892.22	-80.47	103.41
1899.36	-78.26	141.11
1906.53	-78.95	135.74
1913.72	-77.93	148.83
1920.95	-73.01	129.71
1928.19	-73.46	106.17
1935.47	-74.04	100.16
1942.77	-73.73	76.24
1950.11	-76.77	76.38
1957.46	-75.15	71.12
1964.85	-77.04	65.54
1972.27	-73.57	64.37
1979.71	-73.41	23.33
1987.18	-79.44	18.07
1994.68	-76.92	39.17
2002.20	-76.90	18.59
2009.76	-79.17	18.01
2017.34	-75.96	23.20
2024.96	-72.99	2.09
2032.60	-73.96	-7.79
2040.27	-73.54	-34.67
2047.97	-73.59	-53.76
2055.70	-75.18	-61.41
2063.45	-76.20	-95.68
2071.24	-78.88	-88.30
2079.06	-78.64	150.00
2086.90	-80.42	-61.57
2094.78	-86.54	-128.09
2102.68	-85.77	-36.46
2110.62	-81.75	-65.96
2118.58	-83.69	-118.89
2126.57	-83.49	-30.42
2134.60	-77.44	-75.33
2142.65	-80.20	-99.12
2150.74	-82.58	-101.21
2158.86	-78.81	-109.51
2167.00	-79.85	-106.18
2175.18	-76.17	-145.45
2183.39	-77.56	-150.36
2191.63	-78.56	177.74
2199.90	-76.13	-166.17
2208.20	-79.26	152.29
2216.53	-84.05	171.02
2224.90	-78.43	-176.99
2233.29	-76.88	160.27
2241.72	-76.23	170.64
2250.18	-74.12	134.35
2258.67	-73.52	120.20
2267.19	-75.19	95.21
2275.75	-76.31	95.81
2284.34	-74.22	63.72
2292.96	-78.25	55.90
2301.61	-82.12	43.10
2310.29	-81.50	76.33
2319.01	-80.68	66.63
2327.76	-78.16	57.95
2336.55	-78.85	50.43
2345.36	-75.67	19.54
2354.21	-79.48	22.10
2363.10	-79.79	-3.79
2372.02	-78.86	-17.60
2380.97	-86.27	-174.32
2389.95	-79.73	31.18
2398.97	-77.39	28.28
2408.02	-76.19	-2.13
2417.11	-76.30	-34.76
2426.23	-77.18	-35.65
2435.39	-76.01	-53.66
2444.58	-78.19	-69.88
2453.80	-77.34	-82.69
2463.06	-80.53	-67.65
2472.35	-76.63	-74.70
2481.68	-74.46	-110.09
2491.05	-77.08	-114.04
2500.45	-76.14	-137.88
2509.88	-76.87	-163.01
2519.36	-80.52	-154.19
2528.86	-81.75	-145.33
2538.41	-76.58	-165.78
2547.98	-79.35	177.64
2557.60	-79.41	178.82
2567.25	-75.11	168.32
2576.94	-76.31	144.66
2586.66	-76.74	150.69
2596.42	-75.63	133.20
2606.22	-74.29	106.70
2616.06	-75.54	91.37
2625.93	-76.74	61.63
2635.84	-81.92	51.83
2645.78	-82.71	109.47
2655.77	-78.69	92.07
2665.79	-76.81	59.88
2675.85	-79.67	68.99
2685.95	-74.59	61.70
2696.08	-76.40	46.54
2706.26	-74.77	33.40
2716.47	-75.56	9.22
2726.72	-75.81	11.85
2737.01	-74.17	-5.79
2747.34	-76.14	-30.83
2757.70	-74.69	-35.26
2768.11	-74.51	-58.95
2778.56	-75.47	-77.19
2789.04	-77.96	-89.68
2799.57	-76.30	-66.33
2810.13	-76.77	-84.59
2820.73	-77.05	-129.09
2831.38	-80.88	-115.88
2842.06	-79.88	-114.37
2852.79	-74.91	-127.02
2863.55	-76.54	-154.34
2874.36	-76.56	-160.45
2885.21	-74.67	-171.73
2896.09	-73.93	169.59
2907.02	-74.25	142.36
2917.99	-73.57	119.44
2929.00	-76.14	112.92
2940.06	-77.25	106.83
2951.15	-79.06	82.92
2962.29	-77.68	123.25
2973.47	-75.93	96.40
2984.69	-76.73	69.61
2995.95	-78.35	74.61
3007.25	-75.52	71.99
3018.60	-74.31	51.63
3029.99	-73.71	30.03
3041.43	-73.36	15.32
3052.90	-74.65	-2.87
3064.42	-75.00	-15.72
3075.99	-75.94	-31.80
3087.60	-74.89	-41.94
3099.25	-76.23	-60.11
3110.94	-76.55	-76.78
3122.68	-77.89	-89.94
3134.47	-79.24	-102.96
3146.29	-79.90	-92.80
3158.17	-77.84	-109.17
3170.08	-76.55	-121.82
3182.05	-76.54	-133.43
3194.05	-74.34	-162.68
3206.11	-75.32	174.22
3218.21	-78.05	167.02
3230.35	-79.09	158.10
3242.54	-78.14	154.88
3254.77	-77.68	137.06
3267.06	-79.22	125.72
3279.39	-78.85	114.23
3291.76	-76.66	118.32
3304.18	-75.83	113.43
3316.65	-74.65	80.89
3329.17	-75.04	70.22
3341.73	-74.72	58.47
3354.34	-75.69	40.83
3367.00	-75.31	7.84
3379.70	-77.61	-10.09
3392.46	-78.03	0.27
3405.26	-81.81	-28.64
3418.11	-79.46	-16.64
3431.01	-79.09	-29.10
3443.95	-79.34	-40.13
3456.95	-77.83	-53.93
3469.99	-78.30	-73.08
3483.09	-78.36	-98.03
3496.23	-77.30	-94.26
3509.43	-77.27	-117.92
3522.67	-78.37	-138.49
3535.96	-78.87	-150.67
3549.31	-77.47	-168.73
3562.70	-77.34	-166.83
3576.14	-81.59	164.64
3589.64	-76.62	164.74
3603.18	-77.68	142.87
3616.78	-76.82	135.82
3630.43	-76.79	117.73
3644.13	-74.86	112.59
3657.88	-74.41	80.13
3671.68	-76.47	46.38
3685.54	-79.27	57.04
3699.45	-76.26	51.31
3713.41	-78.09	24.29
3727.42	-78.86	28.46
3741.49	-77.61	16.96
3755.60	-77.03	-8.63
3769.78	-77.13	-10.05
3784.00	-77.00	-26.76
3798.28	-75.75	-42.56
3812.61	-76.27	-71.04
3827.00	-77.61	-104.16
3841.44	-81.23	-99.05
3855.94	-81.10	-90.53
3870.49	-75.40	-103.05
3885.09	-74.55	-144.65
3899.75	-77.48	-166.19
3914.47	-76.31	-172.15
3929.24	-76.16	172.06
3944.07	-75.71	143.87
3958.95	-76.97	135.88
3973.89	-77.61	127.20
3988.89	-74.81	104.95
4003.94	-75.40	95.66
4019.05	-75.77	78.26
4034.22	-76.69	65.90
4049.44	-75.18	45.71
4064.72	-76.35	51.99
4080.06	-72.04	26.19
4095.46	-73.23	1.66
4110.91	-74.05	-15.32
4126.42	-73.97	-35.89
4141.99	-74.12	-67.44
4157.62	-75.42	-74.79
4173.31	-74.91	-82.48
4189.06	-74.58	-90.49
4204.87	-72.79	-118.84
4220.74	-72.93	-145.28
4236.66	-75.36	-158.58
4252.65	-72.95	178.50
4268.70	-74.47	169.06
4284.81	-73.21	150.45
4300.98	-73.17	125.86
4317.21	-74.88	119.85
4333.50	-72.98	105.22
4349.85	-73.18	93.58
4366.26	-72.28	72.32
4382.74	-71.44	40.32
4399.28	-73.76	27.17
4415.88	-74.49	28.88
4432.54	-70.75	8.45
4449.27	-71.09	-28.00
4466.06	-73.39	-49.17
4482.91	-73.75	-57.41
4499.83	-74.19	-79.59
4516.81	-73.83	-73.62
4533.85	-70.89	-101.79
4550.96	-70.36	-126.59
4568.14	-70.79	-157.17
4585.37	-71.90	-175.18
4602.68	-70.97	161.47
4620.05	-72.86	151.93
4637.48	-71.60	132.59
4654.98	-70.48	124.47
4672.55	-69.69	97.15
4690.18	-70.38	75.11
4707.88	-70.40	63.57
4725.64	-69.39	32.15
4743.48	-71.09	22.81
4761.38	-68.68	-0.88
4779.34	-71.40	-40.34
4797.38	-72.34	-29.79
4815.48	-71.04	-40.38
4833.65	-67.64	-72.66
4851.89	-70.03	-113.85
4870.20	-69.80	-111.51
4888.58	-68.02	-148.38
4907.03	-69.79	-169.26
4925.54	-68.50	165.65
4944.13	-70.74	135.26
4962.79	-72.25	136.06
4981.52	-70.06	123.67
5000.31	-69.01	96.44
5019.18	-68.74	75.46
5038.12	-67.83	47.36
5057.14	-69.50	19.36
5076.22	-70.33	16.71
5095.37	-68.95	-8.99
5114.60	-69.74	-32.11
5133.90	-69.85	-52.22
5153.27	-69.94	-65.95
5172.72	-68.30	-93.84
5192.24	-69.22	-128.73
5211.83	-69.62	-149.28
5231.50	-69.62	179.83
5251.24	-71.42	175.89
5271.06	-69.93	155.67
5290.95	-69.59	133.74
5310.91	-68.30	112.93
5330.96	-68.24	83.20
5351.07	-69.41	58.19
5371.27	-69.47	46.08
5391.53	-70.12	19.82
5411.88	-70.96	2.17
5432.30	-69.95	-22.71
5452.80	-70.39	-40.49
5473.38	-70.09	-63.45
5494.03	-70.95	-95.73
5514.76	-71.65	-110.30
5535.57	-70.99	-131.32
5556.46	-71.26	-161.57
5577.43	-71.64	171.31
5598.48	-70.63	170.04
5619.60	-69.40	130.29
5640.81	-70.84	109.16
5662.10	-69.76	88.43
5683.46	-71.35	59.17
5704.91	-72.60	52.29
5726.44	-70.70	33.50
5748.05	-71.07	11.49
5769.74	-70.28	-18.37
5791.51	-72.48	-43.80
5813.36	-71.61	-60.00
5835.30	-72.05	-87.56
5857.32	-72.68	-109.02
5879.42	-71.44	-124.65
5901.61	-69.63	-160.66
5923.88	-71.14	169.12
5946.23	-70.43	144.26
5968.67	-72.39	125.56
5991.20	-71.61	110.36
6013.80	-70.50	86.62
6036.50	-70.40	64.21
6059.28	-69.78	39.30
6082.14	-70.74	8.83
6105.09	-69.90	-0.46
6128.13	-71.60	-40.08
6151.26	-72.41	-46.84
6174.47	-70.43	-77.76
6197.77	-69.71	-104.87
6221.16	-69.75	-131.40
6244.63	-69.89	-172.19
6268.20	-71.57	172.46
6291.85	-70.74	153.73
6315.59	-70.47	134.41
6339.42	-69.30	107.88
6363.35	-67.84	82.37
6387.36	-68.44	45.39
6411.46	-70.11	20.65
6435.66	-69.36	9.08
6459.94	-68.57	-18.90
6484.32	-69.50	-54.47
6508.79	-69.89	-75.90
6533.35	-70.25	-101.95
6558.00	-69.03	-121.57
6582.75	-68.84	-160.46
6607.59	-68.47	177.49
6632.53	-69.35	148.54
6657.55	-68.09	132.17
6682.68	-66.70	100.55
6707.90	-66.33	71.55
6733.21	-68.19	40.64
6758.62	-67.36	23.27
6784.12	-67.26	-2.66
6809.72	-66.79	-38.11
6835.42	-66.85	-55.02
6861.21	-66.96	-97.78
6887.10	-67.58	-112.60
6913.09	-66.54	-140.04
6939.18	-65.56	-168.74
6965.36	-65.54	157.84
6991.65	-65.37	138.66
7018.03	-62.62	100.62
7044.51	-64.48	67.47
7071.10	-64.36	44.43
7097.78	-63.74	19.64
7124.56	-62.60	-12.73
7151.45	-62.85	-45.34
7178.44	-62.93	-75.95
7205.52	-62.67	-107.16
7232.71	-61.16	-132.84
7260.01	-61.19	-178.40
7287.40	-61.32	159.38
7314.90	-60.66	123.44
7342.51	-59.59	89.86
7370.21	-60.84	55.92
7398.03	-60.20	25.76
7425.94	-60.74	-7.63
7453.97	-60.56	-35.12
7482.09	-60.13	-73.57
7510.33	-60.58	-109.35
7538.67	-61.18	-141.08
7567.12	-59.73	-172.12
7595.67	-60.46	140.00
7624.33	-61.75	115.86
7653.10	-61.89	82.60
7681.98	-62.15	53.38
7710.97	-63.05	22.09
7740.07	-62.42	-6.53
7769.28	-63.12	-41.35
7798.60	-63.40	-74.63
7828.02	-64.14	-107.09
7857.56	-63.81	-136.14
7887.21	-63.70	-172.84
7916.98	-63.72	151.59
7946.85	-63.59	118.66
7976.84	-64.84	83.51
8006.94	-65.88	67.88
8037.16	-63.59	30.89
8067.49	-64.79	-0.18
8097.93	-65.38	-36.76
8128.49	-64.87	-64.45
8159.16	-66.06	-99.88
8189.95	-64.76	-135.91
8220.86	-65.63	-166.73
8251.88	-64.27	155.16
8283.02	-65.51	122.17
8314.27	-65.02	91.12
8345.65	-65.40	63.04
8377.14	-64.17	24.98
8408.75	-65.26	-14.78
8440.48	-67.76	-43.78
8472.33	-65.75	-72.03
8504.30	-66.25	-103.28
8536.40	-65.58	-151.32
8568.61	-66.41	-172.02
8600.94	-65.46	148.89
8633.40	-64.43	109.71
8665.98	-64.90	74.12
8698.68	-64.86	42.89
8731.51	-65.11	4.96
8764.46	-66.23	-18.95
8797.53	-64.59	-55.24
8830.73	-64.57	-99.46
8864.05	-64.74	-137.31
8897.50	-65.20	-164.82
8931.07	-63.02	153.11
8964.78	-63.10	113.53
8998.61	-63.25	76.25
9032.56	-62.96	38.55
9066.65	-63.30	7.41
9100.86	-62.16	-33.83
9135.20	-62.11	-76.04
9169.68	-63.38	-122.53
9204.28	-63.25	-160.09
9239.01	-62.45	164.62
9273.88	-62.00	115.46
9308.87	-62.91	77.87
9344.00	-63.10	42.79
9379.26	-63.56	1.31
9414.65	-62.75	-32.34
9450.18	-64.04	-82.73
9485.84	-64.82	-118.89
9521.64	-65.19	-156.40
9557.57	-65.08	159.51
9593.64	-64.40	119.82
9629.84	-65.65	79.84
9666.18	-66.22	47.41
9702.65	-65.69	13.66
9739.27	-66.72	-32.64
9776.02	-67.18	-73.96
9812.91	-68.37	-113.70
9849.94	-67.96	-146.89
9887.11	-67.19	163.00
9924.42	-68.28	123.08
9961.87	-68.84	94.27
9999.46	-67.62	55.96
10037.19	-67.95	15.30
10075.07	-68.50	-21.56
10113.09	-69.41	-64.73
10151.25	-69.37	-94.83
10189.55	-68.12	-141.91
10228.01	-68.93	167.18
10266.60	-67.59	137.06
10305.34	-67.56	100.33
10344.23	-66.17	55.09
10383.27	-66.97	6.34
10422.45	-68.67	-25.88
10461.78	-67.71	-67.41
10501.26	-67.20	-116.99
10540.88	-67.32	-162.44
10580.66	-67.51	160.25
10620.59	-65.72	114.87
10660.66	-64.65	64.47
10700.89	-66.23	19.93
10741.27	-66.84	-15.44
10781.81	-66.05	-60.96
10822.49	-65.87	-116.54
10863.33	-67.14	-160.87
10904.33	-66.31	152.37
10945.47	-65.21	108.68
10986.78	-65.88	56.59
11028.24	-68.05	14.72
11069.85	-67.87	-19.67
11111.63	-67.24	-76.67
11153.56	-69.07	-121.98
11195.64	-68.72	-164.54
11237.89	-67.47	142.75
11280.30	-68.25	87.88
11322.87	-69.61	55.99
11365.59	-69.24	21.80
11408.48	-68.42	-30.97
11451.53	-70.18	-82.33
11494.75	-70.53	-127.00
11538.12	-69.82	-175.73
11581.66	-69.99	126.18
11625.37	-71.38	93.08
11669.24	-69.15	52.52
11713.27	-69.23	0.26
11757.47	-71.64	-47.99
11801.84	-72.04	-96.35
11846.37	-71.16	-146.90
11891.08	-71.20	154.83
11935.95	-71.94	120.11
11980.99	-69.70	74.84
12026.20	-70.01	20.11
12071.58	-72.86	-20.99
12117.14	-72.51	-60.79
12162.86	-72.74	-123.40
12208.76	-73.76	-176.75
12254.83	-73.41	140.52
12301.07	-71.12	92.08
12347.49	-71.39	39.04
12394.08	-72.17	5.75
12440.85	-71.69	-46.95
12487.80	-73.13	-105.70
12534.92	-73.92	-160.85
12582.23	-71.95	152.96
12629.71	-70.76	95.84
12677.37	-71.79	54.08
12725.20	-71.27	11.91
12773.22	-72.14	-49.40
12821.42	-74.91	-93.99
12869.81	-73.44	-150.33
12918.37	-70.97	148.28
12967.12	-71.61	95.81
13016.05	-71.91	53.71
13065.17	-71.10	2.19
13114.47	-73.36	-49.04
13163.96	-73.91	-103.79
13213.64	-71.91	-171.13
13263.50	-72.61	128.78
13313.55	-72.19	90.51
13363.79	-71.51	40.97
13414.22	-72.21	-13.54
13464.84	-73.39	-62.33
13515.65	-72.70	-131.83
13566.65	-75.10	167.01
13617.84	-73.67	125.45
13669.23	-70.81	74.43
13720.81	-72.94	18.21
13772.59	-72.53	-24.94
13824.56	-73.24	-95.03
13876.73	-74.20	-156.04
13929.09	-72.20	150.53
13981.66	-71.00	94.89
14034.42	-71.91	38.81
14087.38	-71.78	-9.27
14140.54	-71.96	-75.50
14193.90	-73.89	-138.19
14247.46	-71.43	165.78
14301.22	-70.97	101.70
14355.19	-71.96	55.58
14409.36	-70.84	3.64
14463.73	-72.70	-64.07
14518.31	-73.99	-121.71
14573.10	-71.23	167.20
14628.09	-71.69	107.07
14683.29	-71.26	60.26
14738.70	-71.78	-3.64
14794.32	-73.75	-58.93
14850.15	-72.91	-117.62
14906.18	-72.27	161.55
14962.43	-72.58	106.58
15018.90	-71.31	58.22
15075.57	-72.13	-1.35
15132.46	-73.28	-56.92
15189.56	-72.65	-131.41
15246.88	-72.55	156.39
15304.42	-71.55	99.90
15362.17	-71.18	45.98
15420.14	-72.63	-12.57
15478.33	-72.85	-79.88
15536.74	-74.33	-159.57
15595.37	-73.17	140.14
15654.22	-71.37	81.54
15713.29	-72.36	24.70
15772.58	-73.05	-31.92
15832.10	-75.04	-110.05
15891.85	-74.80	177.93
15951.81	-72.75	116.45
16012.01	-72.53	56.79
16072.43	-72.74	1.18
16133.08	-74.59	-68.60
16193.96	-75.26	-137.14
16255.07	-73.42	148.37
16316.41	-72.62	86.52
16377.98	-72.13	30.71
16439.79	-73.76	-38.30
16501.82	-75.75	-100.13
16564.09	-73.48	173.41
16626.60	-73.49	106.15
16689.34	-72.40	50.11
16752.32	-74.14	-13.55
16815.54	-74.89	-73.38
16878.99	-74.43	-164.48
16942.69	-73.57	128.28
17006.62	-72.11	64.45
17070.79	-72.83	4.55
17135.21	-73.53	-62.41
17199.87	-74.70	-153.59
17264.78	-73.48	142.82
17329.93	-71.52	70.80
17395.32	-72.38	14.07
17460.97	-72.68	-63.00
17526.86	-74.39	-146.89
17593.00	-72.12	140.79
17659.38	-71.47	69.05
17726.02	-71.57	5.89
17792.91	-73.72	-76.53
17860.06	-74.57	-155.38
17927.45	-71.68	125.94
17995.10	-72.19	61.45
18063.01	-72.51	-5.23
18131.17	-75.11	-83.05
18199.59	-74.32	-165.86
18268.27	-72.99	108.05
18337.21	-72.21	51.44
18406.40	-74.01	-19.27
18475.86	-75.00	-95.08
18545.58	-73.70	167.39
18615.56	-72.45	94.15
18685.81	-72.49	27.78
18756.32	-74.55	-44.99
18827.10	-75.29	-143.79
18898.15	-73.91	134.23
18969.46	-72.82	65.46
19041.04	-74.75	-3.17
19112.90	-76.29	-88.39
19185.02	-76.76	167.77
19257.42	-75.49	100.11
19330.09	-75.41	32.76
19403.03	-77.37	-34.50
19476.25	-80.11	-137.93
19549.74	-78.02	133.04
19623.51	-76.65	62.46
19697.56	-77.48	7.29
19771.89	-80.75	-80.33
19846.51	-79.61	-169.13
19921.40	-40.27	-18.02
19996.57	-77.66	38.01
20072.03	-80.81	-44.39
20147.78	-82.84	-148.93
20223.80	-79.51	114.69
20300.12	-78.69	56.04
20376.72	-81.14	-0.25
20453.62	-86.05	-85.73
20530.80	-82.54	134.65
20608.28	-79.53	77.17
20686.04	-80.52	26.91
20764.10	-83.68	-41.70
20842.46	-85.45	168.50
20921.11	-79.51	94.97
21000.06	-79.16	36.10
21079.30	-82.38	-34.98
21158.85	-85.84	-170.24
21238.69	-80.78	104.17
21318.84	-79.94	36.26
21399.29	-83.22	-19.48
21480.04	-86.50	18.54
21561.09	-81.38	95.23
21642.46	-80.76	42.31
21724.12	-83.98	-42.70
21806.10	-86.91	123.78
21888.39	-81.75	77.82
21970.99	-83.67	34.77
22053.89	-87.50	-87.15
22137.12	-86.84	86.87
22220.65	-83.12	59.97
22304.50	-84.89	32.91
